114
33.523653999773806 11.457576694498995
54.04958996429545 58.727969886737476
53.54562080715737 45.738852691317646
16.56320698749879 67.4098082121454
32.608446375113076 17.73515196296519
70.10894977692189 63.61422022651264
94.5900553428046 59.979379926615
88.53761747522809 18.15649874086581
25.021929058065183 79.19582937075559
43.08869847967068 71.95797058969971
77.60025791458418 82.87939485489859
4.939377227572828 23.3565222017985
94.63821229659264 11.422488665951159
7.010613239134688 19.73301181112832
19.960836780688464 22.97345383887229
73.84094627753548 26.962376141169
35.57538428989788 92.49499935556538
28.261758553840764 63.587548991368095
66.53290721707118 76.655029937672
2.6834808281543943 46.864764377188365
14.855749864309931 16.295320514772747
8.032015730031006 37.00593084509502
2.5450753162523654 13.90031374969496
57.78641702278476 35.3000764126164
60.28215115003136 15.989551389524781
53.17254527895007 70.97370283102057
67.32832655512831 5.315652283470429
72.21337878071043 70.64593587046187
96.72228629630492 99.18763266929761
3.507727075183642 46.34378254521829
19.169322104163655 38.60461280400319
3.518490008371944 18.94248053715075
68.51450935027557 2.7513849553569947
54.7363299240079 22.12647638361892
0.04202123515142375 7.228260671414399
29.712489860622238 1.0183346985366049
35.41732270122226 62.02809557080815
58.27942365446926 43.9781497907011
79.61293186708227 87.07815036836209
27.644490559102163 31.208639189561737
49.354760309784695 46.27344157357523
72.7209827068458 36.31674560297646
44.47607872007483 90.23948634169821
26.10372829851555 54.33934838983122
42.938684400155005 60.16721834480925
28.99560808677083 93.73331465249038
16.001657337974596 45.503851258091935
88.2211656596042 11.155880306671872
13.454328902841183 82.18468446443889
89.66723407893976 79.55652817530088
72.10478722719273 20.56650170253167
80.81106373656556 85.73964843844055
88.4406642671368 41.75658257360788
18.55009908114433 58.349139063550545
22.72523227942258 86.36897219553758
81.70513892355862 21.93026137383366
24.180368989439206 33.320905153012404
9.349112235828184 3.3562317502139005
72.5177114399147 26.858525157642188
4.338903077013622 41.59925619413817
3.3806356241268154 96.79177822628772
55.758424835092754 58.069038628509276
87.07055318217769 22.09510416159751
34.914384993939805 24.262833352674818
47.83617748119147 88.50011621633934
72.46783277899762 2.844041521555063
25.284911388771224 43.08722699124425
0.4078468672344515 13.551354828358908
57.22959197968228 12.860832771234032
62.60419391373537 74.1042289330239
19.89310570363222 38.359855138847145
90.42215233410677 5.249933920733385
81.2766640510472 79.41789163438979
63.90365689967184 42.932885092073604
71.81054538078268 84.00028152775081
95.54635700666823 54.23075636138381
58.05368931223527 7.295116177246285
70.82736581444856 87.90290492463917
33.71170851298074 54.4253329571572
84.53712159042406 54.002657648591764
81.46341958243177 13.957871287132184
40.39222063984693 93.52614251543038
36.20889117475984 69.65584948353622
74.916571845134 90.40906565652045
48.616933089701064 79.76214354439264
7.1446607781392 10.307134226277736
11.2226747082264 79.89609417738043
53.41700527799088 19.00690970058315
26.331576943176938 63.73701739021864
74.11470170105895 40.12003568904936
37.18561388141587 3.447705478156382
66.86962483695945 63.009010256482675
69.5737226708252 3.2850427747820876
49.17202308982458 49.833775153468366
16.141603666644833 23.922120780489752
36.67303234298418 91.36333408286748
91.21867327912433 3.4403879764365652
60.72991439544692 40.257582346591484
71.363280210687 42.30781350712898
6.7627488527346795 38.75231157500425
39.512006866506155 22.687459681356682
0.48871805184451667 41.843414978011836
18.730038971038798 38.83396769830492
43.11167251677759 36.834954362254315
69.18458002374341 41.210296197466235
72.09699762912162 92.39399202331924
67.16046184841733 55.06584538448267
14.322488448545723 23.648950718248095
99.20948961543749 2.7151983913926148
23.429285611449647 75.49121528660015
84.54832762006586 60.30148782489802
68.00246784631729 30.23579379841268
8.470822640897978 24.767564955522413
85.22482205570702 5.330354570548312
