169
56.00893724955818 63.07489476083299
9.424964427500637 87.53022956103979
66.3555887067662 94.77976705097228
48.73481723155094 72.85546826640912
41.08119706118243 20.416068372097918
60.121808748496605 31.704960014139772
9.867072996174675 73.89445646608573
49.21375830005622 15.172553454197546
99.51108187115686 41.33191030835947
18.76524148285945 20.184828605862258
48.97413901992138 91.3113753810537
12.21093097374981 6.592267221889148
65.37586862845846 54.907033644752765
62.74937980229789 41.21602670894637
97.06092573163764 47.43804677123895
11.691015834990171 89.34227045847284
43.15473269473718 43.86466220638593
97.77769133184269 81.49480619070494
0.13249533867144558 61.1498332240746
98.27428670301667 29.177943184901835
70.72586335240166 62.038749500156186
97.15142039629137 62.801095451055986
37.56728875980262 43.77435552519536
39.455548823452766 67.94431151159812
71.40089771287275 37.91615452626067
96.01510864283307 0.30064826947848733
30.322923424490632 91.95990206572834
23.45829552941241 27.93460353956988
25.51662313866485 89.19313896350782
97.7068559194186 59.94117833711713
27.722265130678114 9.485465526067593
99.53234068490137 60.81024679859394
13.952370405331738 61.44734473516916
94.04192642410615 87.14184297908643
23.043347221583044 69.20190095277097
70.02838072087377 52.70896734605503
6.488127222374629 24.79951630457623
91.18895543068868 63.17033386816606
43.78161976882512 30.50274038437435
76.36797529038483 37.215262081604614
30.885728134884303 26.493608999088114
11.019459773155804 16.754419727683857
64.43260163996167 44.97099088495422
45.19083217276992 38.105851592249806
32.051153828384905 75.1712907431058
82.34926810519588 96.44292871138165
43.88386552231754 15.608422872573191
65.08720643429166 1.2975566060465127
35.0351737689207 89.4763603159258
49.327648576606705 71.49393306578948
62.51213071131445 78.94507362262311
50.451091763971675 0.8356913172419822
51.001096429066706 72.30954886357715
22.50844734746743 67.91779893476576
92.2732593287511 77.59359682821525
62.037101128064165 49.49864441368979
97.86331763948084 79.22375513060574
13.982480199271697 75.04793244731397
34.56883865411555 18.15530116775993
68.31922878236205 82.21527254975832
68.28850305905851 23.721532546225976
74.76533304752543 43.68866411675562
12.874533211182904 50.92963631790786
88.32668203981548 65.76732521630545
58.36291238585568 2.3852845560127234
60.00040118524355 28.734585590079476
20.05578108648485 84.20281061557323
23.397047307590736 36.768865363802405
40.13326784527834 83.81109920637599
41.6008963573068 77.8055873392163
12.989131127530662 59.32259549749396
68.67057861329634 38.78001786002015
31.903866099019705 89.79244423706518
3.6650837431846606 62.243384629718044
20.531538460090538 58.88837109277388
8.965461760947402 42.94311037837261
38.09736260849191 33.87065327734542
50.58708699700117 1.4263022083847
43.24009838415389 8.78878264410985
93.3713307016806 99.16518976406594
29.627422016735995 87.02039557760428
0.4514728849475458 60.813466954255034
60.378779353229405 31.896726903596605
22.040835550422866 49.420927199070185
73.35219672732377 51.73126145524668
67.80432377411267 87.21235535376518
19.171208528409334 42.71409399558088
49.893513104703814 26.335989046823048
34.43864611448082 39.93804564222779
70.34535197974043 70.54129483992469
99.58653471171677 16.27927069507804
46.07098019675527 48.455074496724905
5.231465162196103 57.09073708502801
81.26595286837002 70.62755545894706
17.42968859666346 85.66770331032166
8.264704882218577 89.84197786002807
36.185367429758216 52.32531175622972
43.94787565156285 51.04757895260348
88.68735069522347 49.50301276229718
2.2515873939925712 26.421259535881212
57.844345259707985 30.322208623809377
35.86774758743581 41.75191663800636
10.724544665632052 57.09665361311666
40.001016192179804 7.289570587676719
80.14246396475868 82.79235786204266
81.89904380483408 76.07712282417076
52.138344213205855 11.099128353853372
23.224306417584685 80.097063673299
72.51290469669287 76.15894618600744
56.59483896486842 28.84464385372101
97.55991262450094 49.75023129742099
26.62778004781785 26.46737119836593
32.487533188001684 51.076203229995556
44.2420905963408 71.72572852825164
50.76824703681325 77.30560334772136
89.92979359003121 26.63704746786498
60.2727375075213 52.57523284494054
89.516829174513 74.56954446879833
31.646148022270726 77.07590694896862
29.169187090192285 7.361415199431754
5.38405750431995 88.19600062478517
28.881134950089194 90.95985223879242
80.79118402946533 96.0974034590072
56.87090881273801 4.812744458467478
40.77216521501514 94.33103795749305
33.36106026483707 27.73191903177963
33.46283103915797 65.74554942446876
37.94964731873216 73.96479774220404
27.998728063647782 77.38628002443178
22.36175634262947 30.136957573478096
65.5667313255007 67.891072186808
67.09488579075736 20.14152276371115
1.0663103087112602 2.3011070964312985
48.48535159418642 33.788546329304424
43.4860580421725 98.5260581046374
48.26868071766561 71.59619208174666
44.69255457106763 3.7698134963154106
86.64514549422988 21.229006710216613
78.8313411233042 79.50872442391099
84.74637104682452 83.37397705926213
79.77165841287797 74.32799865357464
66.48786536655005 7.207295246894041
86.2378520818399 85.4850064936489
41.907130277318025 24.96684151489902
30.796567800638076 22.272393194713903
89.67509069857455 6.43285449283254
10.265599374312263 60.64920419373926
58.58078563630649 14.97814415299803
96.26770216854035 95.9430531370287
81.48249468180111 13.960823977258563
6.450621996316263 46.105934295892894
51.1299632099809 79.17769435962784
80.58856833578028 59.3016549490255
96.563353693719 23.08745383869021
40.905524103969135 74.77151654878355
98.37531269935356 90.7018476413658
25.5341211163028 12.280835748564634
58.07650224395942 7.086319084463444
85.94835914168677 14.944423131432917
73.35570568508439 21.45291352501133
43.558877392305625 5.945032636154346
95.99111095624757 67.06166909311176
77.07283772442699 27.651572689845906
97.77294506751724 60.43771587353256
47.91588052428632 35.68672437423028
34.3788408565582 54.01680266418195
13.401213532548706 77.12599808195304
37.33951778656884 95.39874191315039
58.5099820405647 18.185034620622844
