130
56.9690219451252 29.720340624149088
64.74988792992053 28.538107301106276
95.69064804064035 77.44862965132401
76.8015532693349 97.68572528471296
0.39794658235767777 88.61911280631864
45.74835690585651 78.46188861415445
17.309691100176707 0.7813015845199889
12.544944721267425 18.523060530017098
7.4120430867961495 41.99788170611232
61.245063122964936 26.321167539626323
8.531908095803598 99.1330097247055
66.16940963023336 21.766206838210156
95.52381477222274 3.470743444462321
39.64905901929093 84.08667625198294
90.05348131182564 69.82647484741109
55.08519788697055 51.29342229112803
34.722756529392306 62.35931043403803
10.711809118348958 6.701755864269055
73.05540776765962 33.213423645609005
50.90223832146796 20.645591433456744
32.33064019316498 56.526735642418046
22.16243247043346 86.43070488805213
12.844929723679455 89.03954001048572
45.581603850277766 68.99809414807395
40.27272172809666 3.8582186770188986
61.911593637929805 30.65834817484461
64.60793178389856 44.58324482699243
95.64114565730868 1.4184798235079454
19.596786119193943 46.13810778019416
20.329278938878616 51.824967028470915
20.129373395470985 32.00538819211053
58.81015700977511 87.65393252120836
80.54883894141682 41.08320383883067
29.60572247109594 67.3463442872005
88.99553222593738 71.52320863322579
37.09558385253715 18.89974036899965
79.2922313146341 81.58177306661456
67.2607842207427 22.356541246616292
33.299879973268276 61.97455496056775
84.4791400993223 53.49823249902496
22.769238365096346 17.590238091425114
70.62397015268522 44.546303115955666
23.374099850695885 43.68585204780784
16.261510255730894 31.71752938470853
11.951014775873315 95.28453489716952
19.44149314662337 20.441511702905814
70.99683110752036 3.5017520391317336
88.04144049573176 41.2917776253004
10.660890656918587 83.42797005719032
28.753063722901096 58.40926761148396
47.513028175327165 0.24787356061005683
88.69353795149513 84.94585486048767
61.513894545561655 38.51866913687467
45.01416766416496 2.722558017059884
1.168457431806058 49.75805263514073
53.44856270465201 43.30467393373901
21.51186579145399 33.777027589511086
47.589283986254 9.167450291399348
60.83231031617661 86.77397866956596
16.861438563568576 82.6073740438559
60.574486445799515 69.74725496310884
57.696146094466094 96.88304156479344
95.32803923927646 24.88348496068289
94.90973567485665 94.99954283606576
70.35051210804508 35.04169250038222
86.69355374957235 73.69354573186077
97.28414010580727 28.041649440577544
20.428107747367996 38.36138463418772
26.27026207476654 60.25914662179074
86.57854155832105 99.82260501051259
16.025962247651503 2.513235610293141
64.48396697424539 8.386012251452701
78.41289971420326 81.54363094180638
48.90248520390878 71.68852969761508
97.07704169493758 51.27552866618925
21.348480661431456 85.71273313444071
66.09663763811514 29.068379510639918
63.12429747653026 74.47445987508016
86.71247145545225 49.47036807387543
67.4417697630707 40.71179863987441
25.13039410647131 17.62134864159122
25.067849977459744 13.689230935711883
69.20066661909821 79.53170971657272
80.66575563384913 16.377429838346213
45.59374606149385 48.64273395232187
38.98825774212791 1.8735299067776046
50.72990968667003 47.15994483749915
36.636945954119746 49.90113138208856
37.279697087766614 27.025791661704368
84.36106462479367 79.7416044075117
23.58080823389399 33.93981274110368
84.52344799569893 71.00935874328945
4.726915334507575 48.2286773095259
26.981417494698047 71.46058999759474
4.7874430028702175 80.01412427992261
34.432889577335146 49.9104333063698
87.32006208651728 91.63942409638608
31.2833991821009 69.53321127552806
0.5867509440687813 30.37910128421899
69.630908280573 22.82291504632834
30.039336496879997 7.54406394681717
95.47315203343351 39.80136342485855
10.132727893731753 15.369980518062231
19.77078683606379 27.574419322327927
26.63106858376412 33.524874383175586
58.72864589551641 88.16819197316428
99.648680531656 77.30428217063192
61.69021080250347 35.299977485323296
77.544215827876 0.3366886619763032
81.7335016210352 64.66063969259201
52.79436426263213 16.442344633724314
22.167538541511057 32.23116373053567
66.16774700500568 29.12858115782846
14.18696880624658 61.786918400745805
33.573647265821705 43.606709356253084
70.2264191495095 35.35074199779178
94.08757802326839 67.58762708074896
73.99162707435639 99.88787945837666
20.455929505648463 26.339812916164274
98.09335936093802 98.15550787000488
69.69990132343985 15.581057071745452
35.696013037830966 2.8116569605459607
15.194804238364545 17.86458369213103
85.02626498101725 62.33868843803725
93.77186036687868 27.741801529447073
24.862815327794774 13.08306948533361
60.68536548697851 46.424916704934795
70.3227083819779 70.39900251633817
98.61587857428992 6.279859170606095
61.23805392615519 84.9487072189026
