164
71.47380858789106 32.59198287041082
49.74944583069819 82.0183668006844
36.60752766973726 74.87506648570523
20.902260430073127 71.85739459285976
73.64106710955843 75.2501715196843
28.708653640291327 16.179794043122286
37.683739856495436 84.55828431368812
79.79523517558899 2.8270832427071624
30.706705167178562 90.04934751292024
47.13285162891313 45.472845607038415
74.53623450891838 46.095924641966555
80.19460733281518 30.47253866384777
77.68272771336522 19.04826325138248
71.16615572739782 67.79412750369764
40.59020105846199 10.91981032850856
60.60067091082413 25.58015811062169
92.80675687637043 26.462109651149156
69.4957749823706 71.5810813587428
61.41094333383415 99.13797340579697
26.814847573600353 69.01078729754529
58.702110620943635 70.29638722731772
81.45038078492209 83.06510687264274
70.26466449780614 32.7309645908293
86.45425117925892 6.802345989933622
39.983933183769835 37.089376018120355
9.447764706386064 56.35234582168188
8.853156034829057 97.18503621847316
79.21156425982475 85.27120522619958
46.86946817146601 6.4722616051686055
50.267809765502946 70.61483313444181
72.89031358051203 63.616520001676115
22.223678452962194 38.96161577767372
39.8354203255512 24.769143121777827
21.19559884418377 19.710472435603286
27.93724011223867 75.03536184996626
86.82235108761076 32.53335379712854
79.67007178155208 3.9975214030898654
32.73875791523423 10.201535637634617
62.36771903123206 78.7230029144626
69.59205983561137 1.7842820271923188
29.5606978195574 28.703659909034187
51.34419415600837 80.07787226653986
65.82890170368024 29.10911344231131
45.96505490482761 92.29139057304876
39.179631194159036 27.375046344835585
30.072847467816842 22.297877151064128
22.267826214349018 38.54200418821478
82.63387262933823 99.31792672320003
88.83021951959333 73.0671891051445
68.25262137742735 96.6258208839683
26.604675342876348 60.31724225219822
82.35178758720491 99.19507673785303
40.51108270554735 35.38544691547602
38.05382328678903 5.357842254173272
7.749589775755239 39.92877758688316
13.875749595797494 30.237058363791636
73.50083136584514 41.70323125095068
2.760441994763163 81.27259637506432
80.81919995891677 54.57465651535735
95.29463488096651 25.460008217847673
24.8578066875627 80.39958988563568
73.6897218168586 90.8680434274619
92.34867681806621 33.27929833937363
8.558973553851379 93.8399559335415
12.530142963891445 98.48530798074711
46.49505840360847 59.863587540038665
41.17251933900895 4.46041533396998
96.48546153698622 1.6666209518960695
67.11724473269769 92.86421514824205
74.05092498874272 76.31751390494908
93.40088255808827 15.095406170302294
40.01124757192229 59.70288619872014
50.881924078932926 23.56142532434703
63.49887762367451 0.8352186522848082
58.57616853998475 1.9043075442370605
96.9595839174309 42.467848543687616
20.495634155464426 89.16972135467024
74.79358137409903 40.314394683835
92.86877779170378 95.22480365062535
51.756674464718714 81.5453990959529
45.80406995707984 29.088835831403724
55.62734549926414 5.887566369963415
80.61886348243904 16.25213016823359
24.612966299941718 96.61040355593305
7.837738497299219 58.23932200155093
39.97845771816998 23.271299043861294
82.94254827273082 49.9129599033578
20.80548088799057 6.644684278172408
13.692717573575575 18.1165704172347
62.462516208628585 99.57710667981642
34.613969270247665 43.26952538387948
52.04220854743284 95.51273035438219
40.709352212548445 13.103640960747153
38.82863001032176 41.48895019131572
19.0916890620752 2.3683751956351418
20.878914532547586 42.24068428673713
16.07352444681319 1.5415953414198325
20.73019728266613 56.52961647313228
40.468758931477076 79.07681035949511
77.18292550206245 4.159747518998847
13.653712669222928 46.410520195347125
23.83283189852634 82.68948105478978
85.99354233722353 25.895616353543694
11.828852548118117 34.719113963485384
54.745268831054474 81.75362382325409
21.804587063550642 75.2920788507592
0.681015641117344 2.9011739767926814
77.79451753393694 92.27540742114772
84.61452457478019 26.243089891120373
35.609501181870925 1.8914109115232725
46.50639770467535 35.619750427889066
98.23813208985625 58.64927533389939
52.37416310956735 15.341619340400792
60.72387715037384 18.694268958016313
78.3013249954212 48.04338446083588
67.85537277008565 92.95146965768484
87.63337149629926 87.3485524233528
12.958651645417152 77.98348596528136
96.74912177297169 64.67679359254686
45.173441609320875 64.71060639030615
92.21354989776228 80.66508568884127
94.49573062736465 38.810528295928926
71.68412261464275 87.12791043137022
3.3668406562734177 95.171329983663
47.05397478181145 21.462492374188102
85.33763336930976 67.91735502497536
32.225451834060614 33.488085977583225
67.44648397075633 7.802070612221401
8.065506892181984 57.63828145222668
28.272181464655834 31.80290884395145
17.75794855967544 45.1477315315162
7.765154058888002 0.5810817349590103
50.59018983037773 89.658379454363
3.2142242306642865 60.680596090958176
8.29963349666184 57.651891421233515
57.471559292163036 62.55361928332632
84.55339560612306 40.439428333884706
57.083439835530434 66.25405804958996
78.33869494006149 21.856204663453337
77.71635999660674 82.56879293122925
21.632962689517242 47.92396594828835
16.002670889714665 43.694138382556304
81.32837099544523 2.862391302724787
77.22981024014777 71.76676992246598
24.41936343853328 27.442138048119492
10.239162919538114 85.10474823357914
88.16469856542585 39.16570991313362
31.730217080044078 27.24637996429905
31.69099930247058 76.1379533578606
34.24164273499413 69.1180150076365
98.02851318488072 11.404999493920077
6.953083014741268 39.419311900370246
25.371659234001896 5.724684530106227
30.092849345285956 1.468231199363046
8.653628515480715 51.28897771322391
71.5652919344552 6.630014735899636
78.49047936518703 23.845899943878358
53.21491740391207 62.351890259428004
8.969300395206437 54.07415853427365
92.19202282187793 98.03399767257855
21.395561794393814 10.935520870540827
63.52292969749214 94.9287152082991
41.736101893290964 23.918475971348276
29.846506881004576 18.210746532679845
