104
8.415885415484126 70.8609449412923
90.63888120030249 96.68891739152166
23.030155247528427 88.4364208981141
25.57435795033286 95.31180774722434
18.08100657881817 98.34646074258146
45.62249371225355 60.871500833994766
17.3309100975211 85.60573311959627
94.97715986884182 27.770229990807714
35.335966078028555 69.82997258623185
74.02975986666867 32.89356188877765
97.92048623443088 90.05893493194247
80.95794516657674 44.36603004983732
76.86101820402475 4.740745034594685
39.16437653853312 52.84835597856434
46.21697507440474 48.760745381796845
97.67951746950658 33.50969993311794
76.27754986295744 77.31933628689686
27.112419527328658 70.50038670556448
31.072244628866642 73.21357475920422
93.18707274592192 73.29804647895443
33.59088454479172 96.5426062132528
70.55814175855913 28.475309582594754
20.666452839811356 13.57887742739602
37.36823821164634 28.81324080552726
1.8778368625717246 17.628255533236104
41.25288632552977 22.456036842403293
87.97897294822059 22.027780053170343
1.3634104717112683 95.99764975700347
44.13297141939066 79.42317101148774
90.82606062867463 53.24574397711953
17.094842452710303 70.188256629297
60.04563265412563 33.75647430270047
24.43540326461934 91.50287652842103
56.61913479575751 57.6409826029886
67.08327553883929 5.8633005371985565
62.72868202253957 62.28416038149788
73.68626905217982 40.742679993622986
63.301970020120926 69.68789858407503
35.078179873210935 16.14263017862094
62.31808329005276 51.975859207923946
88.25286846264976 37.370184368544635
36.51982041474524 45.93890690996684
51.36415722381913 69.34359510512245
97.79302069381022 95.80042120848078
92.82511483446736 28.23836695379862
75.92422202219741 1.9150731592859072
96.9916937483012 15.340206590139694
4.597350572695591 97.07822100085185
90.95218017234393 4.868451129138707
79.92463268514663 62.34124506854359
10.686570706189013 74.42291282543614
68.68211756200746 76.55505284890688
2.401719251428802 10.24812346432088
17.042234221400033 35.185698796451234
11.878099900130579 23.404602670398255
21.093577513832106 61.19085935224863
21.095614208456425 76.28513111199125
89.250460420572 64.21703152743733
7.138923017696952 41.68579225361402
59.660076327900505 10.493856020963555
11.98649942053196 46.548320591571766
55.47321864640472 18.38375374867437
38.3704797934605 26.953300887922317
78.44760389021029 89.42786228379222
33.26901649341612 33.875852858241764
33.99517080048123 76.50275681127155
36.90097579694031 3.5472685321555453
45.697640552684135 97.69590020611342
40.56204822779704 3.6124491312571227
70.3442308459816 51.63018226300645
71.91303896982066 72.51848559526593
31.782526227000574 91.78631190286572
78.61674995722944 40.875231545098266
16.29690804864993 17.081018913198566
24.296473999379764 43.97228938261824
17.026693406668635 22.298926632947026
57.09187599698219 3.0546706592754935
93.10482560073518 15.704227872134457
2.682441744401265 65.57961743694189
51.4045025156022 83.0764105133036
16.7020514084114 97.8098189792215
12.328395657388025 39.032038478104255
86.50712138090944 33.3131136647119
74.08706283033946 44.097573007966254
36.92381111519036 37.832876006532004
39.824831658249984 83.85414640862767
58.90942432203513 78.92408144426251
39.66389799752721 8.66350502507711
10.113987762601806 16.052445309717665
4.956782536074977 48.05761222435623
63.720760028119926 26.298538826923423
85.77456958103657 41.89064693741247
25.15734123773713 83.1754029860889
47.262029137333286 45.27724893956415
43.63747265340808 81.13545038235456
63.415677726832 84.09636641853069
65.6086788703406 27.457254429982747
53.84160271775177 33.2585856348227
4.944699997257129 82.46602879943535
20.859603719212572 18.673614752608124
34.779945574777194 19.47689079353362
96.98391240859031 55.653156849373396
75.12456508954321 43.069520072614466
30.709793853660837 81.55124583516148
