132
97.92337628234029 32.738081953261656
87.12169729172317 89.53882365421018
46.87455849853577 37.84575431569278
50.09536124335718 61.80787209566684
46.29202625156276 9.314157704553573
22.129358332933702 16.640240088275714
24.09352215483218 87.7493992528803
94.01772500750242 87.25795278876718
22.58551287411149 51.78783397532687
67.61659649221777 63.39604866098293
14.299060890822012 7.040439538811349
84.9978188303334 97.05692834354726
1.6720839931008369 56.41125815004994
86.98577303160287 48.484154731897874
14.026496458590742 6.274985055911109
90.74792409563246 47.071320253081474
22.567122417495234 97.80621693812965
67.15023968585422 26.925369124975163
17.752820172281837 65.33693887187992
50.42136122185097 77.68072715691054
81.04468322238115 43.313514799233765
79.36733051926979 65.14682127101813
37.95765983808172 36.845352712897515
31.598371412143432 23.13386770375977
67.83954857702629 87.36345835512257
1.8467511774178047 52.2175820937168
86.76669810936151 75.46301267054055
14.16653244746221 55.76287529896283
32.38527886149299 59.997812337697354
94.58884481569982 93.83744343887814
77.90104848738585 28.311588358783023
20.384551334743726 72.30285468597872
18.296152622620944 56.5136607994057
9.266984427376235 56.07545524564943
55.69175831655422 71.10844474346763
54.69723332243023 11.163637025223473
45.76899434058313 64.74439216465133
72.89664503093498 1.0572242300314172
45.99361038330206 97.89225529342914
27.79977390074837 28.904359794113788
69.09274251943691 68.33751207672076
49.392194040659156 97.53040305316073
66.52208331525945 9.898164103467334
25.321154143652947 68.79341059207616
30.33043148077511 81.11733397819387
98.50006006058723 57.1255026392398
10.158042543330936 63.73793474009213
15.94576898436475 68.02599210983979
8.0245144205753 27.522127458565247
11.006198470799166 69.20124018106303
62.19282379528076 65.91052026401
70.08992852410665 73.09113385524527
13.257030281090888 84.05506548518609
54.349736665060725 82.6979407489747
53.719731893696675 64.72165945764225
96.18313291651093 76.36967357124999
4.956596141629066 86.63619557697557
48.97469511322476 68.58388386050703
89.72739125536935 48.73852199880309
26.680512575017367 7.104955442540895
36.97483618522156 90.028829987413
99.44009825520992 43.44963043652502
82.4790650264764 9.367798492447644
26.0374002758189 69.11701265129159
11.386556588678975 28.448104554275012
46.296315796621634 87.46428555100482
55.404857913956974 63.523315907544784
24.226285318287598 36.48923650794542
66.9960575560359 38.33158668746574
21.310345173622757 98.92584792665295
19.980111181960012 59.09848650768657
36.45705862163855 75.98244868308515
51.103499384400095 70.80097615684339
53.600530859389174 24.862963915091697
36.89294212290704 57.02602999313682
33.57899638155345 37.01692466203329
15.789987918745895 74.49031601039015
96.53619653328582 17.15483296484166
9.509194109526241 82.60275845649134
91.89546660339317 80.7981551101773
14.40975395063453 59.56013901236813
40.895061667926534 41.987423806372114
88.77002870130406 94.52356430994615
84.1748874549003 94.04599787614617
93.5163731885302 53.17760548191733
38.945049372614626 99.05838804260861
16.55079344085817 48.368570944062206
6.763197021360845 32.81273979075314
1.8942450511222342 89.11479154858623
27.445284487290156 78.87381207400813
91.85926602473916 97.09138582674194
36.98543755896663 53.673071095489654
92.55524702716326 83.54561753264647
46.24211271791555 99.59698714366233
55.535008872378874 14.268522500680403
64.19221655189695 16.609624719451975
42.9291298602194 64.85906597178092
1.516913726846414 17.211986701146532
32.864316615718195 35.63236178376372
49.8475994136097 64.7760921100583
20.250604220293546 52.722085837803114
73.65528941026457 20.29132655914323
22.78744457099927 27.00290678455646
5.028599888347984 76.53512044033484
51.46472557160513 55.93380260378359
92.06376476280396 38.05079177034527
34.41416040873564 88.18516817837062
40.213672733156336 2.7394438490332185
21.96712210529833 31.795253006626623
61.30447909275604 88.67865855144032
28.701831380734035 98.80266783067387
88.96217806911974 71.39512098525157
57.239458839569814 67.60566236787847
39.44324794270814 35.19892710549294
63.70070256752043 25.64906554798133
5.681578895357897 85.61135892631646
92.10446119777099 73.26954596370551
69.0443619777238 93.08661443103495
16.821456088814557 1.6902819892681165
50.94020898642281 22.124777504155247
74.03612154814077 93.92825712789435
13.656834802132046 61.4820348037783
13.06786238772759 23.41952753501667
13.1032789388404 77.20261075215177
55.12747450169281 24.378232837618885
45.18568789507857 51.464475206307014
55.171773068659455 54.37225144249754
97.39333383021129 50.23393420975219
32.88569102209974 19.543476914754145
80.02575145369487 3.496056468985742
54.91051284343581 27.628667097282865
99.81304504442494 96.40620109595429
