119
9.31432258799868 99.35409693559426
7.5909955445048745 60.89932975068737
52.67316977343624 58.075818983043405
72.47563907534091 98.30957608813117
63.043783998617776 4.264031721786532
73.34626147825458 33.64032754786771
28.045097559775613 48.333320001389325
88.94583991139612 68.23515300931699
19.985739461977083 59.998004177400546
95.89373353442963 33.904203320438754
26.500544416376236 18.525170124822587
91.72126944146575 24.5728895876803
18.23868046271082 38.10070300021952
75.0855820150565 93.1656402478431
31.24545249007199 62.9375759444734
91.31113076340665 35.214062234307505
55.10205231376036 42.77015284341103
21.63399196423237 25.167308239956952
66.52797252363992 74.20451117482432
86.11028433306804 72.9636837232903
98.76993306604508 81.84060046461558
9.133063297945988 32.74796015736672
1.0631204186793974 68.64242721827313
95.80069101021046 9.219050572862663
12.00151248806196 48.89846673434665
6.622586591828417 41.068173485967066
18.147784663628276 34.74350109211288
53.768403456704014 78.478429519955
10.206130891981092 99.62205159593152
55.36435405200804 80.12646972816485
13.6596334124791 15.640262304430742
43.89523173693214 77.7626225371279
29.618997632863607 61.951534187567525
75.96727026275725 77.66698592332733
8.401497215152954 82.64158752315033
72.68570807251875 76.80347160166907
31.515782956837935 77.62434398511607
36.72694643315232 37.45028305898332
23.31141196312114 74.72891983711494
61.06761011566769 37.23872448210863
85.33479685796071 34.132247998415835
13.569240637576819 14.64971629446098
21.396180245887297 71.17608217607797
31.71958473697497 47.06904085905691
2.117452413067844 72.48393479437662
77.06941607794923 33.79256266724985
3.3919546819587643 70.02567553160068
5.670197599527893 98.85019299497147
41.36762799539777 80.69445417421655
6.601851406289616 32.134932190443955
20.059459747346065 96.03054009535032
37.05814528765222 56.2028768143388
28.381912503602614 42.940573053251754
61.5974272680748 12.995998983274637
65.72306952923375 37.287672323057286
5.318404646290064 25.834044429665028
12.322089041688267 73.78263985788139
61.43839666555352 25.47734158708814
32.62233616129766 93.62487910994648
48.77490792134169 4.931075657850837
1.5407631614941741 69.47870046909675
66.17209181025704 6.444159392813775
98.37298939557351 63.88867600052597
36.97269573664907 12.91472210498461
10.879129690331446 98.71280329342731
69.96352080721485 83.12750340527299
47.0323357267995 98.95719704675197
23.570315699937318 76.48196179526083
70.79720619176662 93.58548857412285
15.452910177308066 31.675979422219093
31.590212141384455 77.15089936875545
25.018673607763308 85.07482470105475
31.456080314945577 72.10945425467688
60.38993031183912 88.7082515646388
42.268946749390544 49.18699169435969
32.10704830852013 80.93723670959923
22.4163856367511 29.687688597848606
68.2513478865067 98.00367835752388
99.55439407225079 21.91415337838758
84.4859402716661 84.03505573544965
89.58381195840511 74.66777303110231
57.249841048916764 14.356339704909027
79.86226231392479 69.97886668136748
65.514704655771 93.50119070066901
11.002564146621319 69.11141881976745
58.39802165938618 75.26520076292823
78.03858298027728 78.74023682858812
23.248282172481904 74.58801278555457
49.412922170187656 67.81448543251297
99.14677562433322 91.9453032847468
70.11221989918937 75.34825128421951
54.036018588179225 78.67103481628601
67.62994017998464 28.330839467068948
94.65707454986183 27.04740718152613
48.74269968744124 24.958757201492155
48.7461820068918 45.7123197863251
38.757236502731786 36.74082757492088
29.663706266671685 86.54133854500097
22.18493417299452 16.770254532839612
60.94420867445034 86.69621555114828
44.22789254607331 37.206225579977584
85.07950591789992 40.28928123944733
49.87413890048865 23.577191608024762
42.03760923315731 15.75160212132306
58.41583942282917 86.08952322291788
58.70612910487431 90.03990658779931
12.376317769416822 3.6330041875362595
91.7656804600211 61.46456291090958
43.73893035573806 45.30103357508843
56.2613529950707 16.739605264680346
7.968177716395131 81.39792580255553
92.98486931399313 37.63215863213652
12.221967185454174 18.4235657321537
17.656524149164966 29.800506285961703
69.32231388163163 36.7021407848305
43.5999859027173 94.50379451347501
61.27013571725921 29.8830941806835
44.27218189019507 73.69070022131078
65.28793445261726 38.190289971436464
