126
39.278687692187084 65.27253894273773
84.05467590105017 74.39007344299233
51.72798418432223 0.41124927305442593
93.00092465762546 24.343653970077494
98.57152087288684 36.64100800954887
35.210553341195514 91.13197017144707
90.77271384191515 0.6433412205465117
19.355657599547516 24.088576730186105
65.56568349415532 84.86880166068731
43.01737769919837 81.29478111805777
45.49257130403588 35.93538192415876
33.20080009573972 0.10251939619357886
40.31618008203106 13.041468477071183
25.38832656012221 40.88465215002479
54.1212563941973 8.347330159235277
81.36561906337188 28.185661192558918
59.02045958964337 73.82452609746566
20.624096506130186 10.005867445430683
44.030174964516334 68.80425367342532
49.73963868392991 57.572315815154695
20.83240146649662 27.054529078425126
41.02044350587557 92.23658825059384
35.5147879631326 93.3513303612605
50.11910563661498 64.26677730536615
99.99361313487492 92.54906113838864
13.580681976443786 73.49843096345477
97.20126684656006 76.41616632333196
54.76030763964149 17.841297537244426
16.855144401030987 76.64131563374245
50.6633048468081 93.13076787711185
22.21835045006918 30.14414089024572
87.57729745939686 8.388448679122618
18.164906374742927 76.29368985085107
87.37888139491041 49.81672388069265
36.35199759251305 56.95579736550479
52.18179660388687 95.58048298795747
14.353518957619348 57.053653762822975
14.794180347842978 76.85396153310604
23.446064859004135 61.297014407732554
66.94159959415748 14.317006855694803
53.828771277948384 78.73675234001001
80.391144729166 92.6172714286727
26.090556691274237 89.02836169847286
1.246428610784578 47.441195171005724
20.539800299430645 52.21411478451885
43.299948146298604 91.70788781908078
7.510108222057054 39.367925401213455
82.25162353443032 87.9752340866693
96.39775974118545 25.795320847322103
22.28315353584369 86.65194778025729
10.88617188694041 57.77332571911325
98.93309558727672 35.354511797858734
94.43631026154728 86.58557689853738
28.73022864609922 72.91161192144624
32.416961483634985 39.26518322773012
18.88870731268135 47.453671630632584
75.5510290136551 54.93893309681113
75.30649732831368 93.12648909990318
27.88236451526854 9.542522200945092
90.26247483889877 82.98853421628114
99.7691702929262 4.47328806183247
39.154904732514204 95.2373265935241
1.6857070066008006 0.6422983718532005
93.55702803012615 12.163441712293343
20.514211736474962 20.89711529039471
13.001013288593544 73.31367730770708
87.60678552366011 33.783172741943105
91.35354517996535 21.552438105296655
83.99161057583764 70.3796211057003
99.67996434903735 95.9609235753296
91.16997580895813 78.48976721362969
54.51286582064302 19.454608359162417
62.36941471710236 19.038254299934753
2.4155685112447034 52.94656919197161
34.33620882657568 12.538632962989693
85.12460203618483 39.304035599631874
30.128189839257004 91.27419001814818
92.63180820190405 8.44200251767938
46.75052102057049 92.49611990806353
72.35222640836952 87.67067700963486
67.68157915938673 3.1920094731073934
57.591810918566644 60.45636792553742
87.06560316992231 59.399733647682254
58.11737132604926 54.010298990057834
9.454942737615434 79.57818538300894
99.07931082017555 79.16995840490907
24.15565514352922 50.042929682169756
63.28708473476837 31.341827851508654
58.04924346272947 12.45144276937774
85.89804682775949 65.74679275636316
88.08308415675658 79.13098020458847
82.3901005139092 18.84254793585136
50.05428862353077 58.0769913272141
65.28569632261882 22.097710846853
49.35152453270448 56.784638288009646
83.11794427361117 13.229235090146652
85.86641886566912 35.629500547342
35.01270659370357 32.601332746603774
3.714484154887665 97.23609224915344
6.452087510109372 63.17403914796006
0.8064577203103829 13.54878216170241
5.660581151089772 54.39248072619004
80.93215525672157 75.67982436943879
3.9140367850489466 17.99763614305038
88.73422877798531 50.57300402508292
33.83480491079597 93.66691011374894
78.78293069649618 69.24262934051484
79.70371206330861 16.633985166947173
28.058926047797538 46.44129300104386
42.745275206652366 4.593576822453493
40.29803559795375 68.3053984301755
89.84218392934714 96.11058957149837
59.1887459523733 2.736320602171749
69.07891333944967 38.416158488150685
92.5909915060041 63.17599866177144
4.6139883726393 87.17575040509134
25.218205550379924 40.73781899281443
6.862309680149048 3.4208785795464602
6.612764436236674 46.30636972010055
69.35564474239295 43.43711454819571
79.80493306221838 93.16635352292721
96.3293622998502 6.599139310730207
74.93739183542333 3.9983972908053778
29.247152425370913 15.978175972294883
45.60772724376363 76.72128939136921
17.03222014310085 55.32875639014144
