188
92.85884268669523 13.882570398828086
98.91200987233219 78.26748465835993
64.6613083326628 43.40146220581483
16.77175832672152 19.761020682256948
84.58168174606654 12.045132664660708
49.1896971057852 76.06382147624475
84.79881495913163 80.3046052588487
18.19663073437998 6.831197868049943
89.25057971603863 58.02968534063213
86.74851561321117 19.40476521230421
27.631883455075148 83.80364898568237
88.38978659141199 32.324294875587064
60.796634777584515 97.17519295514239
71.32119171274053 31.43469735503459
15.952379412425866 19.538168393076315
74.37633487629321 85.30900780162483
84.93932782823912 32.98955702142536
33.73462579766814 49.37291739462243
19.70758627965753 71.15016909970836
93.54199057792292 26.84374831842674
77.7446753551663 58.227984653793264
12.786589196191366 60.74473743267892
50.86122226263491 56.69968815871537
90.60783748193516 95.37443444375911
46.47677182021399 24.728778564624143
35.86038014309716 99.479267625559
21.775222415523487 40.15744370235693
95.02648564817606 68.2482912063214
30.908938798273013 89.3008926035103
44.47575372225837 81.91251898201557
60.52286561805224 87.18498575563518
47.05479689380788 62.536153516462115
36.59211578586491 35.77129387587396
98.41991871989072 42.657106647287705
69.7273616919949 45.536833813815015
17.693276103966294 53.322027475192556
33.2250796364352 28.791509429115525
82.57363683695299 60.75898081595169
21.371635678292478 45.5682101726536
24.776215232164567 99.97878482909671
81.02569623352935 54.40193992085944
42.84712351952772 38.10444275863849
19.54179227764111 97.47550728855408
84.12793142608561 57.18220204431401
37.66928492938638 24.517896450849786
99.86353241250802 5.765144998315264
69.99401301828058 65.605029968448
74.28576681737269 80.7650586119623
89.7181677229844 87.43603205265794
85.07059388159193 22.01344828905938
38.307256804629496 90.95652063386281
79.9574459251423 78.76471039597038
69.32472041081782 21.381120454511937
86.60278861896803 23.218565747869768
48.85075210922132 82.5120206924513
83.63795580630018 82.27860072363914
65.59386776476434 20.1065750286034
29.149434322412503 57.42981530724065
9.372685074828023 64.9516612922719
21.522501383295133 48.90178821419238
16.272579456171954 63.940213571826774
77.54627534504712 57.65246920920566
58.39453051966416 61.48864252369049
16.17622829469909 80.13589368170071
65.42566637135668 6.532259475590063
73.40645512272513 6.9398022978239275
53.990123086855455 60.616840383741135
26.619826024990047 54.322813691005415
79.18074513681162 31.36410836008645
92.0505770892012 14.558958920566534
89.1591714503879 45.54006339058038
34.2151625327801 70.6753313945537
78.47497033347993 59.11598686464544
55.36613924068495 99.79112677912403
13.805770013483842 78.71033614390292
46.39122147549601 53.07475634798574
25.527457772138064 66.62918830351303
49.36094121599097 43.94109548310763
7.543766699255161 39.20088009940562
40.881688987740496 17.197498935037626
32.83600836260895 22.669900789954866
46.18255466566171 75.2743826829871
8.71548510147402 92.4130048388718
59.55033287116134 72.50331075376303
2.0930314817897977 22.160981981770366
14.757955652474674 90.19570120861256
50.39587476509062 34.87515821891205
64.1405845852596 79.79871343887488
52.8249874007101 21.499743529662908
83.63418856127491 97.463979600296
78.22521489342434 75.6930275115863
30.200406543127368 5.73141854817224
49.63613180647647 84.61927259296901
53.64465614545212 63.98652951562179
7.3030070935755305 30.793074567275358
51.957942913338705 41.50362760449813
21.685446290030907 14.291367225486162
90.11200301603594 53.602513588960086
29.559896547321497 75.87902824378484
60.03877162293338 52.89059434157568
22.548630949494573 0.8613795619522246
29.691502717500207 74.31953661926931
45.1201509645622 77.97724176925767
65.8041156868504 51.1837334212481
85.56304255458146 63.439395073846484
84.83323435227554 90.30597934477431
6.580685201802384 49.11494797652889
84.18214114437438 37.60591600955448
35.14370478588012 75.11014337963124
94.47562922295954 63.385754853374145
60.98227554713996 25.49767075010767
26.780086277648707 22.118934549013648
21.007232991655933 99.7086454045809
28.475452904779385 98.48010335293567
97.20381840430416 85.54760721696101
84.0363252427725 11.724717308519194
25.535772706530235 66.10424325492549
97.92881737550783 42.48972946116753
87.9922034361243 96.23950664415268
34.97982911532003 10.565578137971322
96.34701639589957 68.68028358882697
29.69293734838352 32.69281962349736
16.640933249722178 83.45113708237886
76.6844055060979 31.045256775950826
40.30553557227172 77.92762943905905
38.59290257600026 27.786221556761593
69.37792552673004 63.19296308850895
23.59915627663448 91.74889690903565
11.29477585324813 23.555928641233812
93.01598534901888 48.05947502126037
36.39448946605467 42.485245661405
27.973998615102435 37.85239828050033
55.209062129192475 89.04700327388221
17.753527182861294 80.19192476696718
42.90184599802272 29.899684826208517
32.34579374108259 41.46897548346375
26.57930352886123 63.51197941881791
28.804474129600322 27.245940561787386
75.25422170154866 92.56339732152635
42.710526241545566 88.53110059554751
91.08455662543614 10.646780372444564
76.44505702792776 3.0796878374403813
95.51255718295522 86.93273785165204
0.4779846898882334 20.243474492909307
36.548893308153254 94.00753674805371
60.263604748136586 76.37727967864845
44.96020778420192 28.100945571599755
5.677923938974039 70.38555380779698
95.86707816789469 80.89097965403802
95.26030623346186 60.88888843406715
57.87523833773221 17.641611181191774
17.577878570297212 5.115096817151709
82.67641980939709 28.29319916518761
38.78656639854084 23.503566220968107
34.73093960989454 97.84051855775313
69.52390632305955 10.470918210759706
8.74860615580868 18.302133075360295
33.600883758411115 18.251131512393282
21.544316836990884 86.65448847508696
37.446615403349895 36.75771596294557
46.219112003167865 25.19734106584667
65.09274421310343 9.455262076877757
80.64693947353543 99.14549076458617
45.94499219748053 6.238380717779779
6.948014614882614 7.412309050742438
92.95674713235002 16.467190974792334
75.00106306724317 49.637356953763145
51.15167439259021 29.106563899862092
41.4568469446036 7.266621574335963
10.429859620309944 84.46656253789332
42.93989513009495 54.78227330048071
39.6557999207001 26.041987511312914
82.71505545475154 96.0272164850383
38.68203914857125 4.902880320225478
24.967360784381576 99.14812928636444
13.678667272238798 69.65837524510874
33.14034042685058 12.120264790363478
83.20994486752109 26.65327930435495
51.708866866163696 62.74251751052559
5.247302812139154 94.74292317857773
51.37726757390889 51.20119467580238
62.24588173144912 62.45271432305576
44.8670328006736 15.309846167679586
6.5113172870801765 34.2554668535621
0.44190097548092444 3.5733829220320534
25.248700102649167 83.63449501093275
1.2271173691676296 93.54928303004733
24.827763402849456 56.83629322966459
