159
71.8029354252549 5.498118128391328
49.15618088412879 31.233731689977272
47.445595109590556 11.98223831211691
39.19186048906192 4.267166514838316
28.607127555397682 80.3548521341945
37.05891734926353 27.859851942418967
56.19778399660377 78.99791466271313
7.8080090154563075 56.879405105934
47.050828540346046 3.728493349033901
11.31205846029254 6.286103880471905
93.88911833993916 45.42779244412978
73.81173522108081 51.76907093772104
99.7036226776744 50.52634912135705
23.08725824408927 45.57252805361877
91.35345975934102 99.26390488210328
6.902731187875011 25.368461637598216
66.60246692890014 95.68518859692263
59.53434858582523 41.122770137668695
42.21271968390301 80.33863037975222
77.56514204214704 13.567862166674683
16.44672015652643 79.91065071947625
67.60983764345976 84.3053954967396
18.18528521529875 2.991728984503761
71.1061770025917 76.39319229084194
37.035055534959184 64.24413729107398
11.002025795236559 58.507635630377095
46.06648250741655 43.47627867156252
17.522240903029306 37.368512535947616
17.610492376646615 1.6150791742481019
69.3349194944155 76.78965498107931
96.54019045224777 53.31111793791038
93.55978918653625 43.32240069114803
88.44224966967967 94.05136634640597
15.444434003126418 17.640863814830443
86.03836531479165 44.93900566044322
44.41520521511 46.216508415418225
25.19433245626248 13.402901813172152
61.18385236446506 67.66751409726038
42.90387741530631 36.568614687889756
34.817130275027296 71.80929715066722
31.487374202720297 21.87871704138954
78.80159340093863 15.634245267683555
87.0607718725325 96.04840697373632
11.306154176191708 53.20010644091487
41.61491574457361 77.891607712344
86.78223165506883 22.3299060440015
70.7234359180147 74.56258477801127
16.058469042347145 9.68310101399471
74.15167740205005 69.58991621664467
13.427979178610784 34.53958965147721
67.41955037813703 3.0534477625956513
15.140627823422381 3.502756948047314
47.93014421144783 14.140422696474264
46.23312963784488 87.16756479832742
62.69600714799108 4.91800942212135
14.827146299442528 29.1619446301041
72.12038115670435 65.67478953864412
73.03298427480124 36.04197811823416
36.898857457524315 77.86417498132504
28.730961284324508 80.52671333926527
9.069201551841621 28.45381171066903
32.939901796670604 13.38747659104066
90.1406211915488 33.73940224090642
37.58343787116852 69.56752707180013
2.6018896142859904 60.291373985201645
39.5685109887157 46.15943828579506
3.414538234947817 52.662781943002145
12.082448050443972 26.490112406364887
40.78685779102905 90.2036660890735
89.3467147862156 39.425680684465846
2.0621571442656084 49.056907857564156
32.46297610467709 13.757159503555682
69.3852604570553 44.146139710099455
55.596679966438856 43.156941711120226
15.417851425432561 99.42230668698805
28.0508709727601 88.66591580207005
9.143366507821682 1.1842946600609916
37.05781936500022 3.8887349698889517
37.200067745440336 50.52914010809661
70.5657296985961 24.05648606559717
30.720383934536144 94.09901759337403
24.636448903983478 18.329807098589345
95.72197226884269 92.07618190839167
44.372210188373764 65.32365710197003
5.936026809360939 3.308829428341542
43.95795406138999 74.55206250607316
44.98195686574093 50.09731141711533
40.67748593021092 31.06099699595487
69.04749006871307 83.08526330734033
44.40406455784742 38.182712278755204
87.98232618424034 87.48627506500698
2.046257504032223 86.94803035768797
91.9066921665999 53.18914138879652
42.53808984798385 83.57954772854234
38.76290639222984 20.403969735672277
59.57256130540151 33.989033780469136
63.00578751328189 56.646454538364665
0.6232789856800314 89.66827245103528
60.853450916409344 63.416863243073884
14.07043631116881 66.88954881634739
43.1235968850475 0.7369052625083916
9.81908002211881 52.046368287009116
67.73548603567184 73.72944608902576
23.481334556396572 67.1191634614229
62.84315058528567 37.71629757411327
10.502804475208105 82.30729049610753
62.64200783189544 42.00314664189961
62.50741535901305 0.588891641431577
86.94384235770401 70.4141505275887
82.27024392454081 10.423507037109836
38.52569944879362 5.74364517269117
43.91411284760132 65.66277218815576
18.316700413755182 96.99783192091728
48.60965180385113 16.490602147897203
12.425865765546362 91.58159426848147
62.211089538418385 48.20943231793717
94.11841295646053 12.52945737218366
21.09888717931946 86.18821387485106
87.80227058319916 18.251989436390758
38.24460353954825 76.94794812666294
86.33744641128138 5.305704085240692
90.80339986473443 0.7117867846988535
99.68251201125344 27.14555603356662
73.90476965199272 85.38993619975503
45.166476469897034 94.1061910254859
56.44344077464321 13.922857636787123
25.55891374209106 52.25038197277985
38.85774016958088 80.11323267097794
60.69515821621424 64.13392393544598
55.19967999207965 3.8605928007518497
46.882619481864985 22.647841744327923
58.94449006152749 91.92166880719601
51.98914023640664 74.10978533892136
64.3443645991143 92.30955498088325
84.65302119308492 73.54325531778348
76.12149899507719 75.23144337658415
27.711108568786013 9.105713277690509
10.20118245897994 89.91212793580117
75.40166561593247 65.09523474576652
2.8104588122559004 32.08154076151168
74.07614524118603 40.69049897345951
61.02960334666797 55.20357920504988
61.79611243268223 34.037347315860785
90.81605324669528 79.57753726461924
0.035488774887681984 2.5049988571451354
96.39071654510737 50.35701736900528
92.93429003655143 62.11713545982078
41.4484283150247 63.447994065537394
79.27990661434117 71.96288657546852
86.59489266480846 54.29267067111153
82.48017373964878 58.405891679437836
8.418251066743753 87.4759697142921
82.78237603756415 9.279493835777597
9.575000387437015 26.842651523275507
43.50804138838343 76.44905655426031
1.0009716732529927 11.287453211416064
88.55972256657135 10.049884663074526
64.17474109870008 61.2250980710948
44.46708072056372 96.72651840589364
