133
11.773813111597198 15.054365094361533
7.3025684985261075 94.10731977873054
29.24299730054245 87.0067038705021
74.47347985071477 80.13470606241894
27.64559649253303 59.80179731901273
37.68488560915396 30.88219764921998
26.41822775066838 1.1038416520925187
75.35626708597832 14.019611428457646
69.63804949357107 79.60035784153541
67.59291266849475 73.96618630491828
23.751050235878967 89.79890160290242
97.58506987713373 90.48096824428879
64.14974280817263 90.80524269211587
74.88349972949587 32.541236239062364
1.6898448996776394 65.16803499145828
48.378391640377025 96.91472049961257
23.489892974063476 20.150969753819304
58.66661141253559 52.28513523385947
80.02736374695387 69.15231707333184
34.534969103155866 11.704791792812696
46.928103919343314 5.006626268348668
31.477952645893083 55.8738191059305
84.27801384903945 69.59403554225243
27.128674140875397 14.249803918172354
36.59089739795696 41.69695301094096
44.62133041606538 97.86332276665169
68.28592395190944 55.18984089261707
80.62281466286787 0.9549945624219625
69.46671783952462 61.0341230970748
36.35574915328807 12.365776152095664
92.43891365255953 92.2303375450492
37.519827930495154 97.52280738232795
6.398183664916379 96.26207255683349
43.78037655326595 40.954247751355254
77.98017409238365 82.4272096994421
19.934886870478287 16.82960455066769
68.84659862178614 39.523042743063755
48.4829344631444 93.27047443244014
25.40181280550381 78.74231351614687
87.77038765050126 28.18704755957846
68.92902083048196 76.0546135827142
57.283798109178264 82.27516961229092
41.51445310071315 85.46692874140494
41.43150445730445 93.46312680593759
49.004517839452014 47.98117284055222
36.56910589174651 76.13729971839064
82.9916535078939 57.90572962234128
44.480604011737704 75.26250914145393
68.51473460623407 93.62574821483776
25.337324955781394 13.982687861472598
35.588005306866854 10.604068202265537
0.4374910578298641 1.4272172472204914
40.156829670488015 52.56513293166144
12.467158579005243 73.40140223174238
54.99000409204066 11.463624044767728
22.304709811435274 64.2256675867742
77.48918552559138 12.476248397336509
33.36687677903492 43.76765921099677
48.203535963581814 14.666665625313435
64.93442082349485 36.34940498440571
38.110176059082434 36.0703325193822
8.3786234264013 58.17913744233404
38.9241425481013 41.99679303998886
11.981200024925165 87.0756058597297
88.7342526214803 55.64991498291691
22.286934975738014 58.27545253637217
83.18542468925662 38.438154736246965
12.274492200047115 51.26903699573868
11.434486866418103 78.28840433345832
8.226246354956201 24.07499028449869
58.18362154468969 32.44251333420992
17.565553809849575 41.994488206315154
65.97402801868569 37.15629140529979
37.5094431802537 44.610848971772654
79.00748611500629 62.85442315684458
28.84209217653838 60.54462776151007
39.32075233525426 97.26209189706998
44.28834232898844 26.100649363571428
93.74633286948982 84.70970683381516
75.61116392434396 40.158422170526954
80.63037700146745 67.22852247042597
8.347395654758161 97.81808226404499
22.308214547933204 28.253538869906947
19.635552873141858 39.364976049279846
28.64111355790361 54.57469854125612
23.51058958045603 80.60130095627468
38.32342859931811 85.42915066674546
89.6574475094612 35.17493043066082
69.03636323702639 68.97594178888977
45.828923033236535 85.54905717406557
73.42548756469198 52.662711440324884
59.700336666038304 13.273700403141964
56.343503821158144 93.30400903735367
65.27597479176823 47.421240804203414
14.492278187612307 33.67116888458364
20.182486877435746 30.371910453479067
73.3031029067775 9.012123498310187
52.15324316484661 35.96166987293746
85.66132191145383 13.308515626185525
15.033876053664308 76.30117660853207
23.0976473278383 6.3195509243679115
79.46308308284227 30.37881415763024
39.04395622107213 43.0464310510735
72.83254460226296 43.1386307992866
89.28050539571831 29.23408550020129
27.363957787477478 43.95515995577719
14.760128404100714 47.17406171507709
92.55347706397639 72.11876991527552
69.36682900432267 11.760650267070616
62.99285773011949 10.842809124973074
56.84711032284311 93.34995397115455
94.63540415753963 32.03665362017306
24.770945640764307 84.0008725683986
43.741872809258886 76.8297819616855
6.225092611827776 11.604069102084303
26.27915954274037 25.040795749807177
79.3324483844175 64.043828964415
85.7436179010644 76.23504382579654
1.4757415498860338 99.83232927096938
86.19510724410473 72.81430546467456
87.25883661507186 45.792942358396395
47.8319833083357 16.351909211892668
42.42001311313919 6.67045452743793
35.05227467932968 60.827097368076636
97.63483550273374 54.466654195146134
17.65069911932344 63.11932239849531
36.52038186896337 69.02556398628147
39.26121555521546 42.79267054493053
83.35797233267519 27.246758344096357
48.15473135892729 97.28834314579316
83.22407626779456 17.513727903689404
65.9511996574762 61.2798193796767
8.125727039500575 15.512172908438792
