187
69.16369573471822 50.67067445948547
42.05266859487611 36.56592749910798
97.56002557716945 76.29370064523124
48.58986926012779 96.01592654939681
29.031085798936708 66.8206092933739
74.22137327213599 33.18720888937553
80.26827452734742 85.64002781382881
19.028959355033425 80.29436778022836
88.30493060698076 44.315762831179214
19.792190060344193 44.989506637807374
3.748261639363981 18.6259639403769
57.231743523701304 25.278119924043587
29.14567996163211 51.63692489060326
0.5409544363247698 74.37095183034488
71.47550379048181 38.76055490425521
94.74642926917369 16.75117642155971
45.448430921927 68.81830258895798
66.75249159989629 98.63108654757315
34.04482903054562 86.07812864182672
88.36618106433409 53.856065113314564
8.866277691273405 54.93753357546141
13.575356361207513 71.6604986956785
89.37619760409643 64.21243269800418
25.739825989803755 93.32020452490049
46.482794002008 0.7453064558451405
91.02771503246638 84.05098979457537
74.21468690606989 71.06926204008346
63.245870555884785 0.13693519376161145
84.7299506385906 3.102197576198684
1.81209758737374 5.231926349455296
4.992404678160522 45.27522695828105
70.05475651998768 21.637634091939628
19.597434813941295 61.092752792580804
75.91021561812603 24.16452625527955
93.66566259617791 20.73969974302148
79.32516417480403 82.25972340515557
14.052475408913578 69.02930048474308
30.274111458725905 25.07638787582437
30.146079307166485 92.86489540284883
94.94109490735384 34.45016462454984
22.375482137106527 89.70650290815526
56.51205989033441 91.06952430938959
4.430630961989901 24.710993398891123
8.891728980318414 28.412340190544228
85.86800247554024 53.405384076022855
78.65518222088768 10.933084035904528
36.10032669682441 62.22859649032764
95.5190692051423 2.3777546524705317
51.51495907750757 77.24609111815805
31.465640488839973 42.383960527731176
8.893371980327291 73.66375855399208
27.624039955507385 11.882543979226835
58.848197766298114 71.8501469558201
59.55973399932708 12.03604680975382
3.831995106402497 72.18968516836168
80.27674561739036 48.09924990464545
40.76098517484789 80.61434706638948
88.38596081351973 70.3086244595342
34.16485351952039 5.6382158480812965
31.257962435717246 45.347186638852754
52.45466343126953 32.16861233511688
80.48076741517023 42.388946788258544
31.394413124286146 45.65111202358286
68.31131378045156 84.87397801357689
51.16142087732036 27.37262752724181
70.69739114408951 29.97182420472405
29.644798639781477 81.22348550580072
40.46160906203766 55.65343964174981
78.04320306693424 21.300357142135407
57.00841779057898 86.6062846950241
8.45664343940209 65.0873982774323
71.31591980130698 6.158334373552298
44.015432250476074 38.79733550107256
3.6734082355473596 39.942158039120876
15.742752773360047 32.104486014451275
44.747875944895284 51.9641461258161
6.834547052076145 84.18239871840284
12.810005495970401 74.83794973981716
62.88654919628404 16.091290790453737
51.913564865863634 33.28958746913146
41.301092847811205 48.55452679851028
44.025718622564206 96.27666845385949
50.40297748676904 59.110235591391266
38.02390325314743 89.8898441485314
91.85159323346528 6.544810451412831
86.11966644098847 84.4240738272118
95.26173929889731 35.698586139879865
21.003170606834974 49.142890901644876
64.83246676546031 16.660771965458
46.14201633086073 88.60083323219034
10.324673461711686 62.43394998132653
37.13137930347398 79.93759916205447
87.72944776974082 84.04157425576612
22.16822907611753 22.415372632269438
26.991550876850557 98.1427136895799
73.84961135062511 59.34545348354481
28.686637827580697 29.08139969388467
27.7418566536457 14.05652211204752
15.489603819063834 49.86743341768849
59.12608845555455 8.073636212280167
93.02786651418918 2.2015252827273346
17.833274422560475 89.03565551223443
90.10081654801245 8.830770784760066
45.72413864781131 65.29534538192114
31.33267008223468 47.76118563733771
71.52560218299351 63.808526629457994
99.16165453758762 88.967069676344
52.237781695414476 96.23288897002926
50.99498590960588 53.21730069621322
19.836160531068593 74.12399353050392
32.08940667991418 62.31246213867809
54.00717483791819 18.27439367042819
32.259052392828266 54.654481051589975
20.370173352530465 15.567421429250539
89.6889745999966 97.33658262245265
86.4526620801935 36.9045857088109
9.063732336723895 58.58060197447011
55.817547405062825 52.3004521844048
63.09527370236937 99.36141065288173
31.460958756941793 24.807815981967085
75.10267506903318 42.48352484452877
24.47300739450612 72.75482954957879
4.8522544985687315 92.72600068622647
13.584586129983167 41.792073317955456
35.478005717937286 40.05712497134207
1.00286791508849 50.888164089205205
81.28153235136672 54.106372312483664
10.63632554464059 46.40678176147641
92.63370760947596 69.4998509179256
0.9608276717726683 47.35246869638195
62.2179305738201 85.2842428137447
46.109980838655005 75.67754218877205
36.536987407145006 90.80087464931918
54.918070733339974 57.41872446215663
70.14249630566766 59.837866026687166
60.91408239982522 68.35688879806777
54.155429614196684 8.961560857456385
1.7314380457247425 42.156417022878976
82.70934609600047 53.12005766266008
27.430181879983696 16.477085652954436
48.908277266484525 81.80413493312163
94.55658357331393 52.740949555557826
47.151911154084615 14.087093571139475
41.99157890808011 8.174169531508346
3.110530063297723 66.71682592264432
63.916324311863015 4.934876554022893
18.693012525888808 23.31873265217891
77.93424925321766 11.748626300952402
44.39774944952751 34.51179670828574
8.736896547904538 10.226135511060496
62.430752573649976 64.48062479082179
61.93834985694108 97.05968185535157
26.213900005962387 28.998354613734712
80.53922106109775 27.95217081312581
67.78992340566722 99.3805055132849
19.227163362857347 45.96467472865101
39.109043426684806 80.12880652647658
68.94396226032895 62.39180632387079
52.51725126112664 88.67485827709717
76.92075925107312 3.1714141510477023
56.955974288617014 32.887122419031165
91.075467563214 33.84900435897141
0.7656396103024155 1.2833185611575204
93.58815486136149 12.601984896952345
96.28093304008863 54.94750961783574
92.51109486768225 52.48660250709125
41.033092602512575 58.8213404731068
31.701136524259464 38.121554004121286
67.4121952714205 67.61324225321613
63.42614131358085 36.840195932039066
86.40069976427897 46.98758672503514
61.54840751952607 35.13494787250635
65.3032577007606 68.26380949838777
98.29620863792485 66.06409926248499
33.04403530387026 82.44328078756509
82.37267200013392 34.77589338187141
62.8911250557324 95.91500144764677
94.14934618025443 26.29647163137522
96.81021464578967 88.14098678024851
14.663275576860357 55.17441573983769
57.08569687900088 36.03545574196827
72.53630678319838 97.31570635034636
45.49245629141547 77.91909877523634
33.92829777414603 79.51524876264325
17.661890827944948 64.46956563447198
29.004828141487593 12.605055821369259
23.518217642171702 46.352199817735595
