103
87.51360478197147 0.6267724204542136
4.201619481660634 22.702388412146114
59.58761731920651 62.51605835326883
85.11218983228486 57.825044028342376
17.316884991436478 46.40299459756589
85.76130408791423 32.125472136914844
52.98030331503667 52.107216467501225
83.61766269464901 81.90472962568226
23.815014033599656 66.72458203122099
28.81486758620516 67.20784935129905
37.633430977730086 88.34794258857866
96.37677167692881 8.672844997701079
61.96462777973804 78.14440500558321
63.65331530009279 31.192617077407835
96.6049968989549 49.29375586738065
95.47531079757351 85.4929241411877
5.9177117031196325 9.539765615545193
10.849021851943863 99.32787899352788
32.84321784868901 56.07932086076691
63.562276463257405 81.54755962518435
26.57751041328231 90.02341723957299
57.059168004903306 19.342450693954916
63.71313053469723 28.73580299854582
83.26490912677903 12.947002981573974
29.06044604931838 89.66412016694152
55.83142304869805 67.71438771876876
41.149840165769966 6.952706016488941
99.20230275939694 36.07900378438631
34.363605830045294 75.13719780991539
72.63422722086398 89.10262241005505
63.52016445780401 50.55934498179442
9.649371307367737 62.16999751722594
45.28319678090893 95.61513037488221
3.594189817426896 92.9344685700414
13.16019015417772 99.1524085889429
35.37598877305592 87.8597369103803
93.46430756457794 98.12184209630918
57.51554218805347 89.48401974682535
0.5765360575496925 77.68414094500463
8.101174011258493 88.41358383535973
57.30859526343238 98.06853654780278
9.968065524170056 24.663055976734995
98.40321454439915 98.1154412269135
19.85090771501913 54.50973732231209
87.81098314819398 79.05120678994821
69.40664352145328 88.28045341094128
45.45607332312953 48.8696579810482
69.58519668440881 46.531151415393715
64.4489699401425 43.714810936850114
51.180385461875474 16.854036020243658
89.06215762555874 41.239122350006205
81.68486798069605 1.5427345663399428
82.64161734665058 34.41199828323525
23.87795959350243 31.44618604850642
28.41788025605142 47.79843942981113
48.02363943121244 42.79835434908278
53.860718453557666 43.42483335514109
39.001183554345175 94.31249513074745
2.604496573286519 19.6813568144914
68.11764243881184 64.4491153889034
40.11311833052355 77.34397035897884
9.902883535523221 99.72678259638094
11.195036401736914 85.8656292941551
35.56908264189494 74.87731630738507
1.3533686726874827 42.00107537162122
55.08378017063331 87.19912223187339
63.47025798164633 97.03834646112091
81.10276122009388 76.42575528479962
44.43597715152987 51.79206601090998
74.57148408586613 26.084797502319535
85.3895717815964 41.15937189566904
86.92098770135873 46.29879145872751
39.95463543491656 27.626727002037697
80.45557386058876 39.678995094637536
4.543800055233616 71.11093004720267
14.457508546612086 92.94412565810897
72.10268282910425 13.078756959136072
83.12091254944787 18.873631165260008
14.351660756031725 10.312104742740235
25.70586152947105 48.57367212536512
1.6750959764115891 3.626972194924094
55.753125134556626 43.66423841325248
30.964937983648376 57.051562716980065
38.06636250281199 94.10685042245105
74.45694724474362 65.12960613056194
83.29822014582392 26.979531577055948
20.386097571123642 33.86823398108143
19.577464432514002 59.417228401458644
1.3620536485178913 12.443477256566982
80.51914555460961 18.360656212655325
88.10627648065712 30.19579728476386
54.162177830541324 25.28849402554951
55.03159602908079 74.42049358694078
22.539423298434812 12.656011437719561
63.98476154193057 64.1140485047826
64.52620075409237 86.34413946498464
74.28978263178892 68.86404680717436
24.366604247037095 64.36749221180276
54.17651886286633 43.52831971046669
93.81080385341845 43.486426864159775
63.560152613325236 76.17395685036858
80.58854538057334 65.14043904688371
7.044100653248197 13.407260580808522
