141
84.60085436524439 50.255408712352775
55.67673778067047 76.22891791810645
82.9641094500675 52.86860795488807
86.58156881874586 42.03892322714854
62.035139644247785 58.262319677705776
70.65625952276122 17.101699314747865
54.913447794885926 27.53388178359706
52.23895104349634 38.37831543891836
98.82803611428082 75.7383139961042
9.459668154024959 55.36266197855676
27.256744290929547 1.284458374023001
0.5769127005953334 33.638116739786426
51.86131627935554 12.030944028709612
39.745574926725745 8.589387264039939
0.5854536936543364 30.09017440936549
19.33334478732328 69.15852428997596
26.265096354142536 5.243890560653874
97.52315419812577 96.92178823530324
6.66285603164506 58.91650567831952
6.327487097412677 85.18421813686764
20.87732222855444 5.026316596248293
53.07619902156316 64.16942596270245
28.556698050214237 9.718131830509613
90.04051839746487 68.57500479698034
8.929596959426878 87.09588602731961
51.192524097157 81.94282658006334
39.02102578329377 59.68332759364725
8.556047983248405 47.4395414946509
33.86252956514638 57.9283871646183
20.582615947792103 48.95257685780864
83.25090258173333 64.85903484440652
28.765116679315895 4.808235641432923
34.56661156045472 72.40619123010981
83.8309760480906 80.63398907408164
48.28699177692045 20.510034346943804
80.69634902965858 28.055161993405708
36.88483365868114 8.51009688740313
54.365330328914 6.427529861993619
98.36447299356543 63.78693136355772
6.224883006434512 54.91002171751751
56.13579192721363 31.046207552851612
1.9253627592427547 82.3249664514337
89.6582127083756 48.66706657658405
16.233327145943644 33.58325223197794
63.97232783256081 18.500744438077753
91.41216805192254 0.24634976284444443
51.030718724553445 13.941275529831977
38.73757027709714 39.22520896038806
7.375515210514971 64.80495129001257
80.48242276553694 47.34015319810376
67.43785965745609 60.182063418376096
31.883679967066993 50.498746293697614
30.063330213211557 22.96945292136773
34.50255794080945 42.61655768851933
43.54527245917691 78.17145128718634
14.694142667523035 10.609681173184683
26.526555717335487 66.82990765544464
3.9814669113525047 74.96503633004846
50.33864597938995 16.56022332444206
21.09341803177832 78.03830532660687
6.638663439608705 47.95615794441145
45.95301033049949 56.33090438688186
81.8013189625691 82.88581748131139
31.951528991934108 93.35321169452703
53.45588067886739 99.13239758591962
32.651986647224504 94.54544982135664
37.512754482592136 56.47696879584024
27.37438136220919 1.6138100291686608
37.37568354214261 59.204063868488575
13.828298647576265 11.079935348772219
18.125647110994336 71.2790401290671
77.56729067916864 62.322276923968936
99.70986357085891 99.3686145310675
81.35125047129267 67.75126451590872
35.664570756078774 98.81931979919723
67.8723049737147 42.429545480996666
77.67879624813636 98.60506160097769
24.22405961091163 26.386367542195323
6.92214148151975 19.361308175687817
9.604535211247411 65.17707724066808
7.161506476810264 28.11886321626237
27.31195189671425 81.06906132997781
20.61332894739918 72.61780759505906
90.3047607650165 2.135629687481999
10.484024182427397 43.475059655001566
84.4835858933235 97.8042310830824
90.90233112729545 87.20563024560548
76.19562987693996 96.81688685270528
78.42959145279056 20.08930561576181
51.43273007398228 48.61387952116603
90.17124790569291 52.27139828043862
15.863647433604244 10.824580141712348
59.642986221129426 63.433737818858994
50.596866765866245 53.007634194287725
6.588169681114309 80.77516498941932
81.41362423522264 95.44305745886005
48.50941316537073 22.467145012792876
2.076645023935342 93.65256748688002
68.3819585043384 25.650306012986533
64.1655387223732 32.27986312950419
89.70944618291041 11.2386764232708
27.114339440802937 93.55071586650261
83.3291680836579 6.757714712244045
55.923025186276774 54.226254806694904
58.03526237241463 70.18477559622195
92.90833797310918 42.18507436220843
24.530569263193346 7.0737263737138845
28.51731767435053 45.639116378553815
4.437797011250932 36.04334830198626
1.0595553712519301 29.81732645584113
76.55245440792457 16.626797092161596
63.795203333521414 63.473378761789554
34.24684498375353 51.88110776987897
44.81088903988512 37.5805526839187
91.8817011074988 74.1274952322764
52.718893572822225 47.75267233586348
75.99683817293807 29.8691369093551
71.97555825123135 36.34109322399108
1.481664112360559 56.31582914963808
31.712356370051296 62.01957068710633
7.121643517430687 6.4229970369558025
34.90258435681911 51.24699011937284
20.693710615828987 20.42401763670385
75.14357458579136 75.69528306556039
55.61602256707049 0.3306718772794093
25.444444322305916 10.0811417251246
27.27507633394495 69.72851768649359
64.92298170789627 4.913400477950869
76.43856594317677 70.73500911358418
83.1783354730193 21.963098538122196
29.081950360810648 84.1071601793472
32.55000899564091 13.19093250681771
62.017419101575435 59.34921524652279
84.59796892644462 95.89653339875554
10.523161075606025 67.04297630583457
42.77809229837315 71.9176926003491
35.83483461045631 63.41218740375769
34.39030982802696 46.91591187728839
71.84956035583303 27.991146184846915
48.54910896796405 61.6594425425274
85.72857030659206 22.647707832782714
