162
68.96306014721561 42.39380390298796
88.13588653048056 5.1152501857996135
93.64941968041191 94.7550903459378
65.67548014150105 65.0011276012973
56.49408243910345 91.36454376473964
41.71001293517681 63.73121713977541
60.454014576182445 48.01828347715145
44.9821226215765 94.81832250461581
63.77334488664966 67.48967772695174
98.02379379379903 25.69606267098834
25.437594174863555 39.18259070559882
86.95047685408224 33.14737616675685
25.478983843965132 25.171217470144803
56.68363313605086 40.26510856100381
16.624754859928515 20.326334894843555
71.95303274915847 47.2795357792413
74.21183743573802 63.19716178702348
90.2932451208146 90.60428154644767
29.273975281412024 18.750345953886004
12.05072816238938 12.879489968898373
42.89629549641657 72.40334729552754
55.57565497508315 14.659299323140452
6.663006693464402 66.80770113141271
68.32799002924477 20.944223457718692
45.56517206293417 73.34370321883942
59.27486193637517 51.52765468202094
12.461256649899378 5.420678882371599
70.81395647418897 15.754708220304591
64.96493653195418 80.7886293911178
78.17783486273288 12.933092171659577
33.29895565628033 28.089449446580296
56.36469848677738 20.94254246201458
94.5818832011702 5.055916541684812
25.553824447857167 77.84926013151224
19.50692680364169 90.02125363263315
41.812240438613024 51.18664446241949
80.01360418630567 2.062519450362932
7.8380341697609985 86.26761416249545
23.450617535834574 29.808019898203753
61.163326961669306 14.325405143110038
38.28180367113637 91.5956437581663
48.98096297875894 20.518149277965936
92.45726129935399 42.37302281890409
99.26905247481743 86.56698445757799
89.09543002907206 25.215666046006113
45.44654335028606 28.602441324839113
20.122184440074175 55.149121257251466
29.749997467596813 79.26918962320767
78.66606981877653 59.368424746430804
23.92470929998026 63.31342342845373
60.94241223344534 33.053860745344764
39.74259321708353 89.45100122784032
4.228946625951801 6.073371341849354
30.945196841070256 35.558258864117754
37.92857862347808 34.45784378427362
84.13397297568557 42.706480795758694
61.58412994121208 33.46090299305297
13.938346534853652 42.918861735037915
8.201394514553673 38.28711138214847
56.40328585087397 15.592556236027677
30.21536113845915 0.3499213485805286
26.867054763017883 34.62661550644647
93.04744320591092 32.09902207984944
2.6876276059367044 19.085665091884174
15.513710284110205 65.64695588576922
93.80144784500786 8.757337840774992
41.531184219338 39.769342185725975
50.62837430093631 95.02375532634599
83.25415465084382 28.426194652294413
49.80489692172706 69.37757529197583
73.44151604968245 39.96290904550983
38.42806510045379 65.14550078355012
66.02359287300902 82.8286293618814
76.11159755008956 63.264526562507164
54.788171705552166 2.892866636149971
67.5032514645597 70.36419591090842
63.32621603776774 64.15554774343076
75.33684273796457 96.02470861782155
40.19656683291487 2.9095971671805776
86.2029078490087 41.928691733636434
96.84972692637605 13.8757835737637
26.815038872296903 15.570225139967086
60.724808705388256 21.894175993382415
98.62959367777219 84.05885465359674
83.4777590178871 92.92144968442902
95.16549075615724 97.35177522470673
62.92487492263127 90.80385135915319
90.02491103741592 33.66193229204853
16.11923381711907 21.27836705715471
78.72454168600136 22.343939676139023
82.8653715191804 21.564253838984037
99.11408957653694 66.7958324911818
64.72847133966792 48.471530716129486
87.08126357302419 92.84013355611528
74.70064952535166 10.302886872007855
43.36802010183736 69.59961478676375
50.80605563433757 42.223160240139926
54.69111210085056 93.5781411014114
49.017642568234145 90.6160189754522
77.6594085505639 32.988017175011265
31.400874002102363 94.20312063729513
14.114454008174505 34.60671355753473
16.860445637666533 63.52435830882133
78.1737125296 15.25767471574796
94.32455199588192 21.96801301527076
64.6591563305044 95.95067421636718
33.300882267543564 3.155359845738681
74.47262652112911 74.02785294934841
69.07541597344428 19.608219308443985
13.777704872843522 84.48958499736759
39.45807212103302 83.08896625834937
30.066072891847597 88.22249923660208
52.63632125456388 85.88696979938601
35.69243550345232 12.416223794384763
25.462295455423643 40.1700574423016
88.24254858312605 60.429461804494856
44.56396815362146 80.52859132715751
65.13563756817766 81.68699012751807
88.43731553661736 2.4764162611096485
2.2443764028867164 38.67647655482731
32.57304789775153 3.579609245137516
59.95148717520256 65.54898172525013
64.3579442317571 59.51839823279259
43.33201967250311 25.38095283170194
79.54141539048524 40.510198851127456
83.48269754136611 95.52326850280303
7.8334528339936815 68.90801796882359
71.90564407125089 58.803324579897364
75.42110639882154 19.19844277334688
9.36615950796259 55.27595689883987
30.30753183424526 72.77272670331556
24.020231858495833 84.23249843407721
46.42578078705488 20.624006801431793
67.3169860918458 50.182271410698135
34.017548405670105 17.826973782906798
49.525008568238796 51.12350201388488
58.30005512281452 25.64815599328606
32.00070301348721 2.554003020167006
76.92110247967061 20.299335997477954
43.63495751770286 37.544148262176705
17.686887343631863 84.12583346250375
98.19555980257138 35.03702957209386
20.72033372374055 28.02601346247956
0.10916234215654352 18.027846006882452
14.353677649455587 42.222330357501015
19.555166932570888 64.40624925973016
8.96681453692314 61.87057542785917
61.52157899556462 37.455023983140755
89.49841169695578 0.9708421341960927
28.380581604890665 79.57004097314635
60.721607174758404 75.69987947690706
94.56471623287193 12.639399901134373
31.111487288938733 95.69328514782408
50.68459896433099 39.76858326023736
9.677225480802099 24.17546514836474
47.37663433240912 32.43927756214639
39.11333936675877 65.59677527293037
72.21521653518128 35.1851415122731
87.50297275619887 41.57549577484356
22.3577807501114 61.2692278479821
57.77636649554299 58.179143734968285
4.482042703764866 16.225417164212097
