185
90.35186248158224 3.9786684650914728
33.85602324723561 14.488146746173836
95.13320636498747 75.54114790530781
44.63022801976013 66.00255090736601
46.918164072451816 31.24245142796358
97.70414986732534 31.015974121316415
70.40567961509149 48.74066698522482
24.885541655677336 71.6651431362182
77.48812762796057 2.518939679065191
96.00837910887942 18.476952417021486
84.99517157317489 97.96956518699596
10.397271190798207 80.80539847009301
2.1805396799615684 48.17953061614142
88.47397751334164 56.412119880441146
25.364174328138688 57.1032514818556
45.218731986438875 74.86867407464963
24.647081470632738 73.75830019619461
99.42748694599054 29.889809454642247
43.96177844667428 45.62058384829837
39.662983276031426 99.525576701763
34.64176642512034 63.07260298434052
52.97339375096719 42.409601639208695
25.99651747689702 38.17251520673266
32.62850851568581 27.04613094579682
92.7184019652654 8.449667563626928
57.85633787295902 34.74256727483526
32.87911702086461 71.49955657409762
0.03052814446166119 48.47177841366715
37.37263710352264 42.04612436203779
42.446821999373356 49.62816704562455
63.83058341674577 18.975997855549632
49.785508824997194 59.787275119640185
76.14490600154883 90.89612093689576
39.34033607414483 83.43084112212485
54.68284887842877 24.100358106878193
12.070704312679103 45.03869627242595
23.896438693325372 9.160847819683527
60.27806541692337 59.242162452083335
28.766753543723013 93.81674202437283
24.87761832252915 29.194231544582983
98.14772790499269 75.73077508616696
75.66250989420831 69.80063232400873
36.92543792744702 40.470670235609084
10.56570753795455 37.71631539511612
27.400563100405094 45.25231705715657
54.271367451000906 0.37828803626465124
52.15473615748832 44.13475196484977
46.806282852079704 68.24572323024366
72.18045229257707 24.223555309736277
15.433178348347221 50.99400861726134
4.41704218308796 83.72690141861914
70.48461619324048 99.92906763940012
37.68491334304943 92.38442728663054
48.28924105871199 82.12558269557674
14.921727947450968 29.44640684086661
6.444343753762693 55.966930748749455
35.77739522708596 19.047842921111847
31.658029453797276 35.696911158825785
50.49207394613611 33.41987878945376
53.769589806380914 24.177410071895988
75.55791378053125 69.65907864253934
39.605851123116764 33.09587621229838
98.53427919917527 98.39035723061268
36.50022695874239 92.25777161990511
35.817165519526625 16.501157452551052
30.36315656418762 9.75027150613853
90.44809601435755 57.43817404536144
29.612290178956503 86.4561018260201
34.883015194564 36.985945697606695
31.86037188896964 41.63682548512318
96.34324982050224 48.70468277112094
69.32651961303154 36.462192669380336
6.908920155827247 19.85735759564128
37.397867492244686 86.7769662935445
23.453797500089212 58.54486740657684
21.903323660821616 89.09789093926928
16.509941285735774 58.08267423494896
72.71655396426945 60.53738084135302
35.660121378832976 26.178769867407624
57.534072320760146 48.66220554990179
18.095683800441385 88.19690031368782
21.03152425477304 45.56918651822347
67.38472998416471 63.795801097334085
18.829346526777513 52.85923502010829
39.78661530614214 77.40468630408814
23.342641665152065 85.77705723811012
53.40915204836689 11.879975391236751
87.82807170246876 56.58213424532076
27.716090783576053 59.90565448359418
16.72407088312371 52.22448732915922
55.63573026908757 20.801411573592745
27.94174499151619 94.4233387868079
36.797085509996755 86.72150225937939
53.20287664781892 76.42864572514544
6.1272830139301515 12.436724174079583
80.86700535922863 88.62989182538061
38.72862039065116 44.3060913260562
69.7395633108141 59.75175454989861
75.13393520700492 42.70415053272979
45.17167595936841 40.8023517087886
64.34204727598647 80.41310986452902
18.229630514461025 17.075571203757423
76.5829177830479 98.50140373402793
37.613459259213485 55.73237748124309
7.269898997514934 54.24085055437232
16.863823211359385 39.66934798066527
10.21444438265121 79.32558628063494
52.167589671627425 66.50449118814889
67.23874117483416 43.86161822400727
71.98760664337851 85.30596252135304
15.067326111261103 3.829757573361281
25.012082150318427 14.109518546131206
81.71098908769211 26.3870683042015
3.198271282614973 17.50511645563225
26.30434392990033 54.88247161677323
99.9064763519294 77.73822536163482
4.9506000245929105 54.352863495856774
21.13681074186483 66.29122624375944
17.86574607771425 16.738669145124764
36.74770297751348 82.08013869925578
11.750903672288471 46.44750120595804
58.610919494403404 14.172295274976854
93.99472306110728 55.73510707793464
44.78941298864436 30.138517530501176
70.92970447770928 61.69627850327789
89.3420658612335 99.15540497880603
56.56220157123465 20.639863071314103
7.551611613346665 63.498081357862056
98.67153177494146 9.934049418517798
36.892852089966766 48.114340440712276
32.33639225994015 38.909433444896024
20.97245833509599 81.16790907577396
68.66097017702559 54.31962452205188
11.8335538349003 31.51609358734251
57.34516628423827 11.163802829861869
1.681215816267212 71.61843514671465
86.53733611629046 61.69063042448658
26.253876513215747 97.7287242872115
19.546486602491186 27.807666348351347
61.20479678884513 85.6666589393572
38.92756230175919 54.56272395262721
96.11559980571887 66.42469034048062
27.836185498316667 77.05826052957784
58.93290670355471 94.36770437079916
2.18304811706288 76.9394450432565
75.57752479069893 79.63014816524698
22.729590510958854 38.1656265163685
39.56255382364549 4.9783071590012495
53.935757249359085 70.10322224136868
61.48121794058421 86.82785473957509
77.16072309955277 89.8807475059369
64.41540824996787 5.336465377165478
13.709058143310582 72.35252907552622
77.04824358158719 11.110018707816426
67.72639200626686 49.68209891179524
17.3902507140004 48.034585352501836
4.257979903161746 0.2995426764784259
40.07604856628612 94.86977863043155
12.96761773081333 67.82211200989471
10.306626756911207 95.14279776980126
41.529572225608455 48.8265815349892
55.99882309854103 12.651922357347756
43.74257343951676 80.46134746518496
93.9566270883939 12.77910276493619
83.91801315158453 24.397652594317886
11.222567437968978 51.818165177764364
62.122573168321104 80.37720021061759
93.55297503047765 63.57398343454476
0.3822115747072252 91.63254559824612
9.533691604130079 65.57917259247422
84.27183686609317 6.742368619354789
88.37338639771122 56.33808964802739
74.11530559174444 15.747206399675617
13.996767960406665 76.56286027782289
26.52623021429562 84.8476415444773
19.979081562461985 72.05146673106817
10.768730094886658 96.21719347921888
52.53399977172432 68.65387118966393
16.84628502826049 74.61884527085984
63.64895078637506 34.36959311445974
4.4972390262157935 30.98836968428835
19.159384415429493 61.27894098639558
87.94928776804187 78.66264090889626
52.47035131973041 19.770114332199494
27.438464567693387 54.166428684098776
