168
11.383802910940865 41.16650389019
57.30169861671409 84.91363100939364
36.633649539822144 85.96901063302592
30.78814914514647 88.20247070512404
97.91258010212196 90.86535179184092
71.93553212601006 69.60021600266441
59.3846753434921 11.548615353118608
37.309433591687714 20.485431059067103
43.183672413328345 71.38922104874216
37.33504775827702 59.64424414994631
29.15972547230815 12.71125611005013
43.178445654143346 16.48406026488135
45.51866831376665 46.25183041959337
63.363678629209794 80.64712549322837
79.82184250342131 58.22319328193076
92.0403266381599 98.0125712123613
96.08991990994119 27.44332957035275
37.79194302795945 62.193388714456376
38.188200586349176 4.6358059171917265
43.97731797780651 14.097523685639569
0.01847956491206615 41.64056873168226
87.12611220291848 74.87878351235209
11.28051850284817 86.85097346099153
24.748576264312085 35.400338164626255
65.89298810660031 80.2685442582971
14.92758361398896 53.9820281721337
60.05111645455339 4.83824173105365
29.52595571109049 99.4716236023741
48.58308673117905 67.2178024645687
53.0642094650163 1.7771599425094542
12.476204021316306 76.10453349536591
85.95387494046457 43.502288674879
28.399355113267177 64.23371737433537
26.420503724378886 12.010308393915603
84.51820781634484 40.447027000996805
13.129084832327887 66.16356358439027
1.738602443593451 51.855867345289894
6.182687476677029 89.4616530093649
5.242320596085159 45.6505341391475
17.9095713037697 29.976206874027856
96.71717980381533 85.50189951589758
23.649396546234836 5.996153468891774
16.312717680081377 94.06334559772351
36.77080070196721 4.4224451338424675
17.339494193094694 47.95534219692716
22.83131078973809 67.7314841524647
40.857588290505596 3.9950325348418136
18.195653895298435 69.93100792092275
11.751901292711652 47.70230914718125
19.71533261633861 57.083277920031925
81.49330528188824 90.41567712834421
81.19011459693294 9.589516815972987
22.02894910746005 65.45397969375276
58.73044521680465 88.56083140056128
69.99552614342716 99.97082536123914
85.96192341383868 18.312741481678675
60.483061001805936 22.962790011979816
61.002498521874045 34.70739466574593
22.384841010442578 60.26437579839039
61.24069166109687 88.97304195375331
1.9025996524603461 4.1523730347837855
34.380452049542995 87.5083318092354
37.40513210535812 99.5559731736633
53.48609095542282 19.061543816049074
93.423456245522 59.21031909388718
67.41720389567747 99.54340978912708
58.58363527831724 19.466991991466966
22.537791353303348 90.16557838148434
78.60727947698958 16.846822098156167
70.02128579065739 18.855518787251025
60.6112536101702 2.5285522355710577
4.717738596517429 56.97919823190237
68.96354854071002 33.29483427698331
49.59786318476053 30.386554024381685
55.51519865989919 97.46613558792215
86.87353194502975 67.89769566908062
77.00222249182254 30.908889152071474
6.30822148923702 23.764770585940298
38.04161918982837 90.3932991135795
58.70720812087621 83.62357918614656
80.36931789496722 87.53516296779755
56.90405610689052 53.68820143653438
0.6573478926588883 25.132942281303162
16.626307056109834 22.79507722323988
40.3945333546657 90.46892691642793
37.507201511002364 27.994025993777782
74.24801616160521 85.51240496013878
87.94756433160109 35.94280007472213
6.983621821282315 56.723986065142164
99.3383395700234 21.144784871513078
95.20891849882938 72.88873583682167
90.68230269193822 74.97724972924811
39.88246216195962 31.764613902011273
28.365200881372942 89.81440826006207
79.74528170582732 6.600392332702009
82.15009669489528 28.55250918599127
34.474766522026165 33.50614050482042
0.27787455766608016 77.7988555689611
10.010846498076598 4.198717772601368
77.95632884780791 57.10441463039832
74.72113063129754 50.03903862656654
84.23378823241475 47.68853612316274
99.15414102106067 87.20117891430147
25.126958283227417 50.24131224508236
85.37874247098455 64.04131644438658
2.9682256974963517 80.5130258348697
2.2973737345140077 26.667153893859073
63.24571464803922 35.28724563729519
93.45591387431674 7.565737809536954
94.6010755442606 27.19739653152694
55.114617252772604 30.14944582882373
78.43070955379633 74.62604205891925
23.6648660238467 27.311687636501468
41.16061817497293 81.37328568811368
36.23715639410816 98.23352530328742
98.59594796743345 42.59808677804272
0.4387299078721929 38.37147428433637
79.89821429352253 10.18813720908649
2.7861789922465574 84.06514112518812
20.040230378358892 67.89049103987847
96.57127204903897 79.88137888390112
66.47935713834165 83.512361553559
46.08933255539349 13.180421462822467
0.8682433786054378 83.89472626026779
5.28645521601665 10.879891978875245
12.12343120600079 64.13592597737848
94.08731397680597 2.3007347363764974
45.47320198551489 17.876518884917893
44.56625235928462 88.8486342129333
74.0483031856993 1.1474176153710047
4.770028825671224 64.15693001229734
23.25654586067879 30.841277971751335
20.46687745725465 76.8790363525584
40.984453888431005 45.77019566924013
52.189579604924795 81.83975285219233
0.0774110495497693 12.028097680574101
5.54136324157064 16.88684172276953
83.83042949781097 52.57319692640847
30.636059224214907 89.75150378147923
1.283696212144414 52.21666421218818
24.289725670376328 20.931760509866848
28.984542152039594 95.74864377230988
64.35356813271191 30.165735478359046
20.94874247219639 85.61971457764199
85.92387443055078 70.63492029740559
37.915626926845704 64.9345786568456
61.85443194924134 9.614313284363973
86.4853802997333 24.409794479515558
22.59861312061979 36.51109462401813
88.95985631043659 76.74242625889318
66.08109653149009 7.110458879498028
85.82129737062441 35.26074112799411
77.44616074356901 82.8251870432968
21.119944441071446 6.355528960510126
21.677661378404856 14.129203133829371
55.503285093186214 82.34109457189717
46.3502715862663 58.79018823193508
58.51383435604672 14.557262594974318
81.53126918366277 97.39700007954075
52.06155065416996 82.17046232777726
68.26475482066435 84.22880467917761
79.06470632578387 82.23832938255252
84.42778294411042 16.062442669719047
10.423010508815045 24.697186087211207
64.69657111768059 96.91278736294811
7.591676714103423 69.00979633800289
73.65763975252733 60.639371307142994
82.17258539043758 19.183773157509563
