102
38.85669972420326 4.549040019469697
75.83959490522355 51.92191965823525
18.351363788823814 38.89882715345701
94.12284412374856 34.54970924719733
56.76168629124748 65.52150420086484
2.9826578350038213 33.88054787356215
72.19627983915055 8.908804147202797
54.94006821363777 81.7221376631313
50.48652946112614 72.29707403008277
36.773526126570765 39.33565651115494
75.53871381036866 81.99480833565
59.36413138017844 4.406063705910379
66.27206443185257 42.52674831652319
31.234836078689597 14.54048194173252
80.26571938626587 52.90576652393002
99.23023833344425 7.72298813308312
12.159807084575469 65.65543554553709
84.8577939484234 36.175408145647935
16.027349532207836 8.583597394530173
46.45467532493625 15.583667336338781
35.75507369245368 94.09666674865858
20.237646853794423 12.180338921087442
49.80186146879565 48.01074242691611
28.204131562432412 41.117085460617
1.503455244161389 17.955662038124977
12.465905362056173 78.07268806381212
75.8364440311886 53.35171536377781
69.7005231429792 32.37398415957248
20.313175660318016 74.46237785254952
29.465202446738225 2.5033199939713757
69.57096002676488 75.0741655731345
76.35044263170218 43.702671345317476
97.53686917303064 54.01262767688924
58.56763900820987 44.92972568207154
92.14074592598853 58.829996105579255
31.184367782900235 95.82646304195453
41.106718937202444 33.69407317667166
63.03498936636422 26.965778230634776
11.616545425953284 23.477641053660548
11.370803406113783 42.91707794837324
7.853574846576938 65.51280832957342
33.95817824828751 22.345135821453198
18.766014224373485 93.80231422323445
97.55635932829291 75.47518604841073
26.595354015883654 16.358608825169007
7.171904645542826 98.14362467168404
17.450679673936133 72.82190995607455
58.43139870608931 48.68881575770093
54.277252841522404 25.458582237741957
92.98708703840616 44.97846737022269
5.524263940323248 33.809565986942445
45.11910938968538 20.40553934007464
44.67398463119322 57.007931140705004
23.336714135428636 40.94806968998363
15.310672692186344 8.698324399593716
9.325167639708864 34.293465405618385
11.146766405075015 70.83176220401043
13.346700207436557 7.2516410008551135
58.44915887313851 26.64332603555819
80.84237527991435 26.524840269653637
95.21360817256415 1.3311362508730107
91.15437501769395 63.08041649697487
69.02899392668182 89.21093424196201
75.11747260805602 47.3046024753443
68.35244185886104 28.268252933762472
42.81808222926053 75.36963384824791
77.41494469352568 34.228031384340795
74.41872894101884 0.019975387023829505
53.60595654889568 76.03117803153762
13.697156538683132 0.9033539264946211
81.74824339030738 77.36671724917613
0.1853968250020488 16.083079217520435
97.85548961895714 85.30016674942293
15.182040486962766 68.57962152181055
61.45756935681101 69.73845221704242
32.90555359335484 65.01712279941721
87.92541067195178 20.464572682564373
35.43859058046601 38.04409935330535
69.90833982168877 48.863657886369296
62.43571879907568 5.080164400867271
52.01788934982704 36.93323274983483
62.64208323583068 92.317181963668
17.741293404805013 2.9687609107740043
88.99939168092726 25.589910972983343
16.1892802940925 57.51565821032565
96.02352061475989 92.91059245966643
26.29059373279481 73.48456952715024
4.722982504917361 32.64411369451688
85.14968502942331 52.792149559814426
70.62729199205538 18.202646923199474
8.369608350800705 37.542439442882404
37.60171102494312 6.721783141638804
33.615703945940034 50.6399540902872
83.42679435357206 48.863928497391576
76.65351519610162 6.699078391017544
81.01525638515785 41.83479810943518
60.670894929509835 4.264181724083748
41.07885811746318 18.76682239681019
88.86800899152291 30.17478490370028
54.073450653879526 2.1738316905376642
95.8344685136145 84.33945809917482
92.24409778196636 25.607139597901096
