147
6.168687740919276 29.23374522851625
40.87378351427604 66.67736555034968
43.961743776033 78.36986541209153
15.003342957293086 92.73854567287043
4.84330538519967 13.038385256528894
67.9968711769825 45.80441568041821
45.708721474546806 8.202069009942658
66.23426419940752 33.781092459198504
86.12929413372451 93.32787612333563
43.34754089839294 43.87068418209824
68.58485550436384 38.80664257488624
21.42597448308816 9.657646763139393
10.275113048835472 62.88202772137683
92.19166010360726 36.931616492436945
61.132633904316336 96.76301798704473
98.2103136620084 10.689144655301074
91.70221647947847 7.473753762098823
67.44031343938497 55.00540981371839
90.62799363692275 85.07512516968596
97.07014773618691 26.777453541824446
99.76948092160755 99.96998413614908
91.28745577706262 53.63524466137266
9.1301861876104 57.07980777342478
51.3170426636869 13.997950914884527
77.74723831542633 66.39045871175236
2.777929852613137 9.534656356609961
43.3721933869299 24.395419337897884
28.94567207736669 8.838054970948638
73.22297466830938 78.36629947031788
88.2064431671149 59.41601228789706
49.664611518054144 8.66660407643166
16.05680349529768 33.50892644766951
61.702472248656385 38.16370004795496
83.30269574260983 95.33796203266031
50.00828837254401 6.230508176919402
87.57722859846204 22.325365945378874
15.848575818045251 34.74335380419939
24.12177812812921 95.35962672014497
34.10404525664122 94.75061988151026
59.34642152603738 36.38123297557077
41.37864282647076 64.88324613707476
12.768454103464865 32.17021492510307
21.227149240943554 45.293610539877946
69.10500204490964 23.7485281593418
80.01227048514792 91.35311052469113
8.214239180075754 60.920285755191614
28.880363311808953 92.21079795891298
54.699073671143076 47.61352585163906
63.5283021927379 79.69482374933122
78.00856407958433 37.73271703994716
51.67483139520611 75.89069560861958
25.731728287745025 81.70993801191008
2.7144430430368405 8.874776303169906
80.0934462926075 77.0917969176448
23.988239852985814 72.20490354158838
62.96088088871 91.56768151252096
56.00512456961984 29.74772861952073
21.194487241098503 40.8673846556082
21.56757516178953 57.603663535971826
38.52965932451102 51.289248559014446
79.61291371005933 76.21866029874205
35.94508994017731 4.295622292987689
82.08563418252012 52.45438694354755
31.497282105590084 6.444084670559436
48.13155584694337 70.1458739945637
64.70666041517538 45.85546001843305
39.72241227554913 97.02324200368834
59.316931151671646 18.268114097619346
54.42122005871502 30.1594732970198
6.5704731691228035 52.207012190736165
7.781932204844965 98.72423185882757
28.173967818428224 37.3934490397022
59.422100673806966 88.8578720750958
24.686119787980598 29.419920172154125
1.3170735330467642 1.1592189036018552
78.56745505969722 10.643336733886777
62.459065627647156 83.7251313189639
13.779803420743363 76.21456211662272
55.88837334178211 13.04492587302729
42.83128643942295 83.92298720292062
20.535758154683982 80.90424556499254
59.66936244257825 23.40704871881314
86.73149368441432 6.196833311652905
66.59071020006894 82.42719375537808
91.46036433499602 4.149294791219371
40.819611051926366 73.07177268105376
54.92866266948625 6.399146207040429
33.76875895083161 60.581529654988216
63.601568277060494 54.198777780070216
85.65050928039607 96.88391235175226
99.78024797878152 98.89921699903343
83.59938181593323 77.92515037342658
14.347310178439287 47.787744355504145
9.364444257704296 34.49749038305604
39.38884239929343 4.405133943973338
75.2301472604666 56.075089216160364
71.5451201898613 60.939586013865245
99.64370370891692 27.347410368098735
60.55948349146728 78.8288879219989
79.66768176892562 79.00282115906549
5.939730692154144 25.37033361673331
80.7506548787629 7.429684687904525
42.717646432263514 70.39629712444454
23.029566996206675 75.65811743992373
11.282735991459457 34.99071226834748
1.0348387253503177 12.199903869261753
82.01033353024685 50.66575462099701
46.743800450616135 25.799171180712733
58.80349840577998 10.362702910978028
14.542063605297628 6.911585159990386
45.424468490435935 86.37847788907878
1.0009255916640702 77.93082145958464
73.65946201908143 12.611711736520103
15.414246452683077 82.81811545845191
84.19660800638562 82.71728587440458
81.22294567194503 9.526849338965192
31.889594341499983 21.798682222848996
78.2878835532396 42.17670574895025
62.55210863276383 66.93825421889042
85.67586334480897 1.8271012363629047
49.98547330619485 48.605700422569356
60.62512560199165 29.61940835478346
52.87147235364197 54.305711794238675
29.36423721249102 0.3543752110023668
62.426058740469315 42.68120227271394
53.106238834330036 56.81207297223605
37.40686384469601 46.564405373173244
59.21166593315391 65.35389218480209
21.442426240535738 66.34630815336693
98.66053871142006 18.689547750626012
62.59955717581301 15.898787605881493
73.78092684353726 98.75197296722814
4.705651277020695 71.46665349050657
12.183452897680747 56.225654574320004
43.271339399006436 51.65279821597738
12.773890846447156 91.93863969826167
37.86806988835482 22.290562874472453
83.73962727062064 18.450057445478695
72.86569878680045 9.118982873869253
14.750199369957572 53.529503065059124
22.329072934410675 83.1098631833626
66.88570323241771 42.53364704639988
96.51522656250242 59.18188634610607
58.99529103404292 23.625758038417167
76.46174513119637 72.06069775731405
36.075836010409425 32.918083029062686
44.95983263415643 65.57148962907472
