190
0.7992926390285704 31.35070163931628
73.21769913296612 22.40344750124159
44.07294799019087 21.022907883573872
35.180385489716734 99.32656561495821
85.71108577516719 6.338836277069038
69.00498823244706 31.313891064950784
49.590465006924724 75.39686112484091
89.63953089618285 11.047583417339101
54.05545109401668 17.94219050575937
0.5307511607291371 49.02345213797117
14.451695645870998 6.50866773930675
80.78320057704913 16.499394045367133
90.30832775174746 38.77064475269513
87.61393490503043 10.700467486497933
23.889966027248143 25.477681614628178
78.09506025630502 8.385736150400868
27.68293347892614 19.575376315706418
21.866576687684002 60.50961303591645
89.72916301654323 4.005675838585121
69.16965766036661 48.32457263988843
3.7503162369981635 16.923454327443842
85.13320500932946 28.714089938500532
22.562226994100676 89.23521703653326
40.92729836340262 47.19025698136091
59.07285755345787 67.64678471787245
85.05886121230738 82.27348361252467
17.16745452195987 31.561853904415504
77.1769476165638 64.08917118494551
47.64957642493918 18.50485399736177
45.46050663603736 78.02085799818222
89.30795710390038 43.10231700000253
92.14310145429047 39.54572110272865
10.030282525541379 59.376605352906886
1.399629407091929 76.95786630030284
42.942102582214936 29.805656264618953
68.4041602333117 55.72336001569105
19.186182256481565 74.8615068597957
68.76242528965402 46.91459399288404
63.864229689787976 95.36942200655781
94.12904724063425 65.8283708798896
43.33629773052638 6.448773600683488
37.86585507214164 53.191894770312864
54.25697563589582 91.05886983858453
37.59033568097212 46.173970018702526
7.150534549650612 80.24713539756601
87.7750517032101 85.15015087947032
27.531586685193453 65.72293080759634
47.90514497019731 19.305562649296913
93.78437863776008 7.907124375505681
56.786938827679 95.1451947347889
74.75209115593037 62.19531979969153
82.36344270827144 75.49573946957838
87.03666224858196 41.27576034135686
31.251123176662865 84.27147978755687
89.90465230191164 44.65311869746468
93.9691918997251 60.93751347120524
53.83227763135314 24.826192016758597
54.566043479074914 4.2650791753396256
42.401554677236355 59.692768632161005
67.29820564505073 5.3901922333536305
73.59204017418747 40.07160284498434
9.79439102435209 82.31034399335061
24.853814514516703 90.19098252778578
20.79293252773452 31.13235288662417
35.206137788799964 86.73018671935587
32.33460365620664 59.76684343520452
73.2652595977917 13.432065722079
16.971523392214305 72.38374995342781
45.301944524421266 57.0347469150148
60.86691195092316 82.53966571729963
33.44270076493585 43.7669663118174
11.311166368058146 33.92345373375741
58.70404092285406 2.5188512805108476
7.331946169322179 53.030743478783606
45.899453593295235 9.865637696516528
7.4047902753156425 42.86898216704772
93.35074500667358 58.12576540461433
79.54867715128304 43.9748786571761
27.433140852191997 52.852046327441236
39.75228935693256 55.47794660248838
79.94201398041156 21.591832319611726
20.893880694683286 25.629384276390287
42.707421315326975 69.67659389523381
91.68511809263245 6.987429205708806
84.12589313930565 37.17291279875107
23.530434595925186 72.76395127969661
83.17691596298357 35.31201350907054
9.621234119743571 85.89511024684602
46.81255483857828 36.42798417876377
63.11152809682292 86.83721468342162
69.75668809466487 27.844357377859208
11.13185917939986 8.786529423559697
20.923712336407185 49.76136036728717
84.6212799635687 91.57266019121731
38.361781033306144 15.648248835189904
10.925316877756275 84.90096977780695
23.93663080880204 60.540902475513214
91.0785192344122 24.475532106315335
47.96670361657994 93.32259331042209
92.74985243248126 10.264641844800625
19.820930999667418 2.188231733715562
11.208159750196401 8.734198995295195
56.35632428597886 70.8697661713417
80.22776259749833 86.62318253962187
32.348910087704084 83.43934760454316
12.300310423911409 50.30493790933627
41.17035983225234 20.565454191780784
45.47911003219832 65.296041418318
95.88042590360992 12.49516651737591
32.01622923247503 55.791893508072
85.47028349408919 93.78756727474453
3.3799773314638015 63.35279914379237
91.30334278843131 35.95843465702225
89.7908367440287 59.742500987160305
96.23143068369858 2.772013361456438
98.71927431908276 49.87258030473265
49.76966047746452 12.046150927676258
55.55760882540209 17.405164560878315
63.406569957962155 96.84850634027164
59.41705321450247 11.667148769542713
84.94491062517294 45.162275578573876
97.87993759726234 9.902190047659865
52.32118353236748 65.62549912673464
34.56514099375353 40.798019348306184
26.151509584881882 26.33359000192027
52.179830708985165 78.70921931435852
31.128242833597998 21.834460496595987
76.06359509188073 99.01697861647526
46.33967333092086 80.57265350981943
49.39752274506405 82.92300284927138
97.52956672395851 36.578017499684776
78.98682087233409 79.01980366177627
13.15764756036728 74.81005617372276
87.76385379112024 10.441615906725998
72.11483538982442 60.55803382038185
36.88320783151716 40.941928700189
70.93084049401662 1.7686535594197528
61.40014226869107 53.313959091627474
15.281840698224702 55.58352717239994
8.969690548149579 63.48111478467845
61.61243543433916 44.828359375768954
57.62532634747003 26.638265476625943
37.2102135966728 71.17164384644934
95.56179974933251 8.214873640755139
55.99816018591108 85.3346752189408
3.3871693031090833 53.84348256006215
56.02448185349487 45.4851970056561
82.0329645722909 76.79831687436311
83.33409750813875 71.28079039168162
84.8361731960375 3.322125910167706
51.29082001652022 54.241818853403466
0.0007900098475732698 62.48204341001694
0.15186257264779845 44.218228300050846
6.2366102625365905 51.435156360063516
6.340733828223621 68.84938563157003
33.33741202262478 99.082327593758
83.01295984557333 15.9373087727396
10.319741405099048 83.51840465571756
63.378923682325315 59.60589548665101
97.78257504256072 84.0596554071838
57.82193174035521 23.42272736314188
84.73055309925005 75.4186310552898
44.006374564958165 57.448547472173864
41.3200945752507 92.58502205832069
23.242741985877124 15.06816806570086
93.89895611714789 87.62060054223313
57.0345816031672 80.40774898354012
63.56947930050863 14.846945955273782
79.75862116859706 81.92367901902698
75.76531897164175 33.46900974136203
83.2465020760745 30.90115714702204
77.61550910294831 50.044391605506114
37.823650467070166 70.92154338483559
24.668004981370917 77.5782591315597
77.34894921645453 42.37065603272745
13.37353589991437 50.655717098793005
12.241308706583197 81.93251456988794
32.183586419699765 76.38295205690594
92.46642851690194 73.49478955953455
11.441405185368026 25.986023534813675
49.58181057549096 81.80079268778016
98.68592592236713 84.63149195902288
80.85677183946775 45.406115311354014
60.62819400923046 46.332656880030655
89.43397590666684 31.185500479472505
81.87789965935436 58.02740962812848
11.815550453672575 37.63154991103323
1.4342195734758256 51.425109178633996
92.79294209221031 41.95460506435283
33.40313504263418 56.78002813402176
