200
41.23685339767745 47.84579204441594
87.66007835383387 6.421309336568326
25.98213320509378 93.01564362921539
47.823838077345 75.50404980224667
49.622632390801336 61.79601027055749
66.84847986408921 45.00249546597841
83.2163419045023 40.580336921691305
82.18750598027287 76.68968104020088
25.92997641708581 9.273949473937115
20.899121651106277 0.34329456861265095
86.93838385791238 90.00628889174334
43.84412679181281 33.91820430550416
64.35799990938771 87.27255237655977
88.4759566525289 96.55612490398482
38.34503209788379 10.275475483020635
80.48388695844633 33.33495705649886
3.340749250762731 11.301223969103303
92.11677099442697 74.15110183920386
60.98556077837609 93.86519410630791
0.4429259178691525 93.13091531207502
46.82498255001877 13.691066494736582
8.728639202250132 52.88067017581044
10.0461487445341 50.9986235319315
5.043667341258439 22.654302368627388
20.307785319764292 29.709251892082587
84.04583689438445 66.59167929867401
28.945110455930532 89.51576324273425
83.08761316043238 2.4468163510831697
59.05363134316719 96.68762715068243
14.8043526733864 44.51764172181918
49.12315767432598 50.3544347434793
89.30128159661402 24.636858518668724
0.4026648205970762 59.242975769267204
68.59071871108769 78.85874183351703
69.79499585189146 70.74492131475066
13.004557581501341 1.4253962437312917
93.85931714076735 8.053327123345221
71.25093855580356 4.5167019888995625
69.00491194720985 49.40445382152592
33.65239023886404 5.56316085535602
19.780924409835787 45.905211063018456
89.62307952916385 12.98335973951935
97.95570558047987 89.12381597649751
62.009766167713686 68.46714136271382
97.16657605602529 87.6300479451302
97.11352033375324 35.58158794087986
85.9036364084998 8.130285239716194
62.26889898272505 47.490956498837825
89.1579281454318 5.907041049538952
85.25461206969115 2.1982064646147825
59.8350498864867 69.83668306747842
44.2657851426187 50.28342656644088
34.166664517666966 3.6675171061052447
38.710753529453 41.87467827101044
22.27018110395058 26.73955869710808
86.83528644353987 63.05265040860184
8.866678961161634 69.56602614339164
67.57817306158557 75.40075543424365
23.615902216754236 10.11653642639273
82.49185198680581 29.811564979968395
24.96177960345295 53.32772616381142
41.013107376397585 40.84819032516185
72.30175323470829 16.310598923718068
63.67320976037622 58.024338434901615
14.713188661134991 13.131849753474267
30.17152707055155 53.273547826475074
89.53998227821225 16.284331132306573
81.96676527215593 97.16178828852742
80.34373523800159 11.335337934534762
5.003831921682567 35.907289047431256
90.03899632006375 88.62434227066034
45.01710109231054 8.694156691082233
61.39136290416487 13.593512808021824
43.01802049901141 32.8551921349482
87.90150534901915 25.1559479598243
92.23578439383073 55.90060090951123
41.14244259557407 76.59716623006936
66.08992979674075 25.524797444825598
68.98493081238105 9.945806271712975
92.60421347037604 8.62621649115789
15.013072227762148 40.86085530369245
65.78738344708482 67.93415974823637
53.401647038198455 94.86914142428901
5.010167339740301 17.46615358943069
80.93889522094435 23.812376992985364
82.98690473462382 44.76450651446068
33.53747738738133 64.35802468507084
99.05320282911931 70.90807043765514
76.11972081921765 73.1528813360957
5.044691673468593 63.44399231366319
66.24875876391195 8.303605396149838
32.745554829757516 99.53243262024411
27.34449406145152 89.86737087847432
36.44614816339144 39.61615871223159
68.17466546916694 18.65739724992741
55.66868706485055 41.02594715522753
57.39374455045437 29.70474915225513
19.631611122856796 56.46626195367915
95.92799149895697 69.53861679810007
42.52877251202853 37.87664748576019
39.58643363187818 75.17704163419839
33.75350656902463 73.55997720187285
44.708862405316616 39.12624145881502
98.8169264479693 70.42527358182068
40.65534180085349 82.24232338022796
24.31475504435453 69.1092612036982
55.20118721638879 49.82994044604253
98.09834408016988 46.89165684399911
95.15793909574515 35.26423385217855
50.23223913774078 43.55040906105501
51.78093262499499 74.43235465462006
90.17372710496308 97.87132466373154
67.5602022218524 98.19766416052373
5.3268390201364095 36.99351779684489
46.6756624060412 52.24210425041622
51.124574761749905 45.233680575578404
0.9600679639520493 95.85090555564135
88.09068910090693 32.72780535837171
69.993811531744 48.4006834388247
39.87151577284948 95.13891486203488
19.881976358113395 30.80164100536713
13.825514890150858 2.375672856823119
29.90577815213945 17.29578940364238
8.30362286696078 49.96326929308956
91.90403809575055 82.81279978635457
31.841588618115292 56.262233905463596
7.586168226574608 11.531363443583874
53.94029620494357 64.44728724093716
30.406530478829453 79.79358608716133
42.28872013424362 59.836976194812095
39.90330516567098 4.851342748027376
91.81096487425239 4.076273809570097
5.6669373200654904 25.270187054359084
45.30351332551065 58.8278736148738
4.287972214807489 32.19127655543731
85.71113845107385 33.593436954439795
7.0756756937585985 86.20037081212453
20.718432560101895 63.44549261755456
51.111637198368996 13.806905401609203
1.3267680818074723 38.5245079736072
21.415685603859025 20.996296556062855
53.636513482521444 70.63936171141148
80.18195511331761 9.586796048541292
12.021775353196485 9.947611793342759
23.132323782443443 49.490546399322064
10.286366234032574 4.445994466406744
30.74118746757224 56.46568093700745
86.36192443351925 87.84746425766667
74.61074585127234 55.59623444184886
1.6946366941190671 79.23781826461357
82.06051562176701 26.358400043714692
69.79476921143372 89.0578003350199
21.933383538048133 26.663412925326334
93.58798523431318 1.3175796120470484
67.10360134183647 14.483732669578842
92.14567015714945 73.11174903379217
96.91061737835597 83.40027502030219
34.38930236772247 84.3761810901979
64.2120640029232 20.44657174044
16.80245720397685 79.61477205430688
38.134868219948444 77.04302722827073
60.32943267336284 39.60648211445245
96.27697279769869 99.29858399135328
11.575842190823538 14.689587800659742
32.2708733842468 7.986487992354984
34.66023597076157 21.346432919514314
95.75418104267767 89.57647063092878
92.83402416178936 92.74697180351026
20.673723322726755 5.689198972273479
74.49077537510614 18.777695010224004
75.10459817801984 85.44659835990002
18.67064348682955 41.089617042206314
57.45315177055063 47.78619424165892
47.3282245928366 28.418510005743002
77.75739144527695 17.423907656644232
67.43588657862387 57.143864267871244
1.9282793756144168 39.100670748340114
43.277418604526495 42.49988696929306
49.71631064951592 16.522616345936335
65.42894652960989 46.25915939308209
52.98421642436466 36.49313809163566
14.670172293230454 91.53203272235841
96.29935538531791 46.26869983249223
79.88548070866302 85.39610245712714
72.88847276588558 36.36253520225654
54.48596201561986 72.13722446366181
93.80561030563987 0.8937290101091677
64.10316820979696 8.716855574625681
64.94024538502038 61.82908505518151
58.045846998609164 36.96304541355244
30.331644039944948 24.165090276127554
0.4418056261180525 17.100988866643398
43.52892846885346 33.705013319986385
50.695898499299695 45.35916633060681
55.29491692421653 27.441560086687378
96.78619948428494 53.437179911751656
11.476190101779437 14.761049940255532
92.6528365888475 51.50204386475467
8.195458933950327 81.36644028498748
86.28482437905996 19.787907308658713
