111
33.07975690593291 91.55044820600125
39.22650230042102 87.02952835734948
80.58551924378442 42.57398826347668
76.51120143817782 2.1751844573502876
63.036179470070365 74.91488471217806
13.22180133259293 90.2952074052019
22.64928429508727 6.2066895064814
93.53602702259928 54.31298407350585
92.98912602145856 79.59184151271138
0.5909033457356161 29.287900627781294
26.176606875678875 37.47271660104954
96.91477189793467 80.71008088424833
14.512863615114446 84.44807261615324
37.17797374763327 61.342412462991426
41.633322672660036 41.88392908967058
77.73802272784857 45.31124154592171
35.176354548127755 0.9078545479082045
74.55483429410926 55.10898182946345
11.6971525458466 14.506054156078008
82.92328115942236 93.15741430106351
76.10446075158013 66.60201104860353
68.41442284976806 57.04344850095268
20.96353587283134 64.43628811026507
72.54067286180252 34.36932337232178
4.416355790712034 27.327401565814668
97.19165614596264 39.939663468388254
20.725685574266627 14.480275752864891
24.437780831271184 63.06294901769132
90.20848198569125 28.49878411060789
54.87961738145264 42.387817073224355
74.83076484387233 57.2791758785663
54.46534128485824 61.23312130471744
11.226058235620041 41.58787482072061
91.92631375987288 96.55520196214576
52.683481792251705 79.07775194456438
62.66539436124453 65.55176932296182
18.643894581244467 12.849849267507762
64.06863760340403 83.3233174693814
84.05251169667316 3.0033641678110845
89.13506762661908 53.67258634100085
56.28033848098729 90.21071616851103
2.5269512127331195 97.0077514227053
16.85312322571495 28.75372618293791
60.76969453188673 26.88343587788523
49.428600412381776 63.498964425381686
84.3512282987782 59.57784188764356
55.593605553543135 49.41802779111194
51.235155568456925 99.40169213613575
63.014638981434054 57.62207461349832
89.87566556335209 49.09202359093528
18.425153560680872 24.350558969888702
49.37252353553993 88.55234940066956
0.3331784229460233 64.60121070523273
37.45646098509992 61.485361067619834
49.13298505135034 44.19128468852034
9.390266135693793 81.18401875555297
7.931178924464122 34.90974738636243
97.79802636802387 33.43003637758677
45.58622832464542 35.8447782681222
89.64223210395787 6.955902624455557
51.43754042094976 93.69054552515017
0.34114250814558655 33.027904467519335
69.9124243123738 6.370807270237977
15.62188870194876 5.838384622350068
43.02039143068238 78.64304076383593
29.46139103489549 12.994611111464028
25.313284008016733 43.621984462801386
78.30868212279934 23.86170213443729
74.18921764705699 70.29333831781457
13.402934500860475 31.78262951176195
91.13256068580499 38.376493988267846
68.79918518026209 31.024795200938172
23.208008329658114 69.82540615451279
24.071055894581473 67.0639346595463
28.863498516032305 76.99681629680497
84.96454364664409 93.86354048148198
8.646661777851705 95.32017792966754
14.171210193821848 79.01269827107838
61.60252644044171 60.02336203905922
77.88974859103142 28.32709994092337
27.550983063872682 80.55517663028854
57.79959398488869 58.60357845625025
9.845433025324857 24.048081245051588
52.68480669916924 57.81649485568742
87.61272668077432 51.474515906173714
91.61081291938409 21.29158369681081
7.996122636727443 48.99694707787052
65.16119321168 26.66196417635701
96.40973708396132 48.35150319523627
46.80051865424414 71.8171888601898
43.82707218479089 42.65251870028989
90.58432141144512 76.20899580974667
59.343849381247324 22.744870835456343
64.05682195210987 46.65780726105086
40.9221077490733 72.1684394529115
6.955132075433934 64.13116451761229
85.10430072879274 21.418624273255027
3.2133032106762327 52.12820019818175
19.149833609140643 80.40767776519185
76.74841002169627 76.02053206328803
98.40027991075858 74.58124936908834
99.97545577902281 42.1657008587558
72.65000298847907 51.74874217062343
45.88791355157239 18.982544818432366
41.42199649563631 7.619409813761335
25.602019470690163 83.54383069004655
94.65386761181632 59.99451938820221
62.397828948606396 82.71237405380366
35.979005342982425 1.3371459367062188
29.23762969835281 37.491348737244834
82.5110577052405 61.670198467370895
