21
48.527081413626384 12.766300703287303
54.389742162745634 37.469542149507184
81.74553748822784 69.87027849041705
72.14752981766738 39.30906718120032
9.727813204229518 66.42445668225356
5.9282862580099955 29.72347153365543
97.28201855320819 24.533924513607953
46.90640256511974 96.50231667583746
79.32622333553904 24.35042957506177
7.505980438523552 28.295836677773835
15.092440389825079 97.09009613698449
59.07161417513351 12.124543637145834
35.14267568774335 63.12774277974784
4.339040663529337 68.3933737489864
49.65219446487066 95.59438331701008
99.38878254510016 36.579141440084264
24.24143008807699 55.665973265065695
26.817743991066358 92.66938200728485
38.49999074490277 92.63756476211536
16.027964009648223 45.867161953128544
18.990503789266487 50.95913718999544
