196
75.9522485166737 92.30739708584008
27.52075514309713 49.636507516659755
34.60304860818919 81.45660367716413
8.207271786661552 95.65639388254769
18.22194784062393 48.33147740036657
59.99084710792454 55.043963137175844
14.559577818232006 90.8307289424664
18.21162673246768 46.08057586807792
5.862815541204547 36.29034470610387
97.84532208627887 99.37249294383855
58.978598559393625 0.3980680408985138
39.41569676434057 77.64748047605751
35.69723956946045 48.55972525743848
43.41436632190789 70.63631260670388
98.47912241298054 49.73065906170196
60.16489100599644 75.8439768014038
68.56768062292626 63.455037181174355
67.77353011756142 52.72380565287761
74.3081977551595 42.267566010044874
95.9128154000717 55.61633095179895
89.53237892431343 27.188551507524927
10.607802175020852 94.43518038890036
62.45881759187064 92.40842079241469
84.60470357551765 77.5587014715085
92.3475569713893 11.306845995603132
96.77577784735053 22.206993660848983
32.08030163180442 49.853222958835865
71.17667657454156 12.525818681348987
40.70141984246689 69.48405201603782
64.29863511143915 71.11978702814815
44.04925068309805 93.32596764795403
1.9660243026823343 62.98635638535177
49.48694226541113 49.03191063426758
79.48491025719534 22.554663365863583
45.694768418572565 36.5810556922176
28.171743341064335 39.92180531446328
84.10037417975128 7.628869820315365
6.139488938493676 47.301184619659374
36.67264359049401 64.05204876979819
44.534559097271995 60.65351681962427
51.486865785473825 34.37272858274702
78.38685391806993 97.92913847441062
63.84771570846204 93.39168211417007
50.89910349007716 26.66988382817387
96.5036458448797 5.269816006896577
96.04316860332479 89.16747955575713
61.30671883662323 22.750763948224563
6.254987562612668 68.88624924759881
41.96838839049496 88.79370925339958
65.92833823795635 25.89308035395691
16.376786018145328 58.933695258273175
98.56389804316844 4.873362102184009
88.76205432420295 51.441453967491924
30.323264742444987 85.00734136993782
59.16373761794866 65.89196676325197
56.9026936459082 65.78798591736067
99.68008813798438 5.563181674677531
23.14858833449749 12.557185392353166
63.501895593585274 68.98788922835799
62.998222253643085 17.192833337992177
26.872105653306367 25.459225776087592
1.4197493041188447 3.625512352883631
21.927134582169437 6.935412212620284
85.79301699103895 41.87727663571784
78.14184543525838 90.75247987359411
9.335524378010906 50.366169423987884
2.7208544798641876 78.29708383302376
36.742930622305316 80.2819617155637
30.11502713212516 57.78222974866005
55.36274028056678 81.96888431099744
15.1064398508037 50.61330946291995
54.120398915616796 42.3506033925403
1.7568853846865795 22.134890903054817
94.308072193854 26.341765117644332
70.50389454860469 40.74548479098389
94.52049250096715 61.843905611047155
29.476821859560197 15.421184475458904
71.48335107553501 28.295056502375047
74.26266234449066 28.970282744473085
23.08672097090465 60.88800054345123
24.493993600115658 4.84498224274994
23.342294277074416 66.33230841403176
67.22815856924123 25.683070820834452
75.28773789472757 83.03339867148432
50.66260507203953 60.62242917101577
78.79376315565389 85.0410809982142
68.00647489236825 74.20163851363199
55.81548144523247 89.45120732726328
26.489527645042187 60.02442183533988
27.724374568760478 64.45368727505704
4.957091582097162 93.11089551380395
97.85542003909016 16.222452869558136
68.24043184516026 74.82734090617468
92.82494722787263 77.3954555676626
0.2270391228699875 71.86996884517652
19.419119446034692 53.68393064300568
87.55166566083825 32.367391330256844
72.40737900651831 27.05058876111528
48.895131998995275 34.31900046875469
86.0266498408785 57.4717188533214
14.861257801059736 67.92553566526638
37.14938652394787 22.873424456817904
59.449246678246105 27.592537733368218
54.199904798382214 51.73231464175425
45.61762783289872 97.34104932845045
53.35461809160403 72.67303750158032
32.97222257789749 74.79848755206663
13.735291354107549 68.22472948246559
71.76977178448944 4.107686351765938
88.49833140358545 2.2482591319135437
28.208086077074036 67.03692517666819
23.330498792439137 79.06612516496008
23.155464511702583 35.622856315372175
76.69059540341824 68.48276587321406
40.10215036908066 74.29380119485079
39.26748813003642 28.986194287119172
33.46769358846109 34.408866073966934
37.052488150199196 91.03466116476585
83.13028554118354 94.31423518569638
99.47670613157712 46.31497793500385
14.48084211593066 53.708232341156936
71.566487171958 80.38661530638997
53.410460386752526 73.76180413554316
18.842670600689694 45.91339299321472
79.64373201515336 68.42134351335794
81.49040535359595 50.01490543069935
11.913847764233065 70.35333621575832
10.601915146430652 47.571392371927004
17.081255412199713 59.97185144550111
60.18181625997191 42.64459263466915
12.431734128262317 24.62132794643862
22.376256841952337 53.87809084522678
51.09113705864199 88.24448404812928
27.39114604232642 21.636753876021885
54.861940497666374 70.05855334618832
81.03944634219661 37.05225598453323
84.83299512469135 50.210182653408395
42.05754286548484 25.36060729569092
14.591737311873443 90.35104149653358
23.19236788050183 94.22413406311418
44.11135542732061 41.15912806179149
97.5949757382724 9.753549351359592
27.939056378127436 80.80749960698775
93.28269674664077 73.54585443187594
23.638961762678246 23.16879248313616
51.926420648788586 41.3694513455106
97.51518796832944 50.79138389496263
65.36857616807367 28.834531541358977
80.73914543319847 84.65242915630171
42.515442134739864 39.92408799669763
7.53869180951674 72.60097322425119
11.024998503885941 52.166153247631996
20.22418153100195 88.9654067190299
16.22782096426999 45.01111123792381
95.24947069671066 55.71589042192723
2.074546369645436 67.79147286455685
63.7103482642146 79.29917235201174
50.84223729415922 62.304596476489785
6.314390555301175 13.2604306446645
47.574556364983636 67.40820444585177
49.25716792395342 12.077653955424905
20.106315494228568 49.77249656276106
12.663751742433526 1.9942082389771243
69.3668183701158 38.044491358795284
11.203487362133135 70.85721661788158
56.57648782948538 81.92371682783805
37.72802612982006 37.854656395638095
73.4535901550983 13.6265322402369
74.93966539616605 78.67187873912872
51.68511580038301 41.447185618376295
38.022972348947846 42.41703428085901
36.247520693573335 9.333865926589613
19.777341844716332 2.8236008526586476
45.88327468645738 19.216537548042766
55.273450738978966 79.80483683719206
36.163207094724626 7.462124063690023
59.44656417797718 35.58464770876978
49.0347846245351 72.62361034981012
4.60384492465934 12.205821139402195
63.76262486953366 83.32535569861419
34.171187665502956 7.607636183502997
66.92098339454769 48.11509683396258
54.123422167167725 58.702322441214015
6.368238992627773 84.13983157555998
88.58655812724122 14.423294100510553
49.33859776849477 15.840803618633469
0.8240273918497687 20.325166608494094
26.50628536924905 50.90308206084422
83.11553274155969 94.5131305259458
42.22516787778298 82.99399146240397
78.00056651067733 9.61458525521376
81.41865250239718 17.793031284769278
48.21601305067244 30.749452632074213
43.63057529619382 27.578769063364884
1.1314407437436946 5.617074553371082
31.65800368742344 89.71145250449725
