149
85.64808379795743 64.95763640445934
14.316349178546462 24.665743990876166
88.8011278086558 82.36339014779406
24.091803825495695 26.254191087921264
14.225130502516858 36.99342669500524
59.3384813255753 54.38323805979679
76.11345392449908 70.725854405571
64.57624948885334 93.43925233895922
89.2281781089606 21.949824822329823
68.07463794653219 94.54660664795595
97.26043546081462 92.49961134872277
40.30198478743861 57.21751461532967
58.39566022867303 4.497455944610628
60.23074267169433 86.31264021376944
59.40675967133944 62.922050937018334
75.98719320658329 79.30475364613264
53.29845004731886 91.53387084706499
27.85462603919122 51.27850567230866
44.487550278051536 68.30603229658895
59.21882520607088 44.1254148943544
47.76557628122687 44.36380399673497
98.27967865119955 31.681197761812708
3.271642463650404 65.00038281200207
11.259403977290926 33.99904627882917
52.96961651454305 28.918133699267933
42.90832302443703 30.445768587557797
89.29868330611195 78.69723989291577
98.2120528929588 58.241991240868686
48.042383743132675 85.60389506305575
12.710293060678335 83.59956295736504
59.418135718921135 98.68038149008132
50.45276763108338 40.22435110601684
9.95181473845157 17.80761691289593
85.35752227674551 61.630791088485736
38.42811735916419 8.19535978336795
57.55361581207842 0.17353707333609414
66.34781457923069 28.20890187804943
42.01880249642368 97.30227074639116
49.7511437125446 21.619177975154535
54.07211245155848 99.0597638507707
11.888093458381244 26.961903631555106
2.1780892067502555 0.2959100962320771
61.01558992337911 88.20632300064084
72.45665986527555 80.42140827117285
34.462290098221175 3.8116457457523345
93.89770926076963 10.716958418217558
48.00606189427042 46.42717654324634
20.57587175077289 79.49858371261024
90.62919316315849 55.43544407251392
88.03828560066472 45.1757315585386
54.690473731692634 49.9000708134817
56.263445487980846 78.31783383921174
43.19491223932196 18.00444647688154
88.673711776088 75.1720558458219
74.77809574029584 55.29317745943386
30.131456344978446 73.02994927317955
59.66731098451944 85.02632164331354
71.16737386621155 57.74088791619777
55.771874473663885 56.99269984836328
4.080697568475323 35.5985278349081
78.31048133535799 78.9079896215201
74.76239369878765 75.98608468615
88.43996219458974 64.20951888734498
73.5993327979039 86.2098479352582
39.505057103528344 99.17236011872251
46.85349094068466 63.96649570111445
40.92843966549607 1.4086972590592772
60.04468922069678 54.63614607178554
81.4370496573116 54.638943453221636
22.570120738196387 32.10184881473869
64.98325330679788 35.3824855676521
62.659828084819914 45.48096121530715
39.01102119333173 20.48550734273078
66.2192372651387 0.11943578847053438
86.74196464332013 37.18127423056641
71.19557147699416 53.36322077457617
70.38782813882712 4.912092441922155
28.10711442021161 86.4011458922637
88.20007477347622 67.63408401787542
47.15197609649563 64.13505664721123
43.37739381901905 69.05616690333669
27.973543218292463 39.78565803988422
7.430909898903915 24.76912269146352
61.30104343258822 44.29325407256637
1.7635580076478918 54.35771007219928
6.178624023329737 91.52459836445722
80.20283783744382 64.84424887687878
85.50052877187314 44.17834381796036
46.492629353614355 26.222172327499848
71.657938607073 89.55060933783798
26.06697423258073 4.061182489605153
35.2988191125411 67.10126449427585
61.86113380926687 47.96733965417898
45.773065439737174 65.76234833970956
60.28502461764317 80.52376225107339
53.0963116246237 86.06978962224503
1.878963051984206 7.507315050834329
37.15829343974448 58.927145230228504
29.320400216699618 15.308436235836375
81.13549991809442 34.10632181806045
0.5849519688638893 91.5032148643399
36.01503299671657 27.994011716720102
74.82845993256177 24.722855625693384
1.8757186128250614 84.91524761784949
10.377861683594869 34.45823515905525
21.41258447903862 89.04655053275053
54.25173988350126 80.15965690692433
71.1315585254418 39.1541665915075
53.08427303274266 47.37766041889393
63.68649938951846 73.66012937563782
94.88334367166131 80.31346504791071
26.048392934497176 50.39554224629635
85.3400404353042 9.798051497072013
80.70096178291087 43.583936580708915
68.24111372974805 86.75038350597526
10.950455886596956 3.581754522315417
21.316606824239116 64.10842498951729
38.06926142975483 4.371551688603603
5.4043186614111 30.713484292365834
19.901719303833698 18.503949318021885
92.7626384734988 36.050863503485594
81.61619341195282 78.83534928692895
37.794594294537454 83.768372497913
56.36035809440022 32.746466448439634
92.23804499508647 46.193739896630994
90.12155754998909 63.237597907450926
31.968840490715877 4.545512534612206
96.24501220220894 85.57770187112706
17.402797696322757 86.76908197847347
93.39059912498206 21.33481331330985
11.949514942624994 96.36026890598461
56.45752888046087 94.6359707888653
18.4331720261526 33.622902104913564
15.946396239872884 99.6286895944666
11.230082934975194 28.386218079722013
61.69819000048814 98.01386549002228
93.3406128474773 20.30473135738505
47.95805486151672 68.82845700703814
31.154764285315085 35.78843657456009
24.84373972711389 72.47751301182568
54.24431474797573 87.54795066294217
94.82476857080678 83.88990952306456
57.93767240422165 63.98091878994377
52.96295498735688 91.35113417897573
39.881912879274964 73.68901627443117
94.63799581316736 14.969801599682365
64.92468362513024 80.45035497088352
47.36325185953676 95.92735138047092
61.904688206213606 62.53773528154354
