160
12.189925055266615 92.8532954191388
22.86097079058551 64.13508588508378
84.75638075219638 30.05091633430277
24.71573858166568 68.49451787321111
0.6380327530433272 57.45590527054849
59.31979503626964 70.20273751547538
13.154331646979344 88.9665314758218
75.3876185396014 39.69896965661269
28.070063613312634 52.98150316946037
70.74402498678073 76.95934647871744
75.30758133247792 56.583603609910014
9.302138607048516 1.760527517576227
7.877537375952837 12.73202121581548
69.55202115608732 20.761274582316215
91.18928649570292 43.7905991390242
24.881869655417276 10.317417847256705
42.09985393624718 88.46811901987353
4.829501139249748 47.80075887746054
76.04523512659755 45.962395722773074
67.70291130441858 62.96397172615944
91.78017439956469 31.903787284378616
51.812833540559325 31.68817460348683
76.62789169903559 22.62532453320466
44.45936989092115 9.2633858231416
17.508238727221638 94.91780541834348
66.56327815831861 57.54162454338822
63.29754307315502 77.42185000247133
70.77277908657217 90.85000673883019
30.85129825336763 51.21387781507059
77.89007196182594 1.7062526933487088
57.26994237993678 21.860878537231287
30.09102605183971 40.610016631831016
53.485489027124125 94.93091789370102
72.38724426950851 70.53186176476179
96.70007357971379 49.211870105335635
26.064242943855355 1.9075101937524042
82.28236017236843 66.39657743140975
11.55545870661393 92.80180785025901
93.51368125832836 66.46385088560604
29.029166718991682 67.88456151778878
27.095955958963746 70.755514816684
16.927771569036665 11.612230057221263
11.501637697980671 67.83445751416569
5.991050336259319 29.611796730690255
68.20150671477361 14.714465199149984
53.55381842012441 49.322976946749776
81.83897034711856 77.36141855891421
33.42894005280347 52.09512590142339
90.63732819486977 29.241295271730305
70.38193551774138 57.52563523690709
12.17014348898411 90.39667748488468
58.4612626616965 54.0705673048405
77.3346489467316 89.2739446970687
52.34753534110429 67.53420597148799
24.25778214714257 60.26679665763274
83.46470000413632 0.630377639798263
54.22732021742195 35.62416743300116
76.3190450665027 64.11017463177635
37.33125064094246 45.23241475956282
62.79997633431667 43.96086750166172
62.52822182311024 51.2033607247393
32.68988566193283 43.83799801917746
44.397179647549336 51.49655063361017
40.98992545390278 14.533865870732898
55.84079390398771 52.85387764359353
14.544524600160457 28.960555113029518
26.831680124692504 29.8937838794783
9.386876561318225 91.2752066264839
2.897243312690112 47.77150098301757
19.45922191224877 81.29419549054977
83.00360713382685 46.86186935865072
91.29582255102632 34.60270970720105
76.38569224840826 59.72889293046737
8.154932973357077 51.19858386395221
18.061283634195537 42.39242094258461
56.97154967728546 16.160100957590696
78.76166443742932 69.04823331404545
72.38833333148324 40.47965215982804
77.21161186918512 37.71947617996454
53.82969796628168 72.89318133661801
60.439895160217795 22.48141718437473
11.678875862972294 99.56886905810957
90.60783733352865 40.127206871683185
32.758634454128 32.47980060359367
91.22090986152362 34.78036020543217
23.50993869461825 10.35970227939098
72.25219112464673 11.217718554353684
7.717842358987015 25.590176120784868
46.717292996986224 96.98907253711542
99.1778814104085 40.39574194178436
87.92127516360644 40.42296019830033
28.38789067685856 67.4181489666519
39.5099458334762 81.63071605023787
82.3952950211187 72.9871532574165
69.11921902735895 80.19158270468118
20.456437336177935 1.4437961530667898
32.649826522097705 60.36887639545899
43.81854332957391 41.96391821194193
15.285659619514359 84.93803857966931
35.040044611368856 23.15808685379671
82.74848030283317 31.87724435721815
21.94833116706626 83.5276806742483
24.34468741018404 38.540015577795664
90.97400248656567 82.16869600332028
31.57491338021461 27.308143100580505
67.99378493675839 30.245401241824865
72.76002368950522 62.985017484997066
44.996963369980456 40.98415614137531
37.08957608485544 30.16984464623784
41.370948877816325 57.30887825193888
97.48890641695014 99.58526042117522
16.50911941059755 67.78290072814734
44.02547489618682 88.13199296343572
8.913736120702097 49.458155989724496
69.14895152275987 43.32080528479973
8.70631441056615 28.788154304425852
23.117815146889264 21.864053104610093
8.064872725911542 56.992671797547054
43.815010180738014 75.28938217341872
60.86683176999266 55.27617241420615
34.81018998533477 69.34248315398571
17.90007642142446 87.1170199432621
43.44220840773757 16.248519473690525
63.03766558082149 15.080472131322942
63.220721974730395 30.420092302851366
76.86179201127172 78.80838589479578
0.9530035527464675 13.047498633413579
86.3651637126399 64.40986662007705
77.94318489138472 48.69578952561028
42.252080145158914 37.75041381923011
13.080226456312749 21.582829416533343
26.025704493810174 97.34715981291578
32.441240886089936 42.61246264927585
33.726123756006466 94.92253081170836
14.071341970841 50.64079881265273
38.64855179448142 37.85929142524823
97.01072085185115 69.80951240672991
93.95779983536822 68.33214954597554
58.87070114329923 84.47061352757447
97.10305847733342 12.008798939922126
97.74080919668855 49.9693227767264
9.81004120828305 49.21101163476382
62.27834628848452 70.45968663261557
95.14083181999266 91.6721751654017
35.30048044128645 95.8709685986885
29.42241297085044 36.95076675005562
99.6418087243749 44.63743310851692
61.654830001142614 22.52053036936964
84.94562225535363 25.157493817664566
6.884214845349456 30.102401724183103
22.362371388909708 48.503193672193
4.751866221637746 36.88428300107608
86.63001142578237 65.77195832240945
50.33654651407961 94.89060659358628
4.880442698278875 42.210701387198135
11.024181004199619 14.392494610788143
46.434688588465164 28.450707080479344
4.31391051274913 76.37928795416782
60.73667226485567 24.39555908297152
53.97779740606189 5.903684475112625
