179
93.5253111118872 84.9003681733374
1.136167668140975 64.2527963575703
80.41528069734294 57.46382531600679
63.611962383149475 32.04728878833756
3.8384096429190717 76.92397954008901
92.33250090443975 69.87223061239162
20.269166930480363 1.9056759218292973
59.56439734688311 5.413617732457798
97.5360236777006 81.11897272673748
29.961832968023515 90.0483215154131
17.45524516513187 67.67187508389856
17.52764491988328 19.061473953163322
4.362700192941649 75.05800208690046
30.09443350985975 83.24765367863516
54.135221588001706 53.091024797877914
22.00102361185475 97.76534906285178
67.19093600288018 31.955508811063805
77.54267235943408 9.078285528389983
68.65470941229604 54.932468159829696
55.19772059123069 91.03474652128331
66.75663142948606 0.8416781675705254
82.91153137799581 77.56936545268222
91.5255158837535 51.41090629449573
10.478697837979167 82.12661070094185
54.57120617354 96.42303212025843
36.162328417318754 87.23545427708363
24.14057167093513 89.07113329640488
45.90566105495417 83.82432896991301
55.452831845371676 95.85290391839524
95.17472128977016 44.496217584182865
22.76204083423178 79.2954725953353
64.9382076436546 89.98404817057781
87.77792302773723 67.78182424929156
3.3159568578305043 67.68051849254279
68.74869102469326 47.34614129548681
86.92479806085039 97.01107180967003
30.362200087014045 13.406659430186307
20.567093174501473 97.88686884926666
94.90602871899921 55.799659170911006
71.95534586260285 85.22326699300443
61.15692183602162 5.992955116085197
93.3632158841449 68.10535186085927
18.604861270134286 56.25895860097248
20.847135297255935 69.68714851292069
76.16068049747872 30.15879361662579
5.48831273018796 70.43688590937472
61.94375292217037 82.25795933784902
38.8741646907958 65.76366597259178
55.671677610389466 80.63760706132138
23.726938360021023 68.25154274672512
44.318517158562464 59.30251069701394
21.57698159733178 90.15664757460151
68.694957369402 40.88663592991006
89.40406533278788 31.050242891765134
43.12937734112732 82.81625434115976
84.74508057757923 9.132708738038408
77.58513253311004 51.8298483704179
65.53594737730367 60.6724541298245
1.144399880485758 88.32326304213743
64.07626501786888 56.12960084570058
52.55978703683945 90.70440231707713
78.79147083227664 66.31195696747024
24.552566243156825 29.689069002757662
21.791962243800423 42.30204589843643
57.71019749485029 63.57440281579863
2.7916671881817012 88.50423655925381
42.02399229024169 33.091275383371524
41.476639453513464 47.498743703951305
19.819988527144673 52.132608208526186
87.36426944500157 52.72722803505591
89.38886948323658 67.84893179142028
86.74173100522766 76.10769978541397
41.59398534887957 64.85565133075032
7.109225644830053 2.6179450922833802
1.3691701701443737 51.95214744917991
89.30776770927005 34.54783293896686
94.69085968050315 68.15714091485887
54.948920099723445 22.895118740946973
15.03412084236655 2.0170679896340693
19.653774140832738 14.143620807292246
60.39702729833447 22.144745654732745
17.9349363977394 51.345845235846085
46.91577303120198 8.933460674816052
20.784042510852252 56.53349631482667
11.336703139602156 15.358561995509568
4.4377491296982985 10.566671722555565
36.09447824966006 60.8901231039631
63.0229683047765 63.85736700779766
25.499420029915456 67.31088431431215
90.11615170758058 33.85930354787513
79.69203326862406 57.867469522059764
32.60835187925919 73.35101233859487
55.34245645656303 40.590765672585704
84.92781030055686 78.1519065404086
75.39042036333252 32.417436200318825
31.020150737611818 1.5023212079918524
92.55544731634686 90.47938942436754
45.16282216337066 56.0694311128843
95.54791685103017 74.52990461765113
17.524320234374834 21.00777044464457
65.94393655912894 62.954353875752034
29.007510297042927 57.95984990481963
76.41339263346767 82.16849354308813
26.904336514635663 76.55392373538251
54.02399830180371 51.459429331686636
50.72175369564437 52.878375343555696
65.64689772043491 27.53598667738032
50.916600572775764 40.116025452145756
96.77874978198484 85.3633893341321
33.64385441914413 87.920685332336
3.4328185973557357 67.0282972684019
67.20745655210327 81.76248165989243
38.78284029895246 10.902521881190985
94.29787839811794 68.56846029789409
53.424315945280476 13.700389246891786
4.102149137146571 32.504127434458276
81.1459147989593 27.027520741827495
30.48638251547655 41.473717027970466
2.761280071881367 4.594672466057215
33.375336650603515 39.360042743739086
20.77382344050671 43.685233127715996
7.020912842693027 67.49694499590021
49.14992417508929 75.108896176083
1.2886398702969926 98.5667752649624
66.83945364197547 85.51182727413436
60.973100369108835 69.83915818129022
85.00390808282859 24.632607477734282
34.03959842649713 84.48182843876825
21.999177459008102 36.255866402656714
22.66993637167891 36.43692758169985
30.48360465276465 57.3134867750148
19.161127195469618 43.94279732521933
28.936990727873045 67.09278074691143
22.239428875755262 70.51987021295737
2.5704698577315277 97.76717825358168
71.80689489722147 70.4451214932678
44.5846102091051 94.64418883242264
35.77739747461612 53.5499311103021
72.38398214853446 45.48379120078083
19.638987881958325 11.39470141566874
28.704363434753645 13.330614252767925
44.51971914789793 2.0436203816787124
94.67585105164254 57.07487454666676
21.42220426801633 82.57626971985512
7.1613858167833495 6.714955951941981
8.532438483429772 26.73410646166173
33.84052971761176 46.11302361163438
87.18050615068577 9.13095709851346
23.40734385333121 28.52423675524599
42.30809722954126 4.643407931757871
80.95498611253316 0.7199552978392698
54.879498865405694 22.998887583055904
38.92623404053974 8.65525415938454
64.73201767681928 61.47559957508848
8.310990829051779 33.23715610846387
54.3076710542032 83.69833668470976
69.35431167943766 5.036144866991776
8.948642060408718 45.79941381394047
18.617912076422627 20.435821544095823
62.11740918582195 75.1303208414017
1.738242248896893 70.7266270129177
59.41267038481692 59.081262586805764
34.42277179720816 81.12809150727371
31.604444894531525 57.820275888279326
93.11990842981601 28.510540685792584
6.080128974996601 24.82081168311573
58.69216703838839 77.5566640758333
46.10738046348561 65.76809196659235
87.62981697903261 5.791952761918806
3.523378298472901 21.32184843525714
8.351185002767657 62.39117470694408
6.2117180159783185 26.239605122258624
50.413150631833034 44.411301951742466
30.579605690853796 94.52689782298182
51.60450143931631 81.36194811486266
58.293801355242856 86.72801702858553
82.63054878642652 71.40763668509805
75.68127985648823 15.183312978269491
18.830591376542692 22.533039491713215
