145
49.296600321647446 75.59737655274151
16.71028302043983 74.06284972171365
42.44900014547242 22.63319194929202
43.95781641111962 34.738063991329106
53.63800865822108 95.76151891394802
84.65441406040935 93.92703855312716
75.19710678660103 56.654534786486174
50.5035642479045 27.815199257832568
96.32658548607317 73.31346617706188
35.513533614119595 24.884401851012793
8.313140180782696 30.02994517930173
70.68069658054851 64.56853604861173
17.26443164694379 37.43548298439785
36.338825770682426 18.74138241036617
46.94079398313731 58.61257778527904
26.441026773065378 34.37586324875584
86.36337424853858 86.17495618487995
13.178952778964348 82.35980278450316
54.56677657193729 54.59445441097429
51.1144700042238 37.27467436188765
0.6828297469204991 7.982178862033673
50.617889543954576 53.283353346721704
32.59605768395013 96.03539420704993
35.46815883202329 11.227503622661539
85.496820406898 43.88830196804514
51.711953681842196 5.8840149043498435
18.542270382146363 90.73780713293682
15.649208335735965 78.58962637774158
96.50829833915529 70.32081285371589
36.3068225325687 35.122475256512296
14.196450878855494 23.169888973547447
9.49084529499168 51.26407535907952
46.25889219288791 59.24099199201013
49.16110960095506 71.59036876049483
70.30459120351382 89.05612125548596
29.88210741645636 14.895823310979084
1.635425583293404 39.32999298392811
68.40515972132877 63.027594723766086
82.90910801483003 31.62750384429819
94.00824425073422 54.624837709153375
76.7305770691194 1.041094013493582
98.96302834893937 75.40696220513999
58.8048395712212 87.18979142844232
45.58126574453375 33.73934026950221
55.37776930063654 20.531138137203197
98.7215371381803 79.65058781826387
63.12305002325553 95.65840026927954
48.3400816356639 37.430171473300454
85.14418554453262 53.469721702226146
84.83192165825514 95.90690842623574
5.708469014288142 92.06771419586146
60.61668086822634 20.099149369379454
14.08194164699993 54.25744911537923
65.62135608139263 81.50652527889352
42.50407752848899 44.548859970939716
67.66619383838433 3.260832859157259
6.773683844927514 35.25885439737709
92.14155140727297 55.806779979319884
36.80883690968213 50.232613105783564
15.014415095450772 81.51731968176014
62.442371117727035 5.273391883047518
23.110248716873528 66.99425162387055
18.47132920272153 60.98966348042217
1.7500971835297752 52.73353808990947
31.612654779078063 8.85055100791261
57.61366074087364 44.206186170330874
88.47741221452095 49.81773027920777
36.92039047142263 82.3042373826277
59.90791367649725 32.28200292241484
58.716090683675795 50.65539739118135
6.350621266476686 68.80612845541756
43.164888754438735 98.03166844404647
23.745568314501753 94.60778543255257
2.3672503526487643 34.19729248032106
62.75588780112682 14.556621013058868
54.99995564914454 57.59021087250038
40.85610141357422 94.45511670561537
15.216035493208157 35.26477316286453
52.57627965681244 84.06557384747572
28.613584325999152 64.65189944724023
79.31187981563266 56.906868714498195
36.017169988955104 14.980327459371235
80.66072478552482 43.74710756938843
54.61664309149241 15.792894739014063
79.81159928949972 85.66247032400915
58.44930556383533 51.15426097297425
66.71020628005124 93.01436684651154
31.516704136383478 70.38590401852072
63.226379833430165 89.84438533384953
19.58313208067586 56.4807858826869
33.05902937387534 76.138034548775
28.212461198087556 61.82818131375715
50.97269377041105 16.663537831206053
15.47042506520162 6.350990535913514
71.5401548858261 93.99864648433721
16.936303316754177 66.11444598199972
2.763248385028161 80.53179517849516
72.43190561676201 6.305384722961582
56.16661090556004 27.91303849675455
10.913790803004275 94.5708090082487
0.958447313121813 88.63031537371468
75.52631833767171 56.18002898612272
45.8915564023057 17.011366478846636
29.636259393817877 58.933288677029815
29.71033366839916 47.588533878608374
84.11442517061595 84.74936903450131
31.918029788985336 59.1156846946323
25.584251471987173 37.68709784078948
47.69415083080034 6.9605996833598915
90.98812797026085 55.03170971171518
16.66521811530529 94.17491831659913
87.22380324066344 4.567128280183253
98.39693429047065 27.264904913538523
49.020338576513346 54.645578880753064
43.65749884251291 86.28333615772972
71.35811765733952 3.486673117428851
98.3128768608654 37.22392870519825
32.86531888780625 23.855199404898165
27.810354381141845 38.53059886524011
0.5526251256860348 99.77746556527968
79.65561098682882 76.92162047724439
23.246885243085124 41.09052270166117
55.45984581331946 81.0717059552459
94.5358802991575 70.56198602708001
36.72874673174349 33.08590808354105
52.91162827444259 29.170761618129358
21.447153734999546 82.97771474277614
97.87865661947613 42.69028138943055
56.53760933522659 37.758932834709555
72.84490452981069 92.30645151663414
92.76214839676561 41.70071561544086
48.466012446530705 64.63333399540568
4.173030540654732 0.5435751131915412
71.73203819357883 62.62988460335036
11.142787830895829 47.43752723436019
54.964448143726706 73.93391783500402
48.55159724744878 53.93988079774218
4.151650393472761 17.441006630613277
54.2714728982868 44.214463775251346
53.44286719962099 77.10458693236595
56.66149421142946 44.787829745265064
8.495880227786278 94.66666690022834
20.76952315848284 87.38421360763033
60.55222320118635 15.667514823344664
59.03999701035653 80.86767235518214
