158
84.54647592744435 83.075271645268
87.71247583081126 90.0496324925822
57.10670137303734 96.8047362701508
83.02018299877344 26.09639124929125
44.18487999021402 94.22309874527593
80.96546053493665 91.13267828100072
30.80317130555009 0.4935894338635505
1.5145694690509193 15.51301966225439
40.36766459749926 92.16244605805112
0.5035521689933709 13.33899848007556
96.26842251920748 10.946516511356762
93.20326703097187 11.865342619987606
76.9641636476623 53.1353526734883
14.730893493064801 0.6315013121278024
59.4501117543627 18.974283706011185
73.4966457003759 17.72546084854906
26.322357208165627 76.64633103784661
53.17098037018453 14.060864359026093
19.54399356114275 65.32932344849795
89.37108877589124 72.01326364422546
26.17872977329344 79.53754234683798
61.802432608105605 74.67972238691169
14.101739758320807 48.42376507364047
66.86589480988381 68.3153059712222
50.98279188851753 37.075820306577214
18.424663675064366 56.69969681793857
32.078245669560026 97.37904797422384
56.32320802509606 14.992578392033495
62.34867945549789 37.69136701942786
5.225502870299525 33.60225665365208
92.81634751186628 94.52456286278971
68.20327685937596 18.60957699321093
41.46054446680747 26.66525017516562
80.0030884371165 52.31559223449976
61.89581932396631 95.35510452400919
49.69858976806465 53.78955130350563
22.96167818003615 92.9520868494903
96.43558418002515 74.95079012062465
37.02933206504746 5.700076936001075
87.2752360502573 3.668370679768551
87.82091811711558 47.951680202635984
3.59434675052126 40.533167756885916
51.21594440404511 5.590926298991672
72.11758764937115 59.653501450464184
23.589443677053467 52.12816451620368
16.99600500677144 22.680678768676376
11.504067534739292 13.941315256726805
19.746614780275696 16.13804411093598
64.75541342057356 46.60161644722621
23.790371182575665 44.0467196398898
91.26261553547835 9.782654282611503
52.28924377136417 33.65603021060114
65.67830300830238 36.42444558360475
86.08813722711972 36.53953152054355
68.07076670047672 46.31077847868761
70.33683042105197 68.26518720269455
81.90413069066278 58.14954167121261
28.794243007227205 97.0682276806673
99.50096780538259 40.36471261945199
42.806317098450656 34.20786431254027
9.308706171213688 58.29141510817117
60.89049148549219 38.642184567191215
48.18821188481805 77.54899568558893
45.076854109779404 2.7901164260885514
80.00185847104369 58.40712319451139
48.94373375812676 27.079844104579244
62.24152895902929 48.07898233369017
93.20124667376597 80.94403557387263
88.13535636080155 19.992123225832227
35.45172355291011 91.03133342448814
30.99228409957755 49.80519767387703
65.10203058350893 96.37494310779424
51.45837609893867 46.99880487295127
71.90325773441538 82.93392357602892
0.6999525440945176 38.559183559143165
27.185450657710586 58.39587129057915
75.24038202493479 46.985342569356526
58.96888700706838 23.915056462367556
72.49985522109652 61.36102778287938
15.506638165668807 38.33062946751148
9.504537049045913 93.77180541390804
59.51686843090791 32.580248104673956
69.97117402633663 63.304767113353286
79.24775572079487 2.382649625286648
54.30660202610509 15.084333651217207
21.377984786766223 31.10147198856592
90.39124361538194 20.92977651062946
50.1374063319193 90.96698075400978
3.9828737470363196 92.14967454118181
91.22617500507549 50.01933110006406
54.274280240466055 23.85272815566688
41.59060954715525 8.013246507222394
96.38880761371294 0.16040778957763235
21.207354371344454 5.498748047063384
94.96549229114922 4.096490442966639
19.270908658593466 82.30707737919684
51.829888320163974 64.09340011046928
51.23242914939177 7.0471839441128665
13.903526793368526 30.308688899821657
15.383477324911265 91.16752223798493
61.67322525924014 26.57874225627279
72.36069793970678 88.7507898576705
17.48349987939134 51.23468255725074
13.966223572234693 8.389465130995843
97.20020282491298 59.02491442186031
17.509977299114343 71.08279533262743
27.24628464202381 18.28253024922848
19.88786960730671 52.055247430881394
87.39510216484298 19.068806575843045
7.2211919165649725 70.78380161029123
10.593968712984536 4.782527909675949
99.47251869565208 73.1101860823003
63.40810955396988 91.39126756005072
7.169972784825807 47.03538801184567
92.28444105312714 78.88097819722886
97.04682488958954 89.72156557843971
39.874316855915524 96.08542411237639
45.06488775235382 24.684572071535893
52.561657840180445 82.2747718796616
37.057163592248834 60.42571711534656
78.72082446864164 51.87774491166156
76.42119988481585 28.120959469575347
32.50248277645381 54.53867867988078
31.61589349359579 64.05028498863923
36.492864945701086 17.104410590680498
69.41046526923506 2.9160316315615886
40.33850377139634 6.258616984540977
0.5147749474974983 29.518189895723246
19.165747858204117 86.41818884836387
94.08339519853858 84.1380486857296
83.45773328313996 55.68906529120421
3.11109616658487 57.15698222573814
58.750417935026924 56.867298172023006
36.67116077990904 42.13199279565344
44.32441888543792 56.08557747086371
72.45993305806418 33.68383044096909
75.20061827264581 34.695894345117416
86.5064725622404 6.578515149632469
83.67129696970461 37.25272236549444
85.95883442072791 11.611211825635891
7.10725803909421 62.01236903021273
87.2688173332748 63.27661165128634
3.143776786167085 67.36020341578643
13.649779094719229 60.43314803625213
38.0163933145526 26.297247308205673
75.2919226470611 20.422795703911902
91.27139489620015 78.81645201884415
61.56025509550127 12.250672201057977
1.3242698665269836 42.93177784531809
5.7384269566290165 23.949977427493963
98.97855076445126 99.73069735714958
38.4363911977158 2.2015788260186797
74.84796755902441 56.961494593029386
91.52789167445839 50.911895635333
49.8725357975376 49.24457355317914
22.133043014449616 75.76243499847124
90.03724036543552 69.03450741024453
57.70820380455689 84.47096710146998
