176
34.238586360865554 81.35999479185652
77.03299933364912 44.775092294331365
53.40651038056464 68.6515515598604
24.330258131337434 80.67513351810146
21.236558791813852 94.5344876108084
45.945199090189526 42.00223713780734
1.8608686178686829 7.957601890782195
83.68831117308657 91.05925656792246
40.38149394989233 30.77655289431773
17.483698054262163 0.7827131479923644
54.3137624974973 12.530059154295515
83.71176413925876 4.141641863193113
2.2341871123848334 29.871880823133978
73.80311543042822 86.50704295985268
79.14505703840413 5.176130357016618
15.342047103583178 22.72338663898469
47.77633659448553 14.489592800712426
5.022294818109618 46.94163926313644
50.54354627634792 53.6205614054719
65.64908059520607 8.327115362290682
52.94912755641998 30.833125928677486
2.9769359230513825 50.919953073436844
4.070996032350626 17.28313654981346
21.710481525809566 69.8231796699388
50.23300668925557 7.35490808580389
31.692312768989606 0.21203707657706516
47.00799774624278 78.94626226790534
22.364909676028066 28.555314338447978
67.4090579628753 5.100048887443521
73.69444875242061 68.69793095834645
60.0704466562126 44.10045760894039
71.58765851149295 39.602893774575364
80.9314402440895 90.95819709468623
33.034569645493505 69.13216765783659
38.632957368944474 41.87964842168391
63.90535922572694 92.5628493392607
21.254114243138 46.5302999964203
9.359443079105677 39.12450035302586
71.7303565188759 81.01237936640167
37.47080018676823 67.61710621911043
77.46136603773218 57.32374925197006
71.5411745444712 75.5815619903775
34.86086460314641 77.21927623598731
98.27754500196241 0.9086718175066122
77.36827830311856 80.65503403970818
75.59627659570918 27.005464450585237
94.9907571438146 92.85778316949589
55.68406654542133 50.661940548391804
31.118640585109958 81.36555963872819
82.66245484648358 71.97657129984516
14.25893644257863 4.343612470673685
60.75066079269945 31.13203899266187
76.79167667834402 55.35255056466271
31.154067704147494 80.98789021896248
15.230319241994138 70.26665750631263
48.83704774532451 86.54260260156555
29.760368977616725 90.20132683248761
58.52658016853985 32.53016379731734
3.181431762296305 73.26091248789416
4.739890113484446 32.43703467980315
84.36991834738876 93.91622302096292
65.47986846147712 0.2719713961555015
68.10411398467365 12.584156014363145
67.98372874903077 86.19952708431569
41.49308184845724 29.388175083001265
94.44682697005962 21.075944430088366
90.9681853570964 65.0656342121438
39.96216782051745 66.04832489294617
57.990453063811906 69.93043757866786
73.26619728460985 7.0825075617099165
36.885176857129466 93.22440081823429
16.256492790750276 65.8736999520897
14.78231614374026 5.149032071462079
56.73262748164506 40.68666178212709
93.356989426418 42.71827412935083
74.58607081514782 20.58047351231913
70.6452081405678 99.48875596062237
88.28891925486168 40.726656547965646
43.565203536779215 21.83402496894553
83.13847488502715 34.58973677471411
49.48708869548666 26.1497293006121
42.33436695904263 83.07586150027844
37.75474352334045 60.8721769399566
81.77069388377795 71.5347544042693
18.393861337874785 18.232074364877192
48.44728304488254 22.951507483200253
20.765255107655612 9.338220620181492
68.71882303329821 66.69766062540369
72.12768050574681 73.31979406885372
6.515433648508518 85.3836793217767
77.84860412046946 16.967766946037067
58.10794841046793 73.0667815303926
42.31394059114094 26.969824128246213
31.102508838854092 27.395833185413544
17.59347991237289 43.86210943037525
61.58173283388748 80.4498898355954
97.58775807741124 57.484553422022564
28.392561865515887 4.573044553575423
37.26187313543833 32.8532993629015
3.126033769782899 15.689192187074951
7.233360262318977 10.475442019242042
86.60398207011589 20.383810716837957
66.56907163289355 38.4320045601181
35.825197522810946 8.412994661413432
30.95941464370686 87.5929819756688
96.48777755944535 27.32273266728844
49.359911620396204 78.43159453560385
84.51803621449376 24.565707107055147
32.40718725124668 88.64128672122318
35.86395196959843 51.014958297703174
18.597843565152537 30.871409080017276
2.088371965427571 22.17753351992916
58.039774713477364 73.26395744370126
43.64931262930436 64.98624526247238
13.767632571737066 98.33476699909674
34.85336455033766 20.606490343868956
31.65387293434915 13.086578556526806
38.47976369401995 17.407696659691464
53.13650623021664 33.403905136898715
9.715190064317147 84.64198838253455
28.38861679289132 68.74221865034357
38.31192635027798 96.14250074322737
43.83779815287166 46.126547841786824
14.556818867942168 69.39906975343243
41.39187351635189 80.44428033193955
3.9945974971122955 79.4780603973838
18.09035944119278 87.45950914591441
19.78262722420675 62.796733006383135
33.201098986436314 46.19331715893246
16.598325225951616 5.994226505523271
39.025300373492 35.73590221166728
93.42785902569666 86.80716190804367
58.76536874441317 10.953473666322344
36.45924067060181 52.05743236692436
15.247937332705108 49.25760042461482
58.649171979910065 47.52976924914337
95.18691081405711 39.8502112723227
35.13944257952745 72.9654226303434
8.845827604202405 25.7065278080579
72.6662827977392 60.8772797034107
8.06490389592691 50.970078484561355
80.24808528786157 62.38910090087171
14.677090936224957 35.53686154221175
15.195655173116274 98.66433171934567
39.04927497950784 77.03888775366391
0.5571958084686579 7.685281142378941
8.293823142873535 28.6087361653509
2.8088252562730176 23.9014901249355
8.187089749610044 74.04775126911517
94.87321099509816 65.23602586501801
61.34441230482043 42.70264691737899
87.0022074962176 85.31663433152337
76.5974011596413 22.950768465605044
34.35264851392266 79.9299807065979
24.442839537034576 80.89423997715282
42.50018331328383 39.208012312544774
3.202780054187393 13.991475528668118
50.48259039876546 47.32733593851092
36.766852008453455 78.66266308411724
46.50867320765823 24.942436962980207
74.64049210728983 57.600660428497164
93.9995378608919 63.466403448206506
2.350042584614054 68.59092742429377
91.66038462552399 73.21637322318118
24.388942066228147 48.17125030572972
96.13775740578157 67.03861921603009
35.06565950272812 97.14258504558224
95.93177479608764 28.09394045697423
15.213413141350173 29.0701252993391
42.79773988661183 28.508546159676172
53.05418560123071 82.87048123124575
85.87668695941062 82.73204456150626
19.969834103904894 75.50701472343734
6.2432867933172265 6.802135888706406
9.208681065029822 74.01895111682639
82.92368522562266 5.2955338081172805
