140
91.65302021054 92.31494870255182
68.02985063798654 20.65127355459656
30.211806938378615 95.46336937938166
94.63576044556179 11.188129975485516
86.2710307217858 62.521648586720104
87.55896955782677 12.79848274126314
10.515846868440226 47.010784055127544
95.54241189976646 81.87375123859992
65.40375188134301 8.083378060713342
28.809010075947803 57.88271141914252
56.204801641021426 51.995930493492395
61.33264859972878 97.29002294314668
76.5835019853041 23.323784344625274
1.5794249180617226 9.969212854206532
90.9567557580235 77.37733127703073
70.3759965509414 94.83161057827138
12.687067242224092 61.36544837435933
31.4399892587775 3.6904385873436696
42.74100079835722 26.809328922155995
9.48893916664142 72.95005713466529
77.93473410819168 30.705677269463973
90.65460111314154 17.873274141044003
1.9924509987393813 51.64857950361672
54.61042314348178 27.00041449339118
34.40653350486678 96.97292007939315
54.9982431759362 38.25093575711649
19.54703949094184 65.38419960089631
64.6167130569546 74.4595907007746
28.41684894794161 85.46002334846212
77.92618831983317 70.20065819793899
55.87912132410319 69.19953307566227
13.477036707035273 2.260743905970508
61.99555700843995 17.07786655548117
58.77075944080639 7.393785448064005
80.49168279707841 63.10251215450964
9.252262392626399 58.76248803714586
46.845655828662814 88.92950334711577
64.16180300387471 28.24646316928685
51.44997335343726 43.38232904456124
74.57464867328021 27.98508340567587
60.656868673558364 8.272181020329771
25.130035611938784 12.450950063599409
82.96862951280792 44.360286773176185
79.99156057255551 75.96339226207715
25.5616196605818 11.1052134073935
52.726021858472215 48.00201742902299
13.61704543955964 57.501516241716224
16.487541882201274 22.683110646355043
97.8418830410403 21.110181620136593
81.55174974300282 70.83350831757868
32.49029670730378 74.52915299841382
69.35006781849577 28.427387951528594
59.27614828529296 1.508926858143711
25.277371409006378 46.29959027629679
11.850542306020362 39.99042430175612
94.0526857207525 56.530919042327056
64.48112447141008 17.15017921329084
38.46914681954531 5.740010430644582
28.70668750750911 27.343108681325546
87.91802467250311 36.92364489136955
49.71154538328621 61.38141622361524
7.162841110060869 53.04140175934501
58.79092226528749 67.62568470997692
17.86023827503851 49.19121006828423
48.55358902211127 0.10599750529851626
66.31859390166696 21.262349513884672
63.55096780896571 21.87167244452549
30.738503501432714 40.24231587310014
25.103926641636853 96.24763995552681
95.00323621168366 51.908166991380455
87.26414496617097 90.99718404626698
31.76300341935432 28.62933339552729
20.405444941034823 25.392277126040565
75.23762874041117 70.39732018793362
78.55029454255612 45.90894092667579
86.01996045414066 24.109509523527638
16.87755884256753 96.70537112060212
34.62568347169985 8.700751592422373
0.15612814726208013 94.74584738610307
16.196875953740086 74.77832641904286
42.56175273293332 70.41545032471363
70.47589944774126 76.64173269504242
70.99433515175018 16.469035506756637
75.20697298770835 32.93403832724569
45.74248570045468 23.778410958750452
70.86657611880037 71.71080020516737
24.811362615958654 11.110365705749004
45.883352831156074 90.24696230077454
88.69964485681152 74.84283283349326
92.95559045382836 43.737905100432805
90.7312150134468 17.599024791800854
5.324131996425541 6.411977628504917
14.450186710070845 51.1079863297555
97.61014596298055 4.395904559032104
56.49489792259295 58.8290510799049
69.23017729920196 8.442390827230838
56.86637980301118 9.355872912221052
49.958945829424195 86.44089648417041
6.205277067150328 15.606705236321993
22.143403802803242 91.86948069553381
44.78380615645988 12.693955264298362
23.827885766307233 61.61963575825548
25.195585739118076 76.02375190212108
25.193954220477167 64.70195397172797
81.70072727231614 31.209329077894633
42.75695019394631 48.040272903752914
74.5094013611225 31.60852595866499
19.01068184036524 72.5624996559649
22.47026934909282 92.27475111824396
24.007752027246156 67.22154264654833
63.444945559675716 72.88939032136898
82.16319786251339 52.86100078594903
53.60727237133695 32.315028679077514
57.47014436752591 39.342451756963534
66.92836626615309 96.24656337512161
70.7748578027713 13.049203795351527
68.16586961560255 56.483977793936134
35.95969730065924 71.9696163489769
30.722234380143366 48.15526029296902
91.85500849530345 79.78658119965807
68.42873471483442 35.1175089275181
44.24594587281504 79.9081924035407
47.7734966393848 37.7837231898718
52.747961413817755 38.50072787696881
59.680243301090265 51.954447072292865
19.5265226851251 87.93283104789812
91.21768937073763 36.832998698062745
43.107311337331055 48.56500025902194
45.43341960128989 92.84446174602742
71.88380434078292 25.355498659875963
59.63439218418111 79.37094117609381
21.887038398579705 84.6972189279203
69.16502321608449 36.25803362289853
26.087375699390037 81.37768585564335
11.856157320486393 3.527845866949919
6.891782451672778 92.19047938758071
77.34222120234627 16.09194837439626
38.2149382520971 81.04144976715905
13.306587851584851 34.92326213403285
55.76114927025596 15.403782634192964
