194
17.521035719870547 4.979738980124804
24.011509813784173 85.61638721082832
61.6200349226937 3.490961750763766
21.477333364783334 89.94704411914486
29.05392165461795 98.798503360988
89.72301271297343 84.79399763146579
46.3649081365022 9.76167961717368
10.78749808318089 41.549670746938304
81.22466101826677 96.67814001562647
35.421830998644666 53.636133941444264
98.54045120872506 78.62779173649348
40.08755273600637 74.94642114780412
12.937022681512367 85.70982630254022
53.09989748157784 36.20139598003951
60.72961376536505 83.38252303897028
43.98849565770847 62.193205185071285
30.26095575902933 91.3522765182219
20.071320698567284 94.07635970109905
30.212903056152385 40.5547842817101
5.753824595672363 98.78496707565296
98.52268057680863 76.30207728236168
7.088000362259084 27.538770423289705
32.0188888421081 46.70556458283238
93.7910575301153 36.65659329353513
60.94717605479598 44.54242241511031
2.202844678236504 25.214456668583086
16.059942453121522 53.68237740411645
16.02382476048834 59.31340893424917
31.185945277738135 16.916905878544764
43.45558663578652 69.63385387095431
93.22023031048326 47.67470693519624
82.3257110856717 78.73403626626124
92.50302136168203 27.594136224663433
57.51303789795649 28.017326838955558
9.556838558605307 57.077827001864954
17.22913611482054 12.056589800641293
60.25206434412783 80.92569154048871
80.35598143627011 59.77960390678743
87.59944337261028 11.966958158270458
26.185285318595362 50.03974385302742
57.94974176977926 14.814042470145816
61.41393610791867 37.82842641875399
46.017995657127116 17.584754835173744
48.40897352883724 40.6369995571677
42.9296233301857 21.336698879262062
88.30048088632319 4.946816186446245
20.476051720865364 62.01518234044225
55.373990515143575 19.20619000071403
36.03918256289455 38.858423719822035
64.45090648038544 77.43286072929989
73.0314065089997 19.24088902051705
55.21665426867691 24.455302441701754
39.22899240399964 8.728464092087773
43.00577615556388 25.02820907720562
37.80707864975277 66.26372759999875
89.87723095429685 38.99566607756301
39.78546433770579 36.07036719096472
39.85665857699621 15.908512768384186
65.40772622885275 23.364637553818245
90.28515624394696 88.40840732529239
57.431527020168204 59.97860140993241
0.46102638138929564 2.998020304323068
57.027051266415064 15.036553520841544
80.73394345151858 97.13851369451054
45.43883600930491 38.67030099908738
69.93628842347809 73.78268014329576
5.5125323884809285 44.42663083770256
66.43722101439917 4.608794948402961
38.27354129415008 54.946264922622724
27.452531080867757 14.058774361899351
79.19391120252881 13.86899883845759
81.08045580591403 56.20986632874098
90.60857053231246 49.186714155388856
9.138770906500493 25.92082976515927
35.70325700590018 83.83112909804237
35.089652907866885 1.659841315635835
67.89249043806002 82.35166611468118
91.35669058387745 49.77108835007689
64.4699199979491 82.71123610674731
99.54540041942924 41.4431301936255
33.642324657487165 42.04190504321629
39.467057210746134 25.43640863859249
74.86867583558684 28.773144064239997
25.347895387906327 84.99242342065195
73.65398853559707 40.04567544734612
88.90013941306538 78.86488084922976
66.01929941201539 92.24672007445862
46.68705114725397 14.154550587398706
88.94549521242743 25.593599216069972
27.009905819104574 64.46176941035291
71.47259539627575 56.40078707049726
70.83609792457192 2.7119787088924374
61.13859409841644 86.75620026541208
14.927589437789324 52.97767645382897
3.59334398016925 75.65410081260019
34.91027492189143 65.61026514908485
52.90163720113142 40.6685835893969
12.985039491631845 20.67138220101422
5.516036604644736 72.26919566580814
40.52326893122158 37.80216920149625
72.87589678316891 30.73001560314852
64.02233479409209 64.63802991113572
66.03378384963415 93.26998023102195
27.24040038752049 48.65586500273085
0.5713477150943502 25.11989058395161
66.51481439287824 30.93597939112235
66.51484441511455 43.1498092359057
91.92144875621692 18.557752703600027
28.77684223476721 45.29934355317351
18.86394852634201 85.86051579899933
44.79154663562221 20.97873305439426
76.34212486993906 43.37231154194448
94.57514233722922 82.99847367989236
93.30681673833958 48.30784905686228
45.616991258687456 8.315106767922698
97.49962035349813 27.088407750871724
70.61104490432425 31.981604066963264
47.211708434448866 22.978684581388855
91.42750604828939 59.20836937194112
47.37443896590734 97.60897433817966
9.312169257452506 20.20464189685791
83.29144470417782 44.78687914435516
55.69742871303033 65.6627647914423
22.695640822051676 15.117870484523642
43.485991725744064 64.3176901965978
37.461958341821486 91.18678902227245
3.8230798521392884 28.794769351540072
12.841729796766831 96.15087305728655
56.70069245392436 69.88396110566183
52.83095558490811 52.74141874396277
22.283221577260736 91.65917327171279
34.03934775815086 38.073813722493355
50.22738571136851 68.08737269746254
28.2713796366616 53.40147094224983
34.81673571431932 0.3728932246143568
28.785826779601763 52.62571750137142
89.81082261039109 31.66209684321317
38.6212884452037 3.8622986928900427
26.54909388993085 10.192140829416141
51.23814402919915 96.49427186833879
47.54227589173555 2.526210894118619
64.78438816926445 87.11932548087124
65.60427680677377 96.75190572099727
74.13602065526857 41.41906884610814
21.273983517779893 22.350069299594765
8.818923461076233 74.16413128050728
23.460375947171773 53.72806043132164
27.54901024731401 57.99660218750282
73.18974851601074 5.6084509183560005
99.79330465846833 78.41185039540949
61.23739299962734 68.92447243268988
4.833718358324557 89.53458277749074
45.07589793531764 20.20675175604544
97.12069447015847 71.54891838928286
70.22348984694659 53.69389129616038
27.406227318370203 76.11497862296235
43.96234990001457 25.228906767736714
73.81235320111546 92.96047470116221
85.91218710462398 89.5162801437306
24.06378760865958 67.55720241711352
79.82878030692316 28.94793024890937
9.054526993645029 96.17924675010714
42.67847095133682 0.06440947885686388
92.13280881981231 55.87673043383662
95.76681841125236 62.216925002630184
33.627155405500005 65.63737102594023
8.390458586898841 99.52335695906524
2.635077720769474 63.39294016998503
75.82184132496897 62.42937159153785
59.0825635636646 96.13062497280318
72.30624490849682 22.594933751616598
59.42378994232684 93.71325545265267
99.28673148589223 43.72713800485695
40.21481634773944 42.8580136684779
83.30233692787876 80.00887894420863
64.1919299611351 44.43033550370625
55.3245902160447 5.980584859013849
27.990794202186244 54.03694176827442
4.185834509360198 6.416474343580559
16.200091627545877 30.228007850394846
81.89633420951395 11.09181360150966
74.27515535295154 47.6590921204314
57.90312745179271 34.91796092054401
61.59973312499808 76.3986015518091
89.8831588389922 78.49581694452017
28.407748359310535 35.04984195383074
4.059112055330393 34.45867501930173
64.86929587086698 25.5341544808243
32.91421901646777 87.59846966199811
23.23237305679543 54.4835316253833
84.5072122909103 89.7568192971555
72.86269755541727 89.91942269940063
64.44123029677822 11.304025567526988
76.79051439587043 5.425656784937516
