151
99.63010530516279 33.380388522230106
37.82900274676598 59.444302117387025
86.88575315824062 39.471842478846796
50.512984989904766 50.342618545100734
55.046058057845606 48.516185782828146
28.89165021351342 13.83943813087054
89.03604058779912 40.60475104399378
92.07768611076256 50.76829249419277
70.98505588012337 36.97306763237664
0.7718202804691376 33.82367438020615
35.69602873233168 62.50154734851596
31.776914587963855 95.23356772954683
75.18612936008253 9.193870260027959
25.679518876414555 39.87423377147186
36.49837038730423 72.24803654049585
33.61844681776323 13.949978264709696
75.9610861613679 34.337922927531736
49.74815492448097 30.715995537521255
63.32900024421678 11.88580662640012
30.773002453773167 29.84270869233514
83.52950239887032 75.4598807886031
38.25718901189574 31.924872544668194
64.061631954086 61.86106038179344
75.20784984921833 60.40242787500404
60.01909695247907 4.107824431834772
30.010042772750246 75.80651777871624
67.5547266793191 98.06903628872983
43.73469463374268 97.75927217168572
25.67847275512214 11.926607596570872
90.39653878932874 19.982841425512067
18.441285963941045 95.30403762477786
38.560136442030725 68.96273698511759
70.41000473638783 57.05960708165267
28.176022681346137 69.96679534122092
45.515139157745985 36.8962883085922
11.890796344135135 4.650462355825546
48.091329796381345 2.1930456240447427
55.71089511320948 95.6613150372195
3.5270142946894567 3.510742158791935
34.17911586321692 40.444138381149955
32.604033062193174 18.310969922836083
23.129654082027784 60.932991774781456
9.541924119430089 50.9850045970024
16.92868141806353 16.451461588178308
18.678294277539976 58.85474446875899
59.57238252248601 80.88308737503512
57.607678314301424 89.7528149462678
85.4358005820186 19.936130380015715
11.704303633545198 38.660869884644036
53.08080411555637 40.21224429146834
38.9980625428176 30.98301974188482
8.008660471465612 55.993621779079476
69.13558975687415 86.78420482554962
57.355929423282056 82.69961328502895
78.77460699016461 29.620335135204535
32.78926616091174 25.9399401045895
50.28023051788723 58.21475453959933
72.28109418867459 84.9836461439887
77.58204264011007 56.06217251767757
64.78818003278613 56.54600084133548
76.42238712669874 85.65204711542121
43.476457468580755 29.61121139760169
4.239900973357569 69.77767153557124
76.72776221460194 42.0356142952402
29.146389583449096 52.1638718701852
61.137620244889405 21.137418681585153
13.746922065327105 18.7090423052782
30.73689146318541 24.231889294456366
24.290035597624605 13.715387757990982
34.12824196616078 86.95799516879553
2.043919894367119 20.818673088224426
29.438866393570574 70.52451944759717
52.1088865512757 23.9614301725967
18.55254856001769 6.966265627105239
89.02070640555375 28.069054697984853
94.12526079978146 20.852039921691134
9.424780357367169 83.60675532838748
93.50855675798675 58.61916638474112
65.17580310528818 37.35222108221667
73.06159449983579 0.05197662662838054
53.78461575470761 86.97776408023114
54.96902764265567 80.13087902793782
62.228900850075895 20.64166808763641
79.25751701302137 12.043983348002529
79.65206684959182 18.57989989140403
82.70913345706852 56.19145134526167
47.14263656093496 15.331064267176743
21.14690007435215 34.284018890475885
39.7649013441865 14.961378674132641
6.95185519923448 62.589325340815584
34.72114571598923 84.37066436312712
44.897598790171 69.29698633318762
2.9721720545444086 53.80182690742594
42.4382730985155 59.96468698254579
74.29094641258266 33.5127067448162
36.565426328661374 54.78348113870255
62.5458302240515 74.99421486928426
73.29760606798895 87.32441401449712
53.562620696006306 7.882581546397827
97.17918084240752 99.36347299885539
49.42532383305779 72.44850342407968
60.925126511397664 81.6852563251342
44.05882794161015 3.10099916429607
53.982046412796045 81.35009814996278
21.897149159745844 23.204646330345614
55.29478883398619 79.36785554088604
13.881450807939267 36.41598115219924
49.39209611506909 47.92585285608789
8.774871215629299 57.293902018536016
16.05265210263007 80.00317811928223
65.4685301431215 50.679441434528094
50.507464268212864 79.71771506750882
20.654429591688896 66.39937806962386
28.977944108985454 71.32864437021938
43.717046800094714 42.506020611480935
44.30623226286148 98.54223880443895
78.15432148626861 51.11985541441967
92.81644764851582 5.660968682933277
9.426785341546228 88.78984242697445
95.70806669117134 94.08959400083586
26.186751117519968 60.73311509573757
95.02603462415074 11.209500244236947
42.562505791667945 49.3087334511095
36.817479884425644 84.92023364720912
4.977319119383039 44.7530633710352
3.7535179491683834 54.351780573059784
5.1438231163407515 19.092594352504065
18.939986564120538 46.62264333684335
59.09064311677702 48.14406279304553
31.662094601746183 58.25437918916351
38.344958987927555 38.38365384244127
96.28671007660495 90.91706352369647
56.307807868680435 12.496594472976497
82.40625870079256 75.90386956144569
6.083980306005133 69.5434766222754
25.76801292848948 77.33406800737099
72.39781749144515 29.30614000273075
39.42719852932947 79.57039113161922
38.09359741626306 94.78043016967422
55.147003538755534 22.62392621556214
89.43685859946379 32.691552830409
89.20543175801835 53.801151408665724
81.44868392170596 30.3969175564746
21.384911518116557 13.44512988547455
79.134548534085 97.24941982301429
17.858144127224495 62.490570386881714
14.797768935511879 84.16965970841034
48.295401404987714 24.49794019393482
21.568751488441617 57.6982139201327
83.66315263755483 87.67993087281425
15.39709711747369 71.63397368762013
