193
84.62589485945018 38.85319933702856
9.52322582745795 49.72834182006389
12.583260780599993 90.47791817051157
43.11110435753742 23.862572732556618
45.93072406284019 48.662323887887815
59.392634970465075 22.64173501678335
91.96082326459603 47.44903629772699
12.743398706625864 53.36009113205723
31.556891780187748 54.579390076566824
80.1875623579519 94.95256404784274
87.91860281239624 97.66938697426974
79.65058084342354 37.58903428791939
48.58733663229956 67.6518095927819
87.93813584270299 36.5558297299154
38.09512188250931 17.570020811132324
51.70729314803635 59.21645828010872
65.666641464976 17.137471222310964
9.401505277809608 45.03421966103248
13.041962465127288 44.737352256842996
81.74624856131285 38.97679181425951
77.68342416150861 83.32978802842489
1.372060302460365 95.03891460673157
0.9720967973718131 0.7198209565304592
39.90310580264435 6.00364569046552
82.23844785223888 96.91422915374746
27.153545667179234 12.344707463507486
28.13759751261886 10.536440259209645
13.694155532440544 71.08548123823607
82.79299543539724 99.74205275323688
48.38661611786835 97.96255036124283
5.4627240313525505 34.4852703817544
55.361854333657654 26.23274527287327
20.17537677967668 69.41441932125234
95.3541723760672 70.77527816494012
14.631334857976386 59.21687185985248
21.53766079261692 50.18007512162013
79.05106134600804 65.63909454001458
24.664926729810375 40.76769078178874
52.697755569524894 14.331365608168156
16.417840142043538 76.3411676193156
78.30893561079844 92.94893885780054
59.46087631954378 48.20464108668574
39.520832280877585 86.81814898919836
77.48417148557434 50.71585966842558
21.15355304357753 44.760460346714524
41.54403513906505 58.98559507075129
97.69566579836967 66.75201393867147
42.35222617305353 25.360282575041694
90.77036492664541 9.935026761894406
78.79174079775547 9.47273060269369
65.12980522895405 73.04394619722065
4.681919117397603 57.18991218068169
76.43530248904355 9.711281706189878
28.106328732901133 39.726653120762045
84.00858081132621 81.54790937414053
25.383097180160995 48.29288375674028
84.76164409479091 87.9760557194333
50.10555292354974 51.12085748879957
58.709794663408175 97.05677890016968
70.77368314719324 44.68708895447594
36.95267482104994 24.06267377171838
24.217748106844304 17.2899185050396
12.923333411523485 35.76285467804866
2.415387555928228 55.05316039707997
41.3667068825499 70.54714118877142
94.59391592963917 18.53065341191329
51.832160248608105 45.95406232481187
88.17597068125265 35.46254803247451
76.89606034985894 54.644620125663515
60.732633707752285 67.14658538419663
2.9830098833318885 62.799306809542955
68.08375100784629 73.64547419462109
34.891445935037105 76.54337736319754
23.407743856930054 55.214269096791504
36.00007484255292 90.03378980377371
9.964064174037413 45.04668924865912
59.557549861809065 57.78090844438265
48.70832731552783 65.41072659863451
5.8445450077906465 51.99104605866256
40.08110787358438 11.473298285434675
52.463088895045416 55.092490094439384
28.92139179769139 1.2488767772126153
11.232362394626904 26.444666471729196
80.18422502262902 19.48693414843309
17.174602761428226 78.29684415024992
50.382558859411944 21.923978578828617
44.9501054100089 62.241613182134905
79.76728949720679 49.81745601050268
4.398219683782112 39.647026020135186
71.73629672902665 81.52764761880304
39.7212233958984 67.76443958171046
61.57002413832286 7.500596686230166
47.37354170866364 16.9423207706749
70.37164283765581 15.16858263616665
7.3657985625541045 51.49329369013878
14.394828568287243 55.44169304816935
20.24122208080934 2.4011533407642727
87.07098022798162 45.78954109276666
69.53528537968928 36.026742335053285
67.63472866350163 11.293405924209276
98.04213767739117 46.895120782796454
87.79470518154278 14.1211596029577
89.811447233211 86.08579814148672
41.31577217363137 70.1783182008657
39.88860081454656 49.23137280136039
17.94057323537168 75.37839032193138
39.805713034054754 46.79085717716119
2.4009827822921714 82.5797436880971
85.27192907220524 97.49837954455988
26.21563714602325 45.90888483627666
60.69837085048068 95.16625877335579
13.748761297455946 46.138817074565395
46.633013872211514 7.216069458128171
81.64046657251049 21.90676552261396
91.12409843571209 96.61857938059939
42.26429139346076 10.200458328911566
84.83849505742154 98.0398466448236
61.39538974744136 63.59255065698998
12.096438322703651 40.13619318847888
23.423953855080725 40.13556319502185
61.01495640262316 93.67879505482854
40.743521414828834 66.34638287315762
75.2523279512918 12.889235137723032
58.75436544398762 36.27067546284969
62.7354877817821 63.94546076289196
72.7130618915812 48.87497416274284
88.40390046141172 33.48583127739045
44.43856647487836 65.67826607576495
84.65199352681392 43.63906627007681
37.155814734556394 31.426135763771732
36.22541350152751 60.0006772697364
4.878212649188729 68.40147274846893
36.92178696954126 36.34134464205293
15.147392836323803 78.44197486948379
91.1163963206345 51.148327385820856
78.72512805725727 94.48898543243266
90.19128250355092 2.976367533309565
85.34756189304808 92.46295056524929
36.97244471930007 3.6706950178134967
85.2615144743348 89.70299202593606
11.708055954548014 75.1968298633523
14.77632474458016 65.7294415603878
78.42377967051878 24.218675588635296
43.32258817351532 65.98344482553803
60.6476487745758 15.438810484607558
57.73783691691009 37.79603414945046
44.514208848254896 14.47207499064409
88.77968252612864 71.28651675690047
98.75640929937103 75.12985803611146
50.133159501237614 1.718856173212624
37.3846154312055 42.57908888312593
47.42728890987824 64.86788139643345
80.64927501514416 5.919935367484297
83.63874102548297 75.89087875811619
52.6416793961421 19.535242792871475
62.143435278944004 6.818800090601118
37.43983464741998 4.805591956613942
95.05373097700567 53.22617037022263
47.38756410809414 76.32862477166402
91.34908726213693 63.64881428057044
59.57279138214909 2.539758357337807
81.50920086656704 5.763037703588458
92.90123267274654 88.71346172011941
14.08917248161724 34.621310227982974
96.26956559969875 94.79623125338719
47.936093100936894 34.200607683201014
74.64843304708924 73.08688280577319
63.824145503708785 90.0323333889418
97.19562853822379 54.48986931029315
56.623992842687166 92.3167142770568
81.3263411837876 97.6278075921046
43.10513132047434 28.2755677215077
63.25053656024101 69.08325060733804
43.78117363182413 18.22630288237712
23.331826591136906 53.63614539150162
39.02457459518788 38.30088790331836
11.493961578210287 89.18534349925145
20.91902260326214 56.063712548871415
27.90740950208288 1.4867865799102487
99.58819141527586 65.6822388639013
82.80423158358849 95.45492093055952
19.63311127405837 46.51119893274429
68.88159843663911 38.242232546544756
65.41925785214245 81.97629089884971
64.79388336212274 26.678780288245008
34.9016692348967 24.207109769994705
68.91560632377131 90.15179545455624
36.748278666675525 74.79140863572692
31.50786606008239 89.02555329069077
70.00304004401153 77.83446576561099
50.13715609254684 27.727119507932542
6.888638189990603 84.1620075804321
80.48533104231267 10.144814955974379
