167
26.720875845643366 23.07450210702787
16.824318643580494 65.05311953565996
83.13134468936524 49.807419379952655
77.00060628750424 75.94566487511797
41.009108112599925 56.459189017071466
86.55332415520657 91.03321816190368
41.05398926744604 85.00519078342646
51.61838836261694 72.57029605944211
6.805475263141425 47.95092017080764
44.203437886528285 52.45421902065388
92.7793319201223 32.406322147461594
48.891362311291765 5.099417043596633
45.90644384670428 26.314192020443784
95.40642949528515 27.808433918223365
82.46928204053638 70.58566568149071
13.293046918662066 63.57976513483607
30.776489425079678 19.303184267049524
56.30772031052735 72.79871363505941
21.206769861227393 71.58948306290459
13.703101764547787 56.87931235971996
84.50518431436372 70.68511797486642
40.96133025089039 8.608918322055892
46.58410765501528 37.12691102475208
3.4859586439827117 0.8601497920085799
93.61190244343707 61.70724880635755
19.157110693853298 95.7156788544163
17.799591421271877 89.04488967497839
78.331020006301 35.28164623879294
22.58186598682509 12.72540758563051
99.46006775438518 78.63302117929909
76.52448593111176 5.964577789459247
87.15297024429532 32.51409649010629
36.838244625942785 28.56446989521689
46.32752588926344 98.79046673211977
16.45736415398088 20.3670662479461
43.520428202598204 61.702795047060086
15.635580199650468 72.67980624682731
46.35566751963246 22.8781560786286
12.122571655976678 49.75264701329413
83.41785958953373 91.05325992966841
76.82431716141939 75.96515740148176
56.6960339272915 56.018791149780675
39.41579849038861 47.150018445534755
50.79113618714739 96.7409480606027
21.789923994837814 8.191324701642033
53.88595245969518 40.69816048297768
5.264734395537829 3.6189544709436805
43.958911267303634 1.7149200528602138
66.4570892827546 38.091351997446395
76.46445471173652 35.48164823555453
22.84532594689376 41.994386610186915
52.236707846047416 61.77959047265811
46.59749161262289 16.85903385499351
55.33500754510291 61.12440723801985
20.190938752629705 90.9977645443226
73.44194076635844 35.234702492926694
92.62378287914544 9.452906896518986
83.50315060591339 70.10465469593183
71.95724680474999 76.04849834192721
42.54024934640702 72.40293152551557
37.93259832275409 58.233857979775394
11.474343130736141 77.41026681222623
6.035695804792329 1.5490022908535073
32.309005488482676 8.517395658214577
89.12839739208971 34.955255641359685
80.93893788257209 46.35704423714887
24.897610371873068 12.668980404847174
43.21704171504307 5.682229915623682
61.52794997374124 13.351907038558942
16.460743021814604 56.49318479586207
47.81934049000376 49.780829704033245
41.1319188101308 35.184605022278916
64.93054355679658 10.846629974567612
0.5923265401029942 49.69629503757042
71.86194458759138 7.011129265520799
37.043749565357544 40.33745772599017
32.71933037847394 81.03719130444308
36.66087603513128 15.991565169148615
28.101366195818056 29.884474828211648
50.19625898145858 37.49494941292538
97.12377115236563 43.08369600941143
15.138800740164227 33.18565278347359
83.5468061119199 60.822896706681654
55.07837310840472 27.208304926045514
42.15261349104436 10.48950915421366
95.6178796822314 75.20210674888979
14.690488823870762 41.73952001785209
27.159466326304983 91.99997415146844
70.67239491456354 70.64903874797032
34.835802698756915 74.67031227627147
88.00062281277278 66.06839362070076
30.88740073076205 36.88111504489624
39.73579098320295 10.878567263162953
70.85161411408001 36.74424721591216
12.469424263669938 27.581286817820448
88.3799560999064 58.50729648627647
38.70155646505693 29.31301086789001
20.685359566751625 38.80891626533211
78.15148836333023 14.114355249544008
49.852801578242165 66.47134320238776
25.62774119619973 10.683435854625046
27.803328352311894 4.435822195980688
87.20165928160229 23.012460088215413
90.03330790161193 27.038583762648795
5.651379273979618 63.428333718589535
58.33893447286522 6.117894498332166
67.43139057412303 1.899847209247485
10.291095745338708 91.8598704697142
12.356039926668439 60.77446479906199
11.112188599799488 3.1755801251088567
50.26461453923735 41.685934476361844
71.36025869795452 14.151379117210661
47.67578494486687 86.92142999714008
42.03149292620283 24.211782975171225
31.994552615532935 31.048032901538626
74.59761580412365 49.82088176127804
45.347018717129096 83.38897841777944
82.4471337740896 51.111088976688414
81.72003876605642 94.78646147742988
54.83823923910681 81.8793825721008
74.50546676614866 47.814947777144866
58.48545803985172 29.99567919782775
63.714160250335716 8.468187500947089
96.8584012773413 97.53188068545757
80.90810990066802 10.447671017079019
97.2001418519989 50.15557417734402
34.61722477281624 3.8036460710769826
19.38919647434695 43.93265632939743
46.10212195158777 65.37271015719811
94.10456897576896 95.15708191688552
35.4697414656703 54.399187847976236
59.90257815598513 24.051021898280034
10.459495716126188 55.328756384522585
97.66260397639364 22.916095207880883
31.013855174743753 58.039484907009964
54.78829177362029 30.682192946392373
45.76102894881948 47.66833609603236
35.41240427511511 51.194022724240185
23.66988349649897 54.315137703333306
22.30637825912082 40.81165673005894
56.49623569378971 14.293768514276739
28.2667778737827 57.474188320233296
83.01553076796813 43.89636419503482
3.099306420453163 26.4707447434981
0.08946258473578883 36.91246687087647
25.75177602820772 96.46719040966629
28.01320980802351 64.5753456035791
55.93819525310547 34.8573269400135
30.12501068181661 51.120595174383176
28.54553673173782 39.76147639242234
17.532194823532844 89.52304762195243
78.30693509581744 57.26790526058302
3.2224023871046836 64.67861842292902
91.16612915111992 95.15108694813435
82.13860969146069 97.41461082200799
45.37279016192738 50.775743187395086
6.018862653673052 60.30462525887144
49.87453331454644 81.4761447936391
50.5854510971555 27.92959651177853
80.92954567653425 35.19172753470957
97.73616735592117 27.145166496767516
22.707210000044576 25.545633892074328
90.98645902681712 58.848865977936256
96.194386723941 99.43063323856748
36.12868448964962 1.3452781974135575
30.096538262855965 26.401059330780708
19.25386294356981 39.879920236672596
