142
41.65473688778894 89.68876910209032
57.2178677873613 61.95833272782794
56.66453405288435 64.78385318366104
50.870026758644215 23.399767419075555
57.675375053939405 60.76465920697299
27.93885057178631 46.73807595570295
16.400349196082832 44.81961990213541
96.13980581389767 16.743705295922062
71.28551292886631 49.94512109551857
97.55942577537459 79.29889091307739
61.01843971936426 57.313295763190354
97.0888156101355 75.16605201562606
34.23199462796978 62.32155922985575
63.87534453222005 92.11371609808026
45.32064608084006 89.48513773227144
23.331706932862385 35.15627692802781
81.79416567983327 24.710840163312508
76.76884269352553 90.98826291074357
0.057448953849881246 61.60650322340173
94.81625730966005 6.922703282604459
2.1598730989012105 2.3625406923581393
18.211364160872755 97.00518360665342
22.07258765970591 19.543332071793905
10.294237731411481 19.690439467128908
22.72361017630058 48.878540552044214
98.39509324128535 22.711798469981726
42.16863287240125 66.43520661620047
8.503782109171276 68.98456189798398
86.39914376527436 54.162627651526485
64.17431609133043 13.04268196343018
56.91274605750739 2.551977348482559
10.194879094536969 82.91804933750248
33.618714821193066 82.5464803303612
59.087460743394516 6.7688620874779115
97.70858752484838 32.71875759239915
1.1733104017959683 80.2964729332698
1.5945402100291162 81.32271881573067
66.9293416353303 54.330894097016916
12.522674489516517 68.4313700220083
49.72404218189688 93.98447436754711
46.44109059444387 29.546389286822272
86.46070498319706 46.801696495392754
61.2443747211916 99.17653835706473
52.21395570260356 45.98504826941803
82.81099329291139 8.027620409249803
21.034295208087073 5.831232365455641
45.536391132695854 38.193187720315436
4.66351338833948 70.93770995221573
26.22948710055222 96.0104883110318
94.80123685088725 13.603747699761593
37.278617207350365 22.72552367113496
16.81845845072908 2.291716072864469
11.114304493423354 42.595543761990406
19.703867568055767 10.376666205760953
25.72203401560761 32.868251106224164
31.134744644943837 48.86496771140981
52.24640735809922 3.970897497364212
53.794056179923366 31.65639120366216
91.9736498283791 42.51125554533619
33.02024243191441 72.53487941521632
79.13826570879773 92.04998544504589
64.62860044688986 31.37950035188839
13.875454094435359 38.85585990871101
13.876696286911406 18.15789420633599
54.6682779052046 97.13322620948823
88.52006804939163 73.82356353015633
11.986340205389212 70.75782780360494
44.78241386841228 62.112680515383026
27.138280362198262 53.73236940302024
69.0654497232421 83.94257259252275
33.28062470364323 68.46778693860593
28.750218201261234 39.21075625493762
91.83992996940793 44.84684465334304
43.968353960191195 91.19013659972477
72.49133362602677 58.1384516882739
65.10226178076086 66.47073778917964
53.97912699556638 64.66083589185409
10.773380967712809 47.711230010081074
27.07645856084724 3.263849666709029
14.70106572424127 60.46617567511851
81.04808781679313 54.72796719719034
12.712658816781364 59.246248415810854
75.92960213398582 23.738915548675553
30.950401514452665 10.4526886595531
15.28353332632334 92.37127014899325
32.82848656330233 78.7576886760509
83.96635446522865 3.486553376917201
51.96196826104244 73.22433784401038
87.76236536148807 71.09607158213119
61.502559437510826 87.35021929325288
89.83623886638259 92.19057884645868
72.89103901204969 36.66283865858212
91.07347184293492 73.39902739664952
89.03055488801925 59.11997721183698
98.6104905228274 35.593108220539925
7.723753871056838 14.604621783571048
65.3719185366095 22.059359026451453
47.299246024270126 63.43273834673106
51.53792829322752 75.04734459788337
66.62205002135039 41.59894525556547
37.39872778753524 39.161498435747575
77.06306843267625 71.20409762529133
99.20677202903762 61.08729332480787
42.64615607943896 56.333025729586026
46.033302100575646 4.945706975732644
47.85961764315763 4.666805663772466
2.6609966146242336 14.043823270732448
35.25139475640462 44.81663132668013
67.12940083785179 16.580803813022914
63.34257446316126 23.282191356384374
13.619988134948258 57.468936442766626
21.16898918246861 83.1619486633842
2.0748039196629153 83.72822335002014
27.377182283557943 50.33194498242381
6.865295209216726 81.69585378342585
81.2203882937004 67.8351541371385
0.40023306740080145 11.327017304463116
78.02264542736444 50.080344667531605
84.7976526756121 52.232278732531725
62.27430118688096 99.09073144752352
26.08438065770192 79.81801066439517
39.24675344008192 36.91877372818575
98.77729048978405 5.839066479147769
21.566210835931155 0.6780592633758631
74.56235948688428 1.2463019538126119
61.01316772735543 19.556376214149395
71.14011819195245 81.61499250493202
90.60471173346014 81.62026500587501
77.38971651576458 98.03373357677334
40.49990599827352 32.36980335865809
84.19338813241743 83.73921094273533
31.094357514805615 83.72179485995177
92.62694027716333 4.3532984354997755
62.73046295420476 52.01192473076349
24.08145574718692 45.46537465892043
34.64926254205982 98.42769913175188
41.9647881729752 53.97470287085769
61.41061441339567 61.17967935894183
68.85966635647927 40.49646115398397
92.23113184697716 83.34950383935224
2.7611272638760065 39.830153937352144
6.048156328451126 48.06204512756447
