17
54.87201747121006 31.469916992266754
52.73393570610595 97.66396956143711
31.071447156051413 67.95899746569411
64.89525642777141 10.30259867038752
34.72167033996205 72.33677177544926
32.52263961815566 43.035911679954395
44.740880456520806 92.60286269974341
17.9769094308609 22.794708542751962
59.376613807544096 12.400459240710326
98.96984984098403 92.03034474846432
34.06416191408675 9.643914344544902
97.65458265981654 55.28489691118772
93.16899136872577 6.548316111323826
34.12094910649156 73.8417849725445
4.318299128898062 58.68505823287688
4.422752689842069 50.18904086103457
58.54505517192518 7.994047499407264
