174
86.39129749784283 23.08186648153884
61.32003387877115 49.47305287312203
80.06255325531264 32.382224821886076
7.910482789543671 53.41468529194094
32.7661601132614 54.33215143356712
74.77038052599305 13.05532741307146
12.88262289081884 36.393085726531126
9.950993201248837 85.21461706499169
39.93920096002639 83.37199943062383
50.34866936965793 49.81755960528573
50.05309761402387 44.953604129192705
22.002131692100225 97.53336596298203
7.589187837544642 46.57603977650112
61.586358177446186 76.92592338927719
18.13001273828444 26.606890638307878
25.477678646138536 83.23474117675396
98.60416669536481 62.974537929017615
0.0004268292014830699 79.79488886019088
56.08291049656104 43.39540843584252
16.304505109468558 3.5453520199999478
53.38745420918668 21.63715703647574
23.40221492512381 90.45512294940505
50.38230836389992 74.10243767598965
80.04881407925434 48.114780230205966
14.407885878519789 64.48374780622086
12.34594288707661 57.392589669753235
6.035348531092777 16.14954313382525
50.497467482245575 61.007894050264454
19.160857830862245 86.27322755413779
39.08005141064326 69.10771923070007
21.835937772132773 59.33735181374179
45.26013435019405 86.54059728917377
81.66862116134801 23.029772252216464
87.3823171674276 27.463125710588788
78.90879335125199 88.96672944140221
41.55235217782941 24.33889535581033
85.19680167741603 97.35355652557259
89.23688634987519 92.67910343960463
83.20367012532341 30.781563956378065
6.622010934520784 86.4161380850243
16.95039818956834 78.03776082651042
75.48765125750157 74.89467745147283
58.35013199730732 49.0650717043875
56.18178307821965 36.19157510095338
19.87304562838853 53.9992782433214
21.070409987000883 24.940236743784915
11.18391032578694 28.588969284512277
2.823573440567162 7.011571545990014
9.500734370625786 45.85597819042011
66.36757142182678 74.446279452856
54.80311531871772 50.00258619720167
3.741630431040799 18.4265609357112
93.62223998533938 7.965805110682933
99.91794030503512 12.789655173865777
7.8843875499274185 94.03988718938815
51.56497453805237 50.358933093149474
54.33245123648861 5.666261842763875
42.33810026813134 6.817782214094481
91.63566748766418 4.281717633482895
59.357017513094966 48.816684132232936
28.98691154805293 87.79925785119234
34.99790331405143 90.93590704420419
60.85173055386592 46.57038181217099
11.449431387534393 13.813338264337672
31.265918739987598 53.579538827896144
43.71122319732527 71.93032349815643
60.90593811645798 93.61332611627822
48.08269578431747 58.953148029654386
43.21960843280973 15.070512786079037
76.49929718000331 86.33869244545949
34.06469461200188 35.38329085846538
21.07680019731043 1.1628080902383542
8.680049050217441 67.82648709922742
2.1380413122348174 90.83677120631735
29.115790115250817 74.14264996957648
73.16572477479579 62.619058777544545
84.29876986925844 79.89576824142478
24.961301770520826 28.359726108459583
57.910659170211666 99.49567670331123
64.0519413090309 93.00216673107336
68.35713836143947 55.339024078078836
39.12499400023187 17.180278222579638
52.585868698303386 80.76164544049062
50.35529813878021 13.141625212724573
35.26070432304634 32.303854934537114
3.433645042153355 55.2152265847646
84.44590212022919 69.54135543882572
51.26553842843724 9.236922512590729
63.0252079647311 85.18996831805471
92.76961610541143 91.75521185569954
6.867791175512272 17.058563965977548
77.51730471013543 26.142160522893278
13.71907682904272 90.25790454323369
56.49138233089145 81.78512978569329
89.6602318775483 45.74358775955682
78.4142462821148 50.29440001265668
34.21470831311867 23.116875232947244
33.58275275334003 72.79905963537698
38.054114431770614 76.97490632063898
83.64505317146357 27.9502861685346
21.98547085274074 79.44827934407203
13.517349191095674 91.3298811011169
89.65377075266858 56.68037720208554
15.887424563605478 42.66482123377505
78.12924937054217 87.86362964007267
6.950720414832013 25.993310487914588
74.04086002509781 0.9881095128514317
58.91726094933465 1.8161578438092962
13.728718672011553 66.89633038887717
57.179956438986466 26.992002117539005
0.6697693865324816 36.44757980011046
1.043265862260967 48.01097891337835
38.34939277541039 37.341340875592245
40.14868654756874 21.06576476850356
6.132439503076648 63.86992672714457
8.842307444104991 81.36473692353518
36.19024046604563 88.74105072035388
29.75951112590739 87.36664876292944
64.40742677918301 51.68669854093204
84.06877589498804 45.7572617997763
23.522951649923407 8.903777052769957
34.01858857170681 24.985844554898172
59.283439804573014 76.77328307409309
78.49905533600396 48.79804696712091
43.83301674951496 19.01646685021976
67.58360204022982 25.054663376586362
66.40236435621576 71.2068032236649
40.826509793452914 28.44752100910306
64.48142111577346 20.88105090047151
34.8151130711573 69.11006379566557
64.17028881594355 76.89826727397127
84.79785708330914 66.76074930413812
21.119694572791126 13.023956428239003
57.9846571459742 74.79451292565072
26.9446835122367 74.1301562989811
48.84876823588994 2.483873244919632
37.740026221856404 52.84534864599439
90.46575551106905 86.32420581229351
19.607608486095863 43.56092929507167
37.7294994112531 78.9334095033277
87.70512279163056 72.60680988624223
51.20576043245932 53.73289793839988
23.436648384336557 79.62198874832728
89.2121002481451 22.79975915952458
97.86637966721841 6.244892342289199
67.91882472305367 65.26111208754756
22.468827280093485 59.8223103048994
70.21933853005581 88.67723436328855
0.013811198445223827 91.40219754342944
63.615387848029236 4.771049349708778
74.76567678681732 70.47524313118151
38.548357424873515 67.40552621637792
94.06110683923261 99.75197260760365
51.499286207699235 32.54983389709941
46.43661132012424 97.26985448609216
71.78350082562211 69.27950183899452
15.009324599633256 99.54304979733578
45.7220864718678 31.056401525296373
73.68638830488055 20.729901308675956
49.34316196634588 35.967632127794694
11.793415099279493 61.16843078119133
97.39749131745978 65.69768779518444
64.04244334877451 77.79364342730396
90.59901083069808 38.04293783989713
76.2526784935644 81.08892766298808
76.84315928086136 34.13153718316612
6.656605469497656 73.65033848123129
24.426856870178938 69.43137944413485
57.83236948882532 84.89197713544853
58.96514596797407 11.593525712361096
28.076686128052273 66.93839615822884
61.8312147059223 72.72455720317267
71.00727533300761 24.354004494159753
84.49173941529644 84.53917166780066
