108
40.2795376950546 95.93128719487248
23.77250933317614 58.961144827994026
38.80140783811301 40.718706107652416
89.13148307123463 14.05698054926191
13.831505963193536 41.084403109047706
31.718882111245815 51.858986488703366
13.354143715004662 12.242825302148697
72.95215273363353 67.66883905595122
59.23360286962348 98.06749315340359
14.094302913881318 84.3853503566344
47.511770261942566 80.05026062331628
37.182573944979715 62.59983593194705
33.839290556943006 48.89580868635146
75.75082669969662 3.732748363102678
78.09851436579645 35.253739962096006
19.941537303744806 55.82881872590191
6.948457690571264 1.247120621994402
44.85671931348671 36.16126447726773
7.166433826187324 23.294850000917688
90.55809138481138 91.7292798877628
72.42833060804412 15.194925551918148
96.54511828077511 28.225887724204725
90.90810643469626 26.118587934217132
40.185186031456645 0.28393352971287644
71.6085876106296 46.42892919652708
31.99631547145835 11.76608398574508
84.05598104720575 48.2516478485986
42.172877717550726 72.12460322278909
87.69945894208824 88.44167876461722
12.06561553431752 65.67045281937104
47.99056417620253 16.916223418810684
68.46706013903547 44.52456446599684
90.7497410041411 93.58078702759886
9.874644529586652 94.06729385924596
46.41475614893601 61.24693878616365
21.02584157978352 61.65764592211207
6.3262323242943115 79.69885948170639
83.25539696146905 16.901212782831642
88.32815962803228 74.9628862435354
78.68361054936537 43.958928164235545
90.4235973298774 28.76809861022165
94.65918804744912 44.401239444079465
90.74408321285671 49.46472638212818
59.16452017698981 78.224128085363
44.87239312894188 89.92525059832833
76.40517158220418 58.510657761103225
88.40167598877076 7.384019527802876
0.6980599636700058 2.1041175903329767
88.050056189216 84.40388808202869
99.8594322748255 10.674734953485576
45.24210325796536 90.06629022046675
92.44865778951123 65.2421376061904
74.60769774456178 71.67410394849963
27.810984735099964 90.2327539111397
44.96004444288779 97.13463205626248
53.45922275437766 91.58835410333246
30.91380599998108 92.26529348408754
31.27054290759361 71.20190218002091
95.85555438893537 85.7000004174945
91.1128738299958 29.88402179092856
60.12467414787802 2.4737164520838184
85.16107450796963 3.32609718753083
48.55911818643751 16.129070170269156
74.0698912186273 58.04731331846832
14.283866921885725 48.15259966549568
62.06001525790698 52.74101432692244
25.671654027316148 17.512474844535408
18.467361054038744 49.02250272293669
82.23666125585345 11.895729420111234
53.42098881440833 35.996981982479696
58.23285854135353 32.01862754277563
82.24446641066532 43.991874244922904
30.23758536307576 72.14101198753315
83.10476004525746 38.30543116561932
91.29749571584082 73.27187810304552
53.3347724866575 18.410908014431914
47.25364757454885 37.51948097359925
72.4387033690678 92.14206124122407
58.2425118871319 7.863630910609054
66.57505660877221 16.19983317783351
57.62471643297237 1.403233626671263
4.771043795532426 9.52058454427931
72.5463445854979 84.61157323244649
52.63813927251274 23.621066444701643
37.3592330787674 85.45895156107228
35.00698202565605 98.63621779145379
11.843542806299624 13.28622947289686
49.74346139106374 78.5727119008114
78.37286643157387 63.96373562824728
73.26896238708143 27.384318062570912
46.830270642175556 26.96752745295732
27.64624713494035 89.57023887958732
46.138319146180486 2.8791652435567805
49.26739359532137 39.18966813177149
87.50913676947701 48.87816813480704
89.1198332357583 65.59148001828005
74.35450335142718 11.755927346523809
44.176781427076065 56.572871890560336
92.0523761104565 89.84258496574536
78.80678665999596 88.45072924197578
33.808444351985536 30.284919271643652
52.2245108608609 43.426745349225214
3.7850566690081577 25.167373074660503
92.0063673853998 20.056100864066572
48.69701802034563 48.14951278287868
33.25613297213722 93.55776116943419
9.941547511937154 91.86712922077554
70.45580728401335 73.47052320992915
