121
66.39882116221433 10.87562822583148
44.18837175757693 13.739978062994563
61.268568944499215 56.858433216148285
79.11321318347237 70.63405091234446
37.18804946208547 26.532630360445175
12.599349892440326 70.28710446304238
61.52327467935993 2.256420305643836
20.07925531809789 56.13066419867003
5.962094344199242 95.50684633864265
35.94490920364203 42.38048666322165
7.5924986030209585 5.309797667087746
28.73035419266453 65.43816054273238
20.58985890628724 91.2451931301105
62.06465126501236 57.59917089317206
78.72020222916896 85.0809536516143
27.9282420988037 59.718806890807954
83.707111151651 0.16020763157011952
55.39183081186418 74.00928870210993
51.81868690999107 38.24765516428508
64.60907273592593 39.56173081371546
0.3393509515402071 53.47626178853613
24.22474226401362 41.10034941641726
60.87855534084423 9.591848328099372
90.86357279173166 22.86403266893773
26.741783866260725 93.1232597725439
74.94265149602225 93.28215395616944
87.71009028613021 92.10465893306224
64.93981356051043 60.48452154685512
36.41595842585977 91.99797190210518
44.99005145821155 40.18481227296354
66.30416088282963 5.018407109464917
71.98313120186258 4.934793618437283
51.791900425182924 0.9839752124735313
99.7065561358948 73.89910750687596
67.16957702573761 23.32566189115759
79.49695651117062 84.7605409658064
67.65829513431912 28.842679000957638
79.81642734596744 73.424192798107
13.109825149846689 8.547624646316976
46.27283972169758 96.17624558475943
53.27978785242134 60.76034653128322
27.357357443902487 12.077217694098053
79.19780388257736 1.0918985371226486
59.03360625239888 37.55343490097361
37.058787969483596 17.930778007065317
32.63953399224365 25.900140823683905
88.37543773653192 70.04858129164414
12.434766295454015 8.922812121044998
10.595084297591761 49.02077327625493
88.95716148187732 62.858327612292854
7.005706851010252 98.90294425331193
38.28174315156918 68.19152755129659
21.32371286560697 33.69015205531958
83.49616846095132 0.03002149155338918
4.098815297917047 70.34276991150742
27.568324377245467 5.135752515711545
85.32085407367741 41.770219039562576
66.00184878177568 55.3272983404493
96.15789551690199 30.543329376157736
51.87229363014125 46.6156675271538
49.4754210682401 62.05069288854129
18.745869452731966 38.16924562503652
31.267828800309605 18.700241842248545
80.29336512813842 39.72971320398459
94.26831419524159 70.52571837468432
24.42682538934806 62.51451160629945
37.53654886891133 6.234768008025437
74.76638177473095 23.33377354726607
81.78032022605178 41.69290505683706
84.33002832583084 59.45044528681645
41.00280193376631 28.683538261242425
9.467041436189682 51.01401095857967
5.640987785797602 62.00817858506903
20.007638121574722 99.44557872427423
22.172983296089132 66.67473201397517
45.32557326585452 10.073900904697354
86.43314331769912 33.45086153761117
99.40931755205058 22.297471699707227
60.26784146604033 70.3095683748387
95.79538943283278 78.55390686986547
27.1688201125704 12.647760131288088
56.82099003183707 80.17112765788637
84.49026730568399 47.42701009555071
48.72968209595119 70.55956418670061
98.96165138910638 35.45446555710796
9.60824488523796 43.23317298526291
52.23453475445644 71.6554125365711
38.29195332924247 79.86824021773181
88.52712546653443 74.37228623660728
95.37848380352388 22.37524170540841
36.09217598205938 60.28785019278805
97.57232535229056 88.83778568135862
79.76258319854082 59.22759911088675
19.01746328886047 42.019768898458906
80.64127981084623 94.59859201761253
38.923333857042806 41.53242373925479
84.53523698146137 18.90169503472807
90.44683701515439 20.215381534365427
54.56375126672971 51.33880794491738
56.763611400268466 76.30261802421626
93.05042730394383 67.47765720751903
20.582983745125894 52.78407858390448
88.96034876394651 16.08273347618536
44.600016518739785 95.87803238190156
20.399036664944216 74.59348976477064
42.072915956123445 39.326050356851695
31.230036622905455 22.49236273940537
68.77719092078253 47.61017199775641
3.386245646576025 89.1840727476341
76.54128132877854 87.93815940221951
25.425566899916806 84.34999377760383
32.714832893263804 48.19207919311466
17.13841723232442 72.79904539255575
18.022772025112456 40.51156043747055
56.22059425467836 46.60040208320496
69.47661217936816 17.128735982851683
17.30045505811024 35.353382002686914
69.44067165488352 42.76474442801692
29.323930519759557 49.265622588962955
45.06182785751367 27.993824215668905
55.638820047026414 61.91550877625021
