125
61.82504491748294 43.56362558019127
63.64205988959648 17.029436129379693
27.341714317424028 84.90250553870166
15.4082404141459 54.0897535450173
20.041882566776458 84.00746679744802
72.63073148838326 89.15718179437481
35.8590011992965 44.62631683346113
92.84125618195439 73.37071989998152
69.17323546219029 10.038885623861415
57.53779863058798 21.112773426392305
36.05859276568749 78.01835981495839
52.456873338561294 38.08254659739002
55.56424147270963 33.257837925786674
31.082167967828923 13.165565504951282
72.1945164252767 93.19724850442186
6.83385053319755 70.64139112548273
70.2318993971362 5.507059532873915
51.6911255172846 15.350670322963566
3.3550614631738473 3.6273895819740054
7.663143433201192 95.87890016367754
7.257170145430647 81.16124008756161
0.6174902448332853 31.972969296384946
13.838521260693526 36.12425978652938
7.955310343897182 96.8345603551216
42.33804772640756 44.852537217848656
67.23441461271884 26.50620505508432
48.51125968719512 57.38460317522919
31.28386058939001 14.029802424145021
43.454591396523966 8.44963352993796
61.875990647465706 99.10748090627062
8.749530767383895 79.6226465576887
18.706490198405334 50.04842118896667
82.94293448051623 6.1549925303610475
41.79235070947992 92.29408728962566
88.7864204155523 73.4822320948541
91.04876158191396 7.838918588372945
79.80936152388703 55.68724270525354
90.42424613120777 70.25647621796286
14.979191398840664 3.962010226947088
60.18952814585232 83.13320025254653
1.7258869178823244 21.294450907084293
2.901834869536568 73.59818746925473
55.067081699861184 97.697168287733
54.55017747145236 96.04547564379024
62.73985302151757 61.15516177705579
24.832088847502774 45.319772236055336
2.2608557627745385 29.93127324914032
73.4974282167852 54.07196413168135
79.50465543723845 98.3102301037622
18.013717881998094 72.11837711416831
13.588626106013091 33.407056642257984
47.936876060978605 81.8310090749947
29.10861853299117 8.729086912110873
75.9892313937972 12.47610036561343
73.56432340911255 99.76402131389081
72.16429596842157 49.22204358846699
91.8246665282611 53.8785203806285
96.99517796415694 69.15794306922511
54.24522275849484 55.39781279172331
23.922078244936984 34.65377906557686
4.254746480109183 5.89037005017744
99.18450341682072 34.987839910234634
17.176841201093886 71.91308946873066
38.880713504048416 70.95800463678414
63.89312684141589 99.7367726046347
11.41005747796424 76.0446865678863
79.7849777082544 52.948398790114396
62.84742727772503 62.976736843962414
36.70156277710153 74.55047659085054
21.328654037418637 24.175669499713614
83.35836084497032 29.34980928863612
0.2954648661130821 81.16927956145182
70.54941107521245 99.78190563551165
70.77578434339927 55.49707617460241
80.16563062487283 82.18568487440989
63.875016508225194 26.27401537038082
27.38501422900158 22.18750590557288
39.07739892076284 54.574644644969226
36.24158256039651 43.22590422473516
37.53527129812358 63.23293951559034
36.48591087652662 2.917984262689033
29.05447794220023 0.0654778352551677
64.17785819631143 56.03089536415929
29.365640307586784 71.41601784881571
9.132837491265944 51.172670473543846
82.92932539867876 61.69728143401129
60.94643500402975 30.924318220836888
30.556083238682042 76.13722537868264
39.4494369499825 50.63032521620683
38.021136082001895 46.13580269987517
24.63169429688936 20.59383814295961
6.366829949414809 77.81064755534173
12.706232397109874 65.47369488414193
2.486129082614752 16.183711160112992
95.03737143811239 77.11332538595114
3.096738381795683 4.72519053164927
78.72764020608744 94.92855015813697
88.65702186154365 19.411449194343067
50.652591664619464 14.39436472057547
72.16869923081964 45.667210697284766
47.121213025315356 63.4230459287092
73.85639688837104 99.1467357481816
7.394470203680347 27.010001652497493
17.178289264973145 25.37644786552863
36.729467009243365 19.63165680018867
29.34706319546654 3.310868850627957
51.43208928466386 88.35591085011558
22.068111207538298 48.377750991472176
35.809554647878905 92.68195194191527
87.7446345297879 44.9036181340021
54.10259987079269 45.37026883355385
49.26678787352697 91.16213469059721
90.44568220651608 95.17188989369669
92.27040301808803 83.45123978864926
20.552547564371647 12.965177339300416
95.94255990069797 97.3216120711843
4.70948065122887 84.71953482814774
2.8374697263255144 57.138645416445
48.688499741567824 81.47501426044232
67.24676640470953 36.100301850993574
46.51639640945084 7.462591595453771
17.08485443399329 72.02796760611791
70.07950889095808 35.73957657705227
58.070559979108914 6.256256745203492
1.3759339837737028 10.306694729007827
