16
87.94719270454367 37.77594521904773
11.572168575753183 49.416738875458286
79.22773507785313 39.12013719379047
47.288352632095474 91.47799529610492
82.17134720925306 1.488935484499243
59.99252381868755 81.15665824068093
99.34242295180363 7.081325619069901
13.895194993611447 53.38978370888513
52.10301190099796 47.333552797903145
56.21173923503927 94.96960913791487
41.347757710878994 79.49660506945405
49.3395257868393 92.67857959379502
64.02821232151396 62.62428266122604
35.46039677580758 14.949919721660654
5.278022383956305 20.428590924351475
58.42647114188089 53.799718735680166
