181
28.163973109613305 97.80590906424429
9.324854540397709 12.887685645718305
7.854066141920835 88.02239471467234
92.53364249839619 27.264075005170685
55.61584800426802 53.878028504039946
76.27033520681962 52.04097850959265
41.86836953244204 42.32236938035282
16.580303297463605 76.83086094495148
26.928720650253535 15.955536986402096
98.28791282098804 99.89756292314156
37.19132204082831 53.71323195125347
29.19129032951382 65.99420129778849
19.451437620173472 11.926599960118756
32.9127953475208 7.228836047744103
84.38862328517546 35.50356203311066
92.1042166889454 7.721803293691676
1.9556062179811984 26.311383823852708
47.30188936559803 48.98106023543962
39.391988820190285 17.84891945520607
40.63702391962482 90.25645963224478
61.08395202903769 45.873169080162114
22.216889131907493 20.025327526328596
23.542385497450912 45.47770795307275
49.82271422020482 57.913716501546
51.42550166427774 35.47229510453893
18.630137620886067 15.17166966861444
32.669948730826135 75.41551076175641
98.131895269098 78.32020829084793
60.61212614625981 96.68784070929867
19.80718438918886 35.9531993165373
63.96710100839941 86.27392979216107
50.550839366705404 34.217096310363615
27.36027523437241 90.77454469519579
91.78857633640257 72.71088619339136
28.863503601971118 82.3393378516976
21.761629462869404 95.03571907608305
62.002057262201085 46.67612622589592
42.01488485437136 78.23396190346362
93.65752929072207 18.864136292446652
40.50077390709891 78.52705705613762
71.04604165136456 6.419461772687152
71.95591660640372 90.15997316742205
59.290187986438006 70.11394599507462
64.23495225032993 47.66394947889794
51.544734900205015 49.178073932347175
35.190736765835595 57.28556827617207
4.084887694737116 43.04904513995535
39.77873166056618 74.07409363783249
26.61113936760143 64.55603290837655
7.306863078346371 66.76165391326255
72.93003823451092 66.68022345178369
13.21730189634751 19.392986790170987
18.483395369748145 42.02547458996095
39.431108217508196 15.280908501439816
20.171103476546804 5.675723172599511
55.87330202540832 95.013911245754
32.13089197281174 87.2288537725537
76.56090679473671 52.44804743943556
77.11446899340315 86.87898581911318
4.746231278110013 41.958619626847536
28.181960932190353 44.81934679447286
13.113157650526187 49.984956242604284
71.0826704363893 49.98366236881425
89.45403692385845 32.926784783598364
60.28672672673423 62.98522177877848
30.436709453442845 26.525650801420696
5.339007479640401 25.618543143225835
48.86951436150174 98.04696452354523
37.54966073019068 14.749063743703283
26.108220820032248 55.8253575727507
19.462088535611745 32.38558551650789
88.58570095475675 50.63476522497977
26.85050793175798 94.21602080697932
52.83344726298159 24.146938255993433
1.7862055286470446 26.175118273444177
18.882780157019607 60.07135577785131
98.07758557759824 42.37542487306671
16.4159077652848 71.66570855247359
5.958148987022504 0.20110364116069368
60.04182900856646 56.37312300793267
98.76343981660764 50.61432049062249
9.950056225507453 33.17280454322289
93.75307492561011 22.43674337907016
27.88460293737771 43.3169369097611
49.46406262514588 17.573900748545455
6.9756162401117265 39.05636589656982
13.244219636758803 45.22984681067811
18.101517148571645 43.86301938215607
24.66277107636102 24.59457203183645
3.0022433923894476 90.76679969185815
81.70097963646728 90.17958971967603
27.49087863621057 86.6804839938163
62.40345893968823 93.30074839492643
43.13381414857691 17.26823410820385
68.4472224632792 40.39247562081779
70.42933883906883 42.905863301834856
23.66969686266761 0.40106571502311894
27.694219270173726 40.29013530889629
86.93105016270265 76.11216232377379
19.92979814143334 18.58442266292308
82.38068824756346 1.7524475665810058
6.9990110901104075 12.350713554129877
15.616840802730191 48.87940295873221
45.80340608277248 57.940962617968495
83.89247705956736 81.7212468736756
82.52564644351047 36.919244555186935
39.746469601523806 14.682494453492057
17.863007286899947 86.55418962913551
13.880320160851623 85.24289064386859
83.99982591247115 25.599076423929557
66.0487709639872 20.912765968687307
7.9003983730951415 7.259667598007436
42.55390467135448 33.625226670729106
72.08896736859097 0.7982841884369374
30.868114332150753 83.20285282033022
70.05181530510129 75.32328860787842
47.372723423076515 1.3857892458889243
30.546494706941353 46.18558914798876
81.90497168125772 29.58284334876533
2.8744898767096183 83.94480128869223
5.5794557738652495 35.651447209575274
29.291955009515625 42.15328817055336
63.670177092338065 47.486131711870804
2.7080580914668584 59.618372090088755
87.62300940721333 54.284076572972204
34.87220678487469 39.85758404147213
86.89205838101265 48.36555656140178
71.79687278199891 63.61524046510094
59.37828238242224 8.045570075492403
74.9141789263508 52.06188533884172
67.90531857065203 19.040583915819585
8.265159819124268 8.842858420505717
10.146627396872798 81.98328311081954
86.53180331827615 15.95362221719081
14.462931908700371 44.34188356189116
17.220957059667064 26.082077057548826
42.74690637810774 74.77057277378216
57.52862277450046 86.48703605875355
8.480228859782358 39.56300572542079
47.93579145416589 80.53049439405234
83.27958410287508 90.6836663549469
82.29588944614663 62.55533312641891
59.52849057032129 92.69905334903693
75.62465704206134 32.68370604633656
98.72305137909775 15.827124655107482
36.6515260805137 20.3456623419081
54.45477516706977 21.91516015248942
5.66339554345835 5.47260949993923
99.61042771918515 57.22055954699723
20.53150688038896 94.19366402156896
94.14054967633044 98.0121046135194
68.9843195225383 89.21077183935756
32.12846879728688 93.54297585531941
16.431718439020806 16.350665742454275
73.35334826139554 64.41234860618148
85.96418696175789 26.042533284149016
41.63345505633696 94.29474314475796
60.05387574520342 84.82321052465119
49.91734250274597 97.18150675444261
71.15073403508683 80.56933274261613
18.10144251021998 18.454856170497834
90.65451577557523 14.868859620554653
60.53504193546804 43.89905546948156
15.592707746414181 1.5778532680047808
22.22755013178096 32.05081091742951
90.97534249185269 8.369089307571564
70.15236418824666 52.91599982274051
65.61044982207424 61.74112470928108
18.072384932001352 12.668509881992884
85.93197652940783 89.79001123300246
74.44044278159583 33.614376032361704
94.79335930218386 22.121222600873004
34.37987118504425 5.623841582338118
7.11128171506743 10.29909453554998
25.37466896032704 33.429449932174116
1.128402193165834 94.03750805106164
8.950512189571569 62.27445932564586
97.62138644199024 51.77084780457141
38.021428798703006 6.985879673998763
15.07946983910331 17.136638469165753
92.17948820581394 21.514771611437368
