182
43.24910332843393 49.392785442514466
99.71950170085637 13.524934825255553
21.25666640639514 62.773226141304264
96.57799245570264 0.27919170487891165
22.137490634424672 12.029121906124551
41.92327744203021 38.542154375269334
89.85711515191936 12.95846821437575
76.23481445951721 80.66322852608141
3.587318926833205 20.52027604160379
99.79496056046648 69.04801337265395
26.843089953261178 39.10401775818857
39.3017006710608 0.48680143844865853
60.124866303488886 66.81170434742026
13.91299022443081 35.525280289467595
74.41045801208317 67.09304422713117
42.321279691416926 77.19777770636507
75.63506749132787 12.627946046550974
67.74035849670538 34.48806320950185
53.89076284191937 76.37413598635887
44.621428073674664 37.88114897618284
0.2698741726773535 33.985732429159846
36.366830656502614 10.08037639761572
35.24811651281367 28.808304186590682
56.21838134528365 17.256015788339486
48.38823082719045 31.149521725237463
33.697425115605604 93.8901797428065
54.73054899179315 12.80879044149783
0.8112590419291799 95.6244436352675
98.82102125780622 90.68748003355118
35.058298408150776 64.6349844866562
48.74226544587598 51.29567774362535
62.511416918890184 9.966652077916837
88.18440285893439 51.57285079442103
22.927242351260446 22.53721994587864
5.93934877057597 13.314432426342282
68.35981020678096 93.80575716445516
57.79128350676436 27.141299722618584
68.96898430650089 0.8866734271442689
49.53607325012368 69.45131520441079
94.09928219334749 31.92989055768033
3.980542615320981 91.58296975138326
0.10485716020925961 88.83627158560039
83.39525085571762 31.946523572351825
61.48119337699438 61.63631488589274
42.10097852678574 54.99873665539797
80.9461714400247 30.30496912598063
35.495332284424265 50.92355668001284
43.84798663719071 93.07728955629128
37.979039211504805 79.19486110893115
75.29263000395183 32.16293466020892
77.65121257071722 11.235765863540959
43.96337481655826 54.24448155620253
45.3642518387395 56.759462554710204
57.628507256706804 71.84531241803705
13.643814153547673 51.670763773057345
47.830556203662944 57.09995992429935
25.461006894955784 26.762069108533414
32.24909914329157 12.163982304861031
84.98792333781641 36.536817830642796
63.66874770705328 69.02098050994196
94.52365859085721 82.00176873471568
95.1147873811578 23.50241947990438
41.74491186176121 12.29562438037508
63.252361877529935 53.67564961280479
70.69549243669984 82.93744297242706
19.931625956684872 54.4152444947615
74.82119385620429 46.18109408365121
35.85704492569744 72.40511840815479
11.254731717657906 42.10172198109906
68.3585528888887 27.044342675334065
77.23294894455455 32.23499286533374
5.067056398090653 98.02440443460121
46.84157309013946 15.709839468046184
85.59074915257035 23.301847679597685
77.35255600513162 51.91936350439301
40.451595879975756 12.568260300711687
22.267594289973058 75.66851922832156
83.84953839905891 52.32015745570918
37.323841396392396 4.2070524369057
2.1373655954723736 67.05827424111777
34.464808197985754 45.03024101409687
79.54833965146446 51.50795743001514
91.4809903881839 96.23595339899245
21.372593367953808 71.67323208336867
79.38578545062127 59.30579638862492
89.9439513692037 96.70158972932391
10.284447885330971 95.23846384939895
6.565037787267469 96.66594582640737
45.919056436408965 92.50745720518077
50.290699272132635 43.84252940268381
91.7883181705393 80.58326348288446
51.80119971064712 72.59519178337598
39.13354746049594 30.840128631720464
4.867480373305311 81.85469049822879
20.299723985720608 36.915727178386106
39.04948876133704 30.503794058171827
46.37562993085093 75.55466057117796
92.55500809715068 3.522634747983666
78.27969387548572 86.19959096327878
26.641727971848194 90.39283940724997
40.98757559646617 2.090486960878679
7.6504751444768875 44.89670184810615
34.05658471721416 32.43888636991636
55.47982568534221 54.361532948915446
81.33953095974866 12.677677239662987
62.35975701006857 72.67063606606602
40.91277463216776 8.134107610180319
8.265457185254931 64.02925799891669
0.524701416243778 44.77419516841643
43.96639724664803 63.03370957312523
58.081447837285374 40.933876439607474
69.96854283629041 15.85147995018975
28.316195223118555 3.964501125454367
49.66097405718538 75.55673559298877
20.176742766175494 69.10688327910316
85.47589075955119 48.345282350860295
16.859345260741087 54.07161300089395
92.91201795440783 92.76954714779383
81.29814635929301 97.21867646355327
17.470309534316396 12.384650563818255
4.7415107194626716 74.5566356794463
2.5638091572953936 67.14750907242161
35.16689207660666 83.4020472429639
87.2356279370798 43.21798175221063
93.4295811885014 13.351407044054152
88.79409254461028 5.527610003064476
40.762488722150735 10.150882331170852
25.243752226510917 39.23541408375733
47.910544004429354 27.46452239191268
90.77635608766333 0.9792343264687919
62.36345113956444 74.37705484085916
30.76104037748636 27.415433521653586
22.042028142551352 36.09394538710761
38.82947554867465 45.17613011062625
71.34120795277518 11.711566118738281
52.758890760091134 84.15447033143498
64.32126277915212 60.27906966347651
84.95028223049556 88.46219002452987
49.80403229546317 41.49463560496993
36.596793219748115 32.106631183992704
35.11501371287766 1.6015333603447757
12.145221806532325 22.45843814137163
81.18721877530164 48.007812793286405
0.6702679958370261 28.53906492838488
17.09298577613686 99.34465792711065
49.58347455278657 2.232739595804256
36.080344512351815 23.08411621698244
32.73260024400787 72.42851229950814
60.47529476705418 9.600974839770027
64.35243747296582 46.50737719152859
30.689317197199095 93.9971921456141
3.929211436998481 88.3972407294766
21.519477108974392 12.737521483122716
12.447885630839705 17.882979889853033
59.41447914619745 28.895881435543693
38.88174921759126 6.401244846848931
46.48329042662995 86.3330461040028
12.919652440661356 91.58449165802092
4.992235378057641 0.35545507860664793
60.50268270359289 26.45167801429922
96.97308669066372 25.47219571396353
93.93903700837309 50.66703746819166
25.448431426381767 90.564983342763
81.84353112751279 1.050919684584306
19.354280303751782 83.56329867500062
19.971343636854645 87.93132885309687
50.09278714112981 37.91334030643247
99.33467699148139 59.31939285546758
17.95859348385669 23.655928895612234
54.01292113539997 48.411340200529494
5.688925613811158 12.633052961173485
12.405837598793513 7.799685641425702
20.676084924093484 56.77624898030924
80.75620341021994 31.648514504823545
1.8414170452450307 49.02692963631148
82.2771133402761 35.24035090161273
44.351927485741996 89.81492878899921
21.14679901240314 74.40052192768182
20.237777763699604 88.09876497432107
6.840784400183386 16.509358118453598
3.9318533059600203 18.635274092697074
80.07892995201325 25.01851988160687
