191
25.391621338352333 81.34172185753637
89.65371884507559 0.9537212669622153
62.305209895822976 76.76567268319965
40.13398122132341 47.517125721147835
49.598816747555105 44.368874965669306
56.98869359016607 53.419968245345984
24.52341696181326 47.16620976831274
54.32845350770599 79.63683255369722
8.898409227495218 23.62380967144613
68.94803332577122 28.041499570196905
18.98039936457039 69.03851098985565
5.264482233166278 49.978496544185624
4.410424670458402 99.43728155909436
30.461962174380464 35.418179341935776
15.70050420487722 45.99042441139147
85.64530194454856 35.12519941918946
18.97356992685667 67.53580105322456
87.37182650827617 83.45967274653734
73.42135445788188 1.9041450144629546
79.98868085360634 23.159230821611033
38.57329809266633 69.5740145653266
87.5077153659236 66.78312222799447
1.1417853762238805 32.35520308881695
13.796963231952441 10.325301188260095
90.26204160268591 80.0126378426443
34.27651272666692 91.07396958152674
14.380533184439336 75.73732510104024
52.67576309753393 27.013783010734148
0.9865586874033938 19.39669173957942
59.14328128740847 15.39051057029921
64.27763850955012 25.386890423351403
28.2160078829797 29.01430510066524
55.09125203611307 92.92482941758274
13.249309101928297 41.13796095450402
15.08035506937192 80.53258108426476
44.75446366319482 45.056466029102225
83.01443931018396 22.883861005319805
46.05692317564496 13.025586470266825
95.30389408661662 24.86406255645185
9.450000576239903 36.32333266142184
62.16609497735025 84.34764171190182
69.34814042080764 13.194008789001666
63.31335717360452 7.9365148941110135
64.21258544722905 58.92834409092159
13.56907814525946 83.4794359725583
78.1060054058928 19.932064383430735
85.44728057909597 74.0119807788068
31.203212035797755 48.714839890341686
52.42983434540599 42.766910433077896
88.92401192095913 96.16619590958052
47.93383305277005 0.5132468429671189
2.6437364117738893 22.58400194225103
51.098087324874164 22.925950884037416
0.7194923289507882 16.70286970296957
29.959717184516133 60.33317649832075
80.30835370766954 34.109051968061074
13.04414671651225 70.76690762902102
94.77515522051063 11.55187050384937
66.906528574197 54.40082811453647
95.22656508893621 20.861928314122213
53.24683099898475 25.47907719490342
99.06128691367739 22.52978814676776
28.456520316535283 83.89669098441597
77.0183881001391 97.22267538748459
37.57571068775931 14.277275434266413
40.970393408317015 96.62870325629373
78.30694474777022 12.912228587271235
27.895453415702566 29.465663131711782
17.581410396481946 96.44742386568326
89.98050240686278 16.006508078414505
88.919026634984 27.514055220855315
58.45999009085002 34.25855866005093
19.40933510328364 54.2769302535423
97.32041037106471 48.619119933057206
24.88075514654986 17.734632256749016
68.38079061336312 25.690405807070082
65.07557958401677 10.015724140973282
60.825739709070845 67.91966132720776
30.710402791047297 94.61653305610785
23.43512818295124 59.19352518142604
81.60210641460614 58.95902906570816
44.621806033948715 27.82514257487262
62.59241002984379 88.34946831113983
47.55519405759727 55.115754931023666
35.46582948143069 68.68213596008219
90.82848006482399 92.37959266469133
22.944431313264644 17.65761549883791
60.88303758779867 82.94640031951795
66.57592167362674 71.90426217520223
78.60429814361467 27.974047066699647
30.472555612462347 62.21116958658911
11.483523706657694 29.00435808194315
11.99357530840599 43.06417097254391
92.81294985940198 5.257336486311626
5.62378919457699 49.27988237244797
41.67964355680145 46.65282610110734
8.526161816110644 84.6234282634799
84.29813759057951 7.151663731275104
34.46188520739977 19.395275918068588
55.11379969154733 60.34958924074739
20.493118372985997 97.25563483606933
83.50929765032774 92.17214249278723
42.17910390941142 80.42843159686997
73.88108598941565 48.821873242681676
18.121686820792384 72.01812455360617
80.58011304321187 36.28519142915736
85.51265287574272 82.92846783225377
60.35311083293895 39.36664295682086
24.00013890841821 49.57994707436709
26.351006660469388 4.703169100669591
15.855157226293715 33.739113473708905
57.9323576513608 17.79290134828111
39.40181182650528 22.77141967117141
38.744212088027155 81.40273315361726
80.47932392700282 39.40880258610565
37.72068805850998 29.414151874664952
11.274776968973121 59.35177866284109
61.66359853571232 56.75027955107643
94.25811686866231 54.50225703440126
83.58354059249159 22.145319373685503
7.941103323599319 15.649059053039437
91.52251386766378 73.33438467907249
77.74207318341517 3.5791323745331893
16.764172459085703 87.35304379598941
45.32331069384172 65.74854556821302
62.06584833241362 91.56869873855695
51.00815268626362 42.92078694397644
6.2077389063625255 17.970023850812964
51.68518997874112 2.205897063772666
68.70961303226846 35.554345097958894
89.55112230914311 68.6130358222284
20.89048370066492 13.462493450377577
93.6541766957051 61.83852287834397
82.62368310757064 54.53377335606974
32.17934822618219 68.02967386552272
7.913406655944644 51.15558879177219
48.98161901466602 39.34699500216413
38.06518954518482 46.723723684906325
43.5154330816235 81.19012092603272
79.56137977501953 10.280703725075524
18.052078421088403 14.470947265870615
3.274070648932381 91.62752717136041
71.81588599997207 42.26489346731941
9.046662738351674 80.48437918178868
46.15988780791408 23.35378714346722
16.39549719828375 8.231910767872186
34.2440533710937 76.17710833672238
84.04960055129635 38.5932195288766
63.55216390376556 50.03476642902961
60.571361801035195 49.91419776329862
53.43723215691117 80.95706654712855
83.82747543363757 30.215098165647003
31.885154668288294 9.017618616147793
4.9338589235006225 67.49748728758972
50.69477935529113 50.88940367557851
68.00874827877304 93.69155152742732
93.98259263166865 94.6720266495221
53.47617382232772 96.09516799571634
50.25220139898627 65.34700334652945
83.63602666852515 70.10063420711408
95.05293446897741 29.08719204450413
23.202619992320116 17.018740745918848
95.95693419439053 91.26870817867402
8.416968620259047 10.637304441217953
58.80725717013861 25.427254063157456
35.08198075155293 81.88889169365218
6.2502623419611325 55.85628548970023
54.56087242032288 70.17213928734886
38.56330519808358 91.07129750347617
56.59611930681692 34.122752126954005
92.85132906154968 52.77044379463685
42.797728223386976 74.40864210876738
39.92823951674851 67.46561357468374
80.07318144738927 17.983548884569878
13.233011641235837 48.6721422967826
2.867580512697765 62.773984215599135
48.14687383959699 1.1558846412440094
70.8744818252121 64.34561258496674
89.2492359137539 86.28539848258538
76.55795769536644 66.02819140523188
67.0194625029128 93.62604995492418
56.779964466509995 14.859236426245747
56.12002051971232 92.73780174561298
55.45934766607997 35.457351973132276
94.71263740801898 95.68585949197225
22.86729007367274 26.356450649671327
54.81055865330177 65.63839120381984
18.73728989859742 85.45437965587773
52.4444721429352 92.8978564107659
24.135526331116687 84.80859341365239
84.52462190212377 83.22429996797331
