152
21.69104424174584 25.508128978390122
33.10305391183363 43.924025114208575
79.26073314558873 49.502429756670296
81.11561995770509 60.78636736204245
73.39317352176279 67.3946186659161
60.940108928629755 99.71393265943695
87.63040786147333 32.94660284779162
73.4011724012651 30.653369223949024
26.895221245688827 93.91929680274754
73.44755821080057 44.147809624106046
76.6377758439984 77.13312381026026
83.87051930667884 54.29756812650708
5.041364997877107 10.757380474437406
68.78290121745516 74.13323271774823
46.91985275522066 81.1798861279397
93.57492320614372 83.5543671225597
5.530116897500992 63.7878693255606
55.047710068052794 25.594050613805276
7.493674216414991 10.673980173062535
76.96369341984217 87.44557095297398
58.619052205971265 4.085897823565188
85.49472567146375 5.236584251911125
51.25983565033621 16.66596898545706
31.846967759298504 26.603736062333727
51.459916725247645 22.874804274101066
8.936801983083908 92.73985437806836
79.00045369041062 49.10291801523731
37.34623502857802 77.5780859453856
13.602671576482672 47.190527537691004
41.44352384679762 22.50337037691461
47.153911981167404 7.238444942290901
73.24858503764743 74.5871105735939
12.488819631841263 33.86728991731465
65.32274769635714 60.441962247205126
23.53413992508724 73.87054411771756
58.39820303923935 64.83003515383871
21.00107727701255 42.883839498697284
45.80719642203075 54.959873977855445
11.088845334885844 69.75524629978867
36.45868290826212 98.03562454619671
20.411846196621887 28.504296313653555
78.80986362908321 49.5302817358495
51.40393255657594 27.929141987617555
6.868835226693792 59.25429356407679
8.987778107488465 18.165506655928453
51.6566086662526 21.347906482089442
63.513470123186245 83.85761231090216
91.56229708440699 39.14214744180842
75.5818947132698 71.63840584708481
98.16682684150908 82.479925672914
14.74760222678021 61.233663114061464
12.832967535835337 55.655143413494976
74.07188356436907 54.073655595084546
46.535493108014926 26.910631321174904
53.75927463143852 6.6479184478903885
51.83384238108416 23.27098773694807
66.59989537347856 88.51966999161213
71.34586393371723 64.28146157929973
20.15833867380926 59.48628066377275
54.26057035996852 54.20632940536395
3.972119761814663 88.68010034854248
70.65416526807685 85.49863294060897
27.77853872059113 46.26684791810237
46.47783337984861 30.594558810132167
49.92718783556695 82.40524727260798
17.22486066338963 23.554148299388665
13.641479994096773 87.99899472468769
47.4400872036721 56.463252822336564
40.77949078797515 68.86144798178766
42.950364525496944 61.7437333151021
32.629959198743904 69.9154532318765
3.7644563499617534 90.28104104199024
74.41975030566121 40.05772162795969
65.24289609249733 76.17159633103456
8.901879128490897 1.434316947965808
33.85011502362721 44.2472330003575
67.13507318371808 51.01867211616409
26.88669309628343 12.986103822807927
0.8766158915372801 39.50965148198069
23.868981601976213 32.7082277329051
11.483018388926357 33.598901932238256
43.41360373268023 24.518197757125815
9.563568353679264 89.09695212279706
82.46966896912095 79.84395667057566
24.92369878612366 42.15983361952852
50.640530101405815 42.285665006072215
42.45185337209958 28.46215859528951
49.36164883571418 34.07065404296736
85.31501350276162 13.741044123233682
33.03700723054238 73.48825704165756
48.037315216242035 14.101527710015416
48.55342042232618 83.04491822822627
87.48563755438038 84.73859243087563
23.29221479420133 30.946333690774985
69.74074460900015 41.08790846734078
4.170715364116173 53.80240419563037
94.21582375296975 65.5868488093692
46.45288874359604 2.375467788582397
92.97333728208666 19.5349562163979
71.24429296159316 70.92876901316502
61.61429546622096 23.024944540525695
47.05363824430122 2.709103993072559
36.522550123482056 10.409463679723796
40.213447947371385 91.24486725785795
5.358186482387561 29.481590182186068
75.76012586529926 90.15922589455464
89.8124592039172 41.12935421326226
90.64635172069359 25.702897533326286
58.52849150562318 17.086427008132134
0.6234320216619293 3.388279154888396
52.931254839715336 83.99171733118445
58.325335687744705 32.09526020128073
43.41469732500192 98.96261400826117
75.78383549996218 47.65049274249324
40.64143270490101 27.621720841384846
67.2072230889971 95.9374786018928
19.280089844432315 36.02437855471867
18.868282352812805 54.72446276416619
85.2042024534849 94.00123866090635
47.31469965487858 87.69450829856736
76.82877838991895 89.83321064037453
57.53899193189336 69.11317794649128
78.36536270049004 54.17590312225741
60.23204155769511 21.029010273149527
10.819839864649506 30.32273176025604
56.43679516203438 41.380545207770545
44.82704315268865 64.0324641379662
51.8455064291302 79.78992421145395
94.57184007458865 37.28770274860068
23.698492087559554 59.85006060605122
57.369508028949625 11.59599147000485
15.504803346563323 55.134838582200416
9.119126824470014 47.005167738937146
39.572472144459695 84.48010377708553
9.0295058384244 60.9403003896022
76.0959839466125 29.19856617614891
95.03814042180728 0.0018878379628439745
39.72468322629099 63.93939453946146
47.654868278424125 32.337743770033434
49.76599921832472 36.16863684198469
72.56716462297189 80.14075738919287
61.33365585715347 31.278033768082047
2.286774496778665 60.227498830443224
48.63953205708905 26.287580603629777
74.1360682108406 60.35397415805544
10.537239411157984 2.603565410153741
94.94292722996116 24.499540508495656
9.792857830102019 45.925229127169196
40.130141889131686 93.37710486548193
70.99291139822175 87.54307660215362
44.92843266895184 16.668785899635008
17.540597890219978 71.48407941136173
