172
5.88679319240174 0.48078115278604727
51.194618457277066 36.121156986278926
90.05568429309746 74.65622094348184
56.67791626077757 36.108886662645666
94.25849755326956 95.00596384259413
50.21512431382962 40.37137405521343
3.481314350911535 17.721444061541835
94.00188847349973 54.63649112399486
16.56323996591913 88.7533109253126
29.260631402551752 0.45815098492302253
18.109592184549296 61.075573483472326
27.007997350501267 33.08605926768848
97.41239381979089 14.63790740057136
83.99953452224429 80.77319784319153
24.840806716370377 74.39997179453806
87.23792034855987 48.61233818065941
43.870605399562336 89.32919671913811
52.86970559609349 67.01765665746224
23.517426903834114 11.973994496343266
35.25625615900226 73.21024761995616
28.9331714080724 8.565006338949388
49.093505426169415 55.99989000064248
53.92718272921674 75.23630194998357
12.63294615835493 10.712676879538686
83.94373423124496 22.896576718136163
97.17694264938321 89.15813521506415
71.36177168826123 68.20343819928136
32.804230559065836 56.224828596202045
87.281670944409 92.68272566951504
57.38326627455458 57.38955620990921
91.78118536258324 69.50897849811288
21.885622723050368 88.45995146652642
64.63536861264556 10.448591593772816
47.276534785642966 43.43696980747463
11.815749124497755 33.41856788205727
41.70203132410798 81.80322689269286
19.43384309058185 56.114722797455215
83.92234006792214 69.07799029164487
20.687941623300144 21.30359653560221
26.177075062137323 49.85183992923458
32.704907419336415 78.80598258093447
52.86885510212309 71.92556862763206
45.86257072670789 6.497689171027654
70.84199055454243 14.840161010434427
27.08824888599304 11.932847754000232
31.179510591743032 37.97040229328217
87.6914713887242 15.20826528945748
76.23004383986378 35.86163803943371
44.27005049417077 74.40996701219008
23.951699137255133 97.26233622567506
48.065015636386775 76.94948271725907
47.258756649145084 90.33627429073596
67.72664408959473 7.864165145811675
19.1410722075521 99.89368415496253
44.60094135957549 10.437788294065854
36.353037887286796 90.08884377130978
68.28098067864657 25.764425809800386
40.33050541851972 6.109794100373122
30.7878709463145 57.86152984006737
9.738623119816047 9.782207318768998
79.43066793696161 79.9812363430459
18.26936879963825 3.9305949669018903
86.81196530184128 18.880140315765935
89.35718604318842 45.8423135429555
41.56668313607729 43.01849246672461
99.03756885184617 30.973369722275358
87.84299728829151 22.490544899234543
89.76774613495921 4.440310933630187
54.68814781175267 69.14099174071279
50.42206608446646 8.76646119789617
96.33950024056361 72.67852821502959
60.04261227268155 87.13055509137158
41.32552826722271 90.96011292154465
47.24769854642158 25.910854404426097
88.46728847945994 4.597519583500464
63.277315599459804 19.825350186207015
11.595042220411578 48.372214969513294
5.697417522595217 14.487412282341683
69.18399163860735 32.06146936737858
40.82901680733608 46.42939051740268
83.07538441269358 27.824396223840576
72.67700044316364 33.54912126882942
84.83726812631771 10.549848489176995
8.337869785736007 52.341167921767365
30.46694271912288 17.15828004748432
69.43123652187757 87.60766342293948
34.77624026058771 1.2528559786229465
25.444513404512424 70.16258991841275
81.05789480396925 74.66517617285233
74.68170454675943 35.643416488362966
83.48031410932288 71.17395009133676
91.06134696542897 84.16714596889805
57.9068636192698 48.907804391597445
3.929965376233302 68.78554131743273
77.51638671924981 89.71111312313558
11.79735174150226 80.65961230630478
28.38022144161868 41.847438375757285
19.45120124462294 18.892459489386937
90.08630600010422 71.75635797885933
9.774481558018334 99.06809806078563
64.70870418796684 48.65238320039571
46.363557532768006 9.168980529593163
49.20409527742306 98.19333254726072
39.1395553434689 2.74570168391548
86.60029901956601 77.26741980935967
51.74513020063739 58.537381527295686
12.695362424923095 60.75132481630917
18.105247074895413 42.978544465967936
67.00280058004117 34.809155108672776
3.082409817739107 4.057035232001061
61.30426425940622 86.66098481161457
89.3740502000161 90.83295506181236
37.50622823846593 7.4018065753078455
46.27039853551794 6.779916368864192
10.042244997739546 19.891178096189932
33.19113879900338 36.64359270904767
14.920221841860748 68.27952862309489
31.56217681071546 27.201524342268335
54.23270586165826 34.523631180932504
62.054724041011646 74.48337042280258
14.050553042879955 97.21140789548079
6.606792973346964 61.506241936658036
23.499304648721953 71.02252835171937
65.39892488829284 0.2140524564777757
55.22602067502096 33.02558159360138
63.88304638124773 21.80495846013306
83.82834494322454 21.108358164551312
12.628610183134937 42.89198567430551
1.1339779209606937 60.849242393766254
72.79664919033164 66.30591613950791
85.94329238726579 1.7228170185495717
94.43230902117773 30.041388123356782
9.592113763268074 66.72002962662359
32.912162087449644 45.620576140976134
47.81665950173419 72.1075532472937
8.499232314965921 62.98604104074389
51.568064972020736 74.28264655796221
19.445409752333564 51.40867188772488
76.00903685507252 9.280132875505121
89.90212079259743 92.10351842762886
23.873922231762034 96.1573823409286
19.445590509338274 88.4686410121351
13.681905087459977 78.12243742358633
66.19002168024045 30.92053616292042
12.195014164200524 76.39410224769915
72.46657732899601 42.30591661510476
10.634845295073347 93.85472962468293
19.281816722275046 26.21477402431531
78.22218110736294 92.56598847824819
30.300233406491873 69.49610217040791
82.03652651416456 73.18599534042318
22.654804889647494 86.32997582305714
34.20682569765571 14.934457309033833
42.65071758596013 99.22356388257893
52.57577964932615 8.331924069265417
68.26782025233715 62.23917548268943
75.34881586664673 93.70995638922207
49.50044014258731 28.981932969554368
80.97934733275883 32.890306505324595
37.130084665930795 22.62292370033484
20.04683644799268 98.50657975905055
63.529573848910616 52.2212226775751
86.48263459894375 55.94935691816282
13.319583899106856 43.280566640487564
87.99390957649547 20.900741269990487
21.54023676467106 87.99357877038526
72.82063232551852 91.77616421755133
99.82794575756301 96.50766163770906
2.1142917354522006 60.621991964670066
31.287482286825117 43.33016025584775
97.3626127120155 85.81096431007403
28.454944208558043 6.754537126215199
