139
40.09784268209169 76.62268104361102
60.16284284519911 90.60072721140632
44.47188476983639 7.732199284277819
66.97328643882602 37.534003780180235
50.66751964569056 87.17815756262436
31.965791410580223 52.210459010567156
99.72525392175164 73.49788456376251
47.301095478088385 69.46124726734107
11.759190393887774 76.84592168334679
78.92796361251462 6.037190809333182
41.51531017281547 71.4603513512011
11.702083576899014 83.18357108564865
63.86572971883011 59.8298679185595
41.92239600667723 12.295857749657435
53.343314915817764 20.11393888713848
76.1515277850719 33.16165952674
76.8587843723301 37.69936012943038
26.847751117737328 57.7561073985124
90.0394963955663 95.41697309127032
6.692143932997929 31.096157449200355
68.66465720424925 13.507099647926823
50.37817426232431 56.01069177496777
84.93781867759306 75.00132378061993
31.737480057478628 21.462092299515422
5.249577671966366 55.26726667073816
56.56831435250368 97.81742579165558
13.304842601213485 76.12013893448044
39.25187607780018 43.89468115894737
76.35567138322719 26.09446483712047
80.63448820304004 78.33190944592177
40.92356815674471 78.58298265912298
15.87019363827087 68.69393927337822
2.517026506943365 49.02006960859929
94.89236617267697 63.289557179830666
34.72136703777442 50.709354425631844
0.39022160843936726 27.935905181067366
17.136158714729376 65.4255312662183
15.264096833675534 31.69070313370347
7.9163755824928845 58.038697691773436
33.55439220235178 79.10440927572849
6.536102416199019 68.26369392733382
1.114469665003437 3.6969772804346768
6.940375407536214 37.70624335231623
4.980704385581003 2.6638426235986223
58.562888367077434 64.66564520775239
26.404093547056085 34.71451874872004
66.4357641546558 31.903502808585593
49.754592220495496 99.17277237574547
74.08072161569285 20.265258278796626
78.43549245555512 29.429494921497724
98.92784299849536 28.34157797835264
22.693675057968555 53.60251152798659
6.293143175498683 79.71712382541075
90.68139778127782 48.335409920175735
98.65660581141893 64.48545199732877
42.08562354385573 72.06519537588532
84.53571564354355 26.26775928034425
65.53535648865486 1.935773860012202
2.0640932049093674 32.4650486072371
16.042631623577662 81.78887597347793
45.251184004092416 72.21444811101222
27.233715085460574 81.26293264008733
66.23335511638095 9.784401658375263
27.62597900613615 11.880525038755163
97.2143787799398 24.264216227074296
51.70429931284202 72.70853940221511
38.70619444664146 41.524871715064215
45.30300037282032 72.04932107505319
89.73690028960867 3.5058346254610018
27.16630744748274 50.18773590917128
62.875902911060734 74.96920478451918
89.11794600408169 24.482601075657918
89.8592434602054 10.791595915634177
30.585578126511294 74.04839512142487
74.46595767056426 53.76008447133468
13.187123146697456 63.11216297822448
22.484425415501608 80.71234129490392
94.76513482209958 38.397375856512085
89.05346621005103 13.606779381718114
6.0322015548995855 95.77698988471083
49.17856968598314 88.61433363214918
48.99989776576012 8.242408150518543
28.02102268734279 73.94541325827598
57.37927093916896 42.15966664144385
43.09078074718023 19.471426599281727
36.11982519652061 7.4396102334440055
7.216850745019732 90.9732695172152
23.07074323386876 56.77926094412988
8.864405256456664 73.25293386858915
96.37822391535565 21.715627082951862
59.86127573221231 64.92242451024555
0.4159606310930486 39.90117242865053
51.156578924943474 89.52353191592148
72.74008257203704 27.570659119976938
42.04123644231843 59.37611013488041
44.4623474666534 18.640657812541782
77.85841098476696 25.966855907317786
73.6719839836653 73.88986275523416
52.66365726488893 21.676447567286182
12.07287618297287 1.4049143181970591
93.2784352050193 83.81510850774583
78.27456007741971 12.205065579847385
44.1543643205751 69.97521891723099
62.163939339775396 68.10299918170402
20.08309360200706 4.468796572102985
13.967948632805127 86.34417142501458
25.036405965250886 66.69511507704365
77.80916131267453 12.524693665050268
0.24563406283732991 95.84770488455177
57.77115126159891 98.61750910373289
88.8257859452964 4.213190796864041
57.33118772159222 95.24461178819004
5.221897833379385 41.848585213394095
24.679654971899765 35.97839610515061
45.99052806680904 22.535838518303898
13.146855401888025 66.71677207937915
57.85010852589194 3.898272286927218
89.92069814931443 69.98782479526989
34.94938524076397 95.33806431251134
88.5390757323841 66.26590580632771
19.02110653486734 29.047763933960148
89.23015659725368 60.57440190971604
43.45156567496483 34.1172469564793
38.147264058693445 12.094818800710783
57.088741585941484 13.185956945164056
41.65757537170233 10.816630795814131
29.438065969127635 55.03109173891373
9.479148234857526 75.97749801943007
42.00026523519887 60.8069184401961
9.127935992548885 36.11469067200973
94.34461227111754 98.75167318762847
64.912504544369 32.13578685740749
13.449640465663325 43.58529504830953
40.92317019902841 7.744030228767396
67.12115528504098 27.684480907313368
35.864867528186736 58.63522246868712
86.86057605985816 60.86184531291775
23.59029316739295 1.967913900878937
36.40859301100312 35.3338983656729
