115
77.58105020755465 8.948351030218237
1.829105448608237 11.362969016489222
57.5791133960263 5.80577498800543
34.43732795176986 13.683812082031022
15.60859176891325 47.46000903068899
4.998806662452171 6.272366672608509
45.69205559927728 64.28742535357866
72.44794163488176 16.967462499467622
92.45829728112835 94.6803716654903
99.67352645091847 88.6697067288957
60.04356021139924 97.23570933807973
73.80045009896152 56.155865287755155
92.11306610551281 27.758339744989367
1.0500819645247739 32.4481773964306
83.10038842443073 86.79736304952861
69.39890518031908 88.85219481463353
95.80087106132679 58.811681946442384
66.33857878541987 7.60924935532763
17.99559686902694 4.381809212562626
87.96338553328454 59.76870952624148
97.67025086260045 33.73152792325392
98.34587875254964 44.82870140868946
62.145950371351496 83.44177949730638
28.571506182874295 47.25017492780249
67.06406544025876 53.30427421206363
52.806811896960824 32.16684365582684
1.528502770111173 62.01973997391686
89.28824924815794 35.308558007743386
35.14400965204884 26.29403986647644
19.679280112499832 88.17708341556389
76.45097574951956 34.556077372761564
24.606223499535673 26.063039881067184
56.51296561573989 63.268219856223
63.94932908218461 27.87936830441826
49.34361638809902 39.93700250644818
50.72992713104919 46.42825127954985
49.03078478527361 67.39052668676143
11.42331254682315 65.43460234461223
40.609189066230066 83.98540693499189
36.93065435550178 29.75172043984703
62.21162257740052 41.17043277406264
48.96784241813634 51.16022676771747
20.70083733696666 91.13120625118609
18.813347602511467 14.675295365925944
55.56965759324495 13.095653021618315
0.8978261106114216 15.569446949050459
17.91090485046366 14.698822843886472
19.783672958031083 90.7607137346919
56.10883095299173 82.96620870840924
75.51900081597806 25.645780403021035
86.63286419767712 92.29265421028157
17.119451949617236 15.459059719260736
83.89565810766892 70.3399963744032
2.575861917186384 11.111592470938525
94.71407350107029 62.77793900412697
94.3071328147569 62.48683646935991
82.17043880052988 99.67098030277106
53.49833993148124 38.50934179847948
62.31897615780538 31.615538975713818
12.563389668211467 88.97412888838939
38.71700719122809 30.10098179370995
3.804171694496017 85.77624775531574
34.067731146984315 19.796863658814722
44.75579907521232 11.971150384669782
71.8866641425788 55.24159799639477
26.28156929909482 64.40570694822559
79.24667805792217 34.57207566186025
17.0751072277196 45.18989015759309
92.79530058836166 53.56182487948773
31.70206495203728 77.79573018935524
32.584180530455995 17.38690209024344
75.24833338777557 47.99146325812892
47.04962678170431 79.75427839507753
18.62623819497633 11.03392824791981
50.444962911505456 25.666272048820083
18.13969569333428 88.03878062444906
52.05886744461849 91.31148769943573
71.11549631046061 87.64122085052021
60.05916588475861 20.94021582859924
34.91985812478347 0.28893830555689615
42.70425389417031 87.56606051792103
52.129786080793686 0.1130562393617085
24.918958188891317 70.37617104071752
69.20476079670087 61.96009465609803
58.03256238636192 58.8153570435482
33.10719431217801 88.33521691701617
31.672532479070792 80.62252695924806
17.139648919003513 63.17962349944155
13.976069146338121 43.4035811423962
60.53630285139946 33.9364017003864
75.17429377519711 92.2682694718112
29.116141199446954 53.37242975006714
14.62555125270104 97.96827097512164
58.5073223827531 37.963157659043254
85.59348776367239 43.64104978756832
65.27909210156466 90.31955150110316
25.40101313306029 95.89787845513483
63.674490398728665 99.54281236762684
48.5156268675676 43.809623310588364
88.80965421761225 59.44032948226125
62.759468830357804 56.61711324526433
37.813769604146174 64.09183418235573
62.45081152133301 93.21229445366983
48.8115215425606 85.67469766482316
43.09711860141074 64.41032167182064
78.7325666264423 57.92647990169618
7.59351738216677 90.0098077161737
43.58258169835085 77.81503815117374
26.87280373573663 24.330428330140986
66.82357448800765 16.88872760297673
45.78599777648213 35.67461802362194
90.28953655328247 65.05605097682749
94.14668550918826 37.25437075104626
94.11759760498153 83.4758342424341
53.21996040452949 79.79243682609169
