110
9.08778968344599 34.15170539297768
15.384153516515642 26.278436418426832
15.082270419845011 74.06349654532437
38.93310817590461 20.37263907647937
70.61495651075822 73.98649077263579
37.00207258588841 20.19077732614567
30.54827441428768 58.12092426650577
87.74077886581644 44.07452107663098
68.72014964335695 17.09263150826906
51.32866487044434 41.13876299356124
72.85628517908486 31.812529699407342
68.79418268817777 63.759046618811446
56.03209880669191 28.613015204342684
97.0507441137759 63.36677660304273
61.71715703661774 74.08653542792494
88.65056369264602 10.87423415837766
36.72334095666949 50.02629233268373
87.31839659647007 20.53892683179839
70.77011965382988 59.206029153038706
72.54146724335688 55.42447387572803
52.4272210401159 94.98376557972222
20.921019666897177 64.44476616510738
3.6005242783917035 19.121786513385896
48.033202598418434 46.0007886717823
23.946453321633644 49.54775269062118
71.12457380582954 15.873464018469486
64.6942997259767 46.154154283197734
48.34393692634078 96.42819398080368
79.41890169220433 93.75701715859324
12.875469288252484 77.6438381669301
59.6277178372871 77.81046282992192
24.727244176973194 2.5290465853778477
17.38050539595619 39.84029506030383
20.845652009412085 70.48922591858224
70.27334013427502 97.18059962136479
70.23762762982602 47.70650368032621
50.43233297842005 41.495184526003484
34.58311603814721 73.5729282325247
87.99397320925011 91.64218790449152
17.582317192879128 42.95268486670542
66.68969612258793 91.95838332086944
86.51572035738732 59.10758499435471
28.323802836206603 11.853129917810168
53.212863150302404 54.93877508374916
6.071175814938723 49.03922022895525
71.41442509782814 27.214505367816276
12.69128361700609 93.11860034769704
91.92669460147937 29.960587489043355
11.326062418654582 67.0332090602392
9.81259362439948 63.03516406050315
27.042195760747166 25.046790238525197
47.54209711336078 13.797607725296512
17.02270581248426 3.2244902598185465
94.92835754907307 3.977234918407635
15.376698231744557 22.49948788905526
63.84108620434817 25.40826826700315
50.537832232697724 27.517057188218274
47.467704062128156 54.91832521167236
96.31504357910461 6.178229207405506
28.45201575612657 15.329104175247132
2.090623179317186 56.18057513914037
42.12312018005677 27.869609636935888
77.2982542376132 61.11204910514405
57.962838681436466 20.172537385036694
78.55575432621283 73.67313179030818
55.42235094102392 19.749279677334897
1.1051458065789443 72.0100066744637
31.83022189699295 86.77468170920109
93.67935046901401 44.2672974003282
74.26415401853367 80.62902446768122
79.19763891628412 90.78597610097736
20.323431567759986 78.06523168966343
45.139071755281755 15.474499585577517
40.2591586407936 62.71506148778872
18.50107412024308 6.962121426332368
27.40803589736305 73.20546580093846
77.93073511586483 93.93180392305355
63.21069915458989 0.02549554384445596
72.4754957161951 48.023566298679214
47.582876151660834 98.8103762157004
90.86628759683043 74.23539745157488
94.733784419019 69.81684532579487
53.71050210093349 74.75234526626733
91.13194492381238 78.05348392029136
68.88787184654873 11.68639124431916
38.92969702377541 93.5276801820675
8.86692589521113 61.801802448006804
17.948310478696573 98.58531778499622
83.60549893508858 87.21771094327084
14.051004888960417 62.051354390258886
28.988696503379362 10.270292599118115
97.73812762888087 9.181894120515267
50.264264610858035 78.07198225418203
37.223254871826605 79.5243282050308
32.29450239923731 23.377524811998285
35.56966927289844 59.90079720903799
93.9429995299555 38.64748756732245
50.34496071800716 78.0012316716834
94.16520513764243 20.66219225739615
29.015173315021215 7.304721633060717
49.12678018857872 47.124335670068554
15.902109914072982 68.8153708064283
46.74140220176359 18.835944387838765
12.859746628931711 93.3729090713706
90.36523472410144 14.171392733341504
64.96346057057342 85.38433535187421
41.09582634000041 97.39739288469205
99.039243874051 72.39414579728721
50.18528671653287 37.32247470252672
21.749398713549827 50.11583088740179
