198
4.164032643415039 61.91207121711969
78.8107628024786 14.873335034061109
76.91068188077675 56.03821702517527
46.11894382685702 6.695467824433399
80.6954707995908 24.221812104577147
54.59734543574217 30.056402788912926
3.623987267058626 50.81725638264815
25.906497174574728 1.79138269304564
37.82764481220969 66.25468954244567
69.25343276430135 43.311794887474974
86.29826869662496 98.84787756155943
68.49617408552139 54.97271631825712
6.888005304321798 56.4904681283305
96.86184827973506 2.725338885309292
3.446594590172658 43.08378106108882
3.2634436847486237 8.294758527227708
25.769802056015003 62.278210080610805
31.046550385030113 28.310755718568924
44.09762359669712 51.00758463103988
57.583069087131356 20.17117558278351
62.48112213495926 21.230227601686934
69.98980103087153 62.5653591068922
7.24711213423308 27.467857816050156
66.38324670520709 92.56397861600661
52.411570492306794 93.2013856660225
53.46771436782767 27.33891704235891
37.68468949107293 54.76316369911389
81.98202947777483 0.25523597820930055
72.12622478663972 99.68560977129074
68.19725264206329 64.98194088395698
9.558444994871152 38.10963775954392
29.1036487161908 26.444477839846858
93.306453857335 21.15247458114241
32.21828142444022 13.021316690546914
71.57973527507123 2.7369848857326184
75.29908021268137 38.31676216893438
23.398169875473418 50.04673075325523
1.5485492178710203 30.247494652486616
66.67148315579934 8.692924206348929
74.08799072152144 64.63445303822684
37.2331164582167 94.10382436833295
77.25977158893677 66.32713946522142
78.01705746779905 1.2444482292671144
44.65439254555044 37.14818877539169
18.021324726345767 12.840843725647222
53.4790849227053 27.21646662545154
71.18773518857358 74.5850635398677
42.92018092280438 90.05076202885014
74.4459337835079 30.438509932985504
70.27914985473839 49.48248342864895
28.798377084056003 37.07982904885717
76.8987904410935 79.60833663831698
1.3182064647665137 17.474035006615154
9.86127931814712 97.6094618960435
85.75774540715805 94.69287582564706
62.651067866057296 48.876150183207955
33.8577072191137 0.673348422676523
32.665687544328804 11.040076580906543
60.26259481826324 70.75427346967716
42.2032444607382 70.95901900341224
10.677434976854494 54.57306894686971
68.60424521891422 53.096360336435325
19.964446659720114 7.868993437626215
20.263349705600763 14.994628681993882
31.899084874410576 29.29494170787301
64.0122561981668 63.578015538161694
62.440545173062176 25.871809787945523
48.105653315248084 92.9099959413282
19.045762778891408 74.18146002661139
11.602618461941393 36.196657591590274
54.72237362407204 52.73231884543068
44.69118645163221 16.709772346312292
7.3667078221066 10.764441134018043
42.20323118161422 2.9544934256905853
56.61836866699874 27.92844561318941
3.790296715796837 46.080668161091154
70.84142135574277 10.838058963879792
25.710671544148735 0.5427037371217525
54.24126531897184 83.82137554454519
78.08940192443276 77.17766861851597
51.49748037567415 5.878951547853973
31.442521563397197 86.43243441396659
62.214157727945675 28.95464564859127
28.019470107154774 21.158322066751754
49.712094565874075 83.2730657635665
87.94683431859818 0.47531627260808396
97.70614978498598 51.684377604691775
72.22683761305476 8.216524724472263
44.700788660032885 54.28493089685355
49.84075886338232 34.75386058966235
75.67169431404537 24.583873576329307
76.94852183670965 80.14729110050015
66.04262403254312 98.50934029338275
16.671275695760635 78.20891995129975
79.6855102808574 66.71537302316392
11.388802240668817 3.8692225437195638
47.79531894846472 51.363328999587225
67.49178534194941 7.262239844359597
3.902878976724111 6.535836528347783
80.13049187518652 90.05412696436508
59.29348720791193 9.316479642607367
71.13445857347304 26.8059056008043
57.47720883674462 12.955615200789506
14.703633498406955 40.60068185972025
59.867323400753946 25.03557015553217
66.47716739001797 19.48532200687888
39.594459378102634 84.94644866785289
49.73059750270068 16.683063642521233
82.18636978751732 49.351548462008964
65.54119177598209 21.942612529172845
48.11524116782261 6.098855179685314
83.14181599517616 64.22511573904698
13.708296189444768 20.603680727838146
66.02696806570631 72.17414410745887
61.62410405196108 19.139429342436685
70.93735424752221 35.92141318892861
20.979107470541148 57.796929477904094
92.98208178924742 85.38620860832432
3.5592554447219316 19.68526017574479
28.403275979162945 94.07136688762898
4.25265777822792 30.134685848413444
5.617408246580114 10.03889996609727
55.03585267845962 31.861628590289868
99.91941383334483 94.17642403063512
52.2091969976646 86.10916850229988
25.90081983939896 98.75911702626527
76.88299607767162 88.38398231254902
68.10299647670897 78.84515936253202
15.998870508881769 11.010785870964968
39.68831985242234 40.75909877646495
6.803737499936768 21.649905583959296
30.63607489361482 19.49782583665548
77.6661423864491 56.76660545988524
76.4262210390471 82.66268217148851
81.97995034944479 96.24748468819787
18.274337758039206 53.853065577888174
34.37171760302257 76.59704453159267
29.28041342338441 92.23383268526497
26.405686741360824 77.90575094987823
77.4177100320031 65.15453322382376
20.25310019690617 79.0363408682657
57.04969929068394 92.6601365388992
98.1526530069535 30.707875701114506
68.75794907247736 48.83859126178979
60.50462352101845 99.9159678377713
86.38224487055619 16.560480529364895
30.429455536910112 28.454023298884778
54.50096265150551 90.24429284907515
39.69363079930305 69.55561889025596
11.609269096363562 62.79542495673039
33.60709631018226 34.85239405907487
92.50880781393052 51.81591515841977
49.384410102702006 72.0881625919061
5.467527331447242 33.91854609748497
39.211551348147424 74.12293752081818
13.94915842637705 82.83631458985968
48.01155927635122 2.443819513670753
89.11728366966669 74.57291166325982
72.8774875327913 14.033719537320522
75.30715418482866 85.89498107797228
53.440177443244764 52.04243506106208
24.697368430865307 24.012320832309108
97.35202394764634 72.72087812423625
73.94618745002917 49.292975014228965
86.89197712108111 78.11902574070062
40.01088789577463 32.31646067873307
21.940453889406285 73.6550557288966
70.60308611015301 72.3996515246931
91.90974226479469 41.175514586866754
43.79544064904616 12.861749533123835
76.84976241537929 61.20987244483571
27.80643579846932 45.454826931369574
47.443236060498016 83.99805364501583
46.512813319780356 90.69371047056627
24.89916477577094 13.625615429465798
98.21463275873147 68.26296724893596
15.251230480542732 47.08077666991039
86.90009700169135 88.28333821431124
99.64488424837633 25.54210145058471
34.27720441169612 56.248865597257705
87.26792495829929 24.464270356330054
1.6934726740738815 55.126654613634955
40.427574406649605 68.11433679350823
71.9951148349019 13.153462204630905
34.82139177729773 31.175994584028366
65.33828038294607 74.66608011763863
14.711210823440057 1.0714114114147688
28.198630285592895 71.16243554473965
32.07453393777816 98.05734065473447
53.53512848110531 53.98006743760219
48.29349601853622 92.18503793931484
6.102126278390307 80.56248220201292
86.56625154965549 31.20336223822887
24.932590654360077 83.23773219675806
83.95157266294005 99.63582554582538
98.33089284752575 5.0082828425887405
61.96795990000494 71.4105901241937
18.901519897768537 6.874712319211296
