183
47.490466626318536 34.63987141997098
27.832755318714153 84.55970057600206
19.325034356087134 62.40937186045981
1.9574175087455958 37.59848516707357
91.86730876228206 76.80835125352597
29.999177258201147 88.8838925540587
42.06994964166786 29.14072307200648
80.35016036312393 87.7913424245241
26.970606188491253 48.23888716592569
12.851491679703297 10.085554621801363
33.98625836802795 98.51404195092272
10.038956274425647 42.356335284583494
71.21473349733465 1.6374207984713895
4.389212737248815 32.82214512914523
60.61112763630465 59.02540794680071
5.713167505564876 25.03730204143364
93.6950404045685 55.08057247586316
38.66463335018143 5.497906297943134
29.969322525610565 0.6695547141953972
93.1330868964735 46.621657866635445
34.19140038676193 89.59334282832555
98.13245707475635 95.18175264083878
88.62455015754257 81.72994702750053
0.747722190984168 18.22476180972731
86.95462755301968 11.102969139659224
40.52222236395704 81.84218060935852
64.03619976308958 35.93750719719559
94.64294485213965 55.0946920651425
82.66658802144087 92.00437542163591
79.70553276508082 93.61501876070857
95.78492678419923 75.35911892085313
16.46519996425929 42.38704131687875
36.90338944763965 61.230261892852496
63.614864979546695 98.52119459780532
86.83878607626623 88.0912522307977
25.87907794348644 73.17500569632944
42.460214688411334 1.239036153323747
65.94304753521449 77.54749768960991
56.46219826540199 19.97820255866669
5.76873641725415 25.711887997420636
75.80906606747384 66.15341625679538
90.75568219901653 43.8590705108209
80.4462273679776 92.6253985233798
86.09186736871585 92.38706117213097
87.10398454751501 28.3043005079628
3.313069994608231 86.91031191405895
54.55529761498082 26.91094316213428
70.3466106436829 26.92633936147253
38.67679702502912 58.85398449438771
94.0561666109575 46.86753887636465
78.32679720547637 27.678522909618962
43.79556408635553 3.089688116567091
50.36377385821812 22.17565872224504
44.855952081758744 29.74379527352957
60.19298395455044 60.260751999574126
49.199468214526696 38.62318532571531
38.389470906003574 32.62682176009054
72.94961450877739 87.99117241006029
54.81985933991628 93.25049836785601
19.155913642632918 54.36159152120542
82.28818799887063 32.92243050724478
66.68863508305147 27.350615177275948
29.495358169504893 8.109522445122163
78.50376946391448 80.450853444022
6.4859573292191275 54.65457471014511
11.425750207831209 12.746657762180346
22.91994589295111 78.05940262901633
60.96478811870097 53.60970168443142
21.99828094681967 91.74529868284586
49.67195493642935 73.87620805027247
68.97945605573467 63.89659962912383
13.597660067686268 39.08862749264228
49.681534147605944 74.95790753506877
16.435965746048108 41.83819740205161
16.24829919394627 44.47771544078751
46.44115635718702 7.226896615252965
55.68523988901424 82.03038834248653
74.41734344772212 36.732323608813125
41.78236314767365 6.56881295973466
47.88520934203776 77.78960418789502
86.84109885669938 18.284370086769076
95.62161219176272 12.501564695863221
65.11260334289037 50.979163985986354
51.31183862086509 56.05290346619506
24.277013472735355 37.97897050411159
84.55290811861298 90.48917030429389
4.3857274094500465 55.50972819984119
63.91545389139953 14.852269094781667
75.13486792461988 24.21995104456711
90.08761875469202 31.872829181166352
9.831555149733617 94.22858713867508
89.41216611034609 87.08427767004973
37.21432313175328 19.060605218052928
32.437209856779624 30.747302060136615
41.840998894431166 97.4432473478592
17.81836441061959 91.74538905075802
9.561999077251059 82.7482636765159
19.527962079556747 41.23811125995238
90.96778565875006 39.84661759908348
1.2912623483056884 27.389091705708513
64.31431140935824 54.935081543616114
48.53375340132429 45.05000486526143
57.43550124079198 96.45273162920353
25.549483268542684 74.89811503375518
2.533349509843408 15.920169799250338
84.0317293361003 10.840467765399175
81.37449767949276 46.89786097436113
65.07047430189944 49.51506483417394
13.007858182186293 24.340023895073227
69.08422893119777 70.14310838057114
49.28789464412874 21.15319103961123
85.19479208148242 96.65922993446213
51.337025340092104 89.18435405680829
29.29232498005486 17.33923542978496
16.699866639970452 17.338042814644126
46.48652603033819 17.311899935729492
8.625117421425955 99.87309389375544
54.21774871108012 98.3119547976035
0.8603106705576069 31.88746459926419
39.50992132923638 32.07071630597618
87.63435272785124 54.34155047238303
39.00527212319499 26.82036889613538
74.45579852206471 54.675372452423
60.93154166996203 95.02059996965203
5.713283531032854 12.38954469118233
67.63361028528236 40.26020596825831
51.0190745451148 72.51285562906433
53.21190979990346 71.14487031300229
8.846178186585618 79.28084801806092
49.833092695053104 23.250039565783144
10.181377540466451 19.55227568798128
19.42057916612645 5.102275463275152
24.096726960444393 94.83472279590521
47.60821285391693 89.7813468797931
2.2270871399335923 72.8758747222759
21.924712440667037 5.1020469617675595
40.593236112167986 96.68076069232208
56.39184980173899 28.24944663035629
1.927783424572005 13.09945625867217
72.77108700438956 6.514476814985581
43.15455290838764 17.92671092119871
71.41813815024514 11.949245732255875
38.03844963984046 27.106328373426656
93.27312350486771 46.8014355253849
59.36714114304711 54.78086486404165
1.736100741222435 79.97270752080297
44.753333239211315 70.70713170664374
94.39705747080033 33.57793001111047
62.00870004865312 37.92394548709224
28.775644637953935 48.027486236798964
72.25115849200411 17.125036993898547
93.44145204061401 1.6826467959244695
45.18025908914013 97.04307389671767
39.60146003770275 75.1672558348473
24.058770456176514 89.08388741491589
59.12380428795123 73.51644474711404
3.10936861613208 82.84506435145337
69.8482778213204 4.072962373329481
11.106031180617626 90.34883107150459
85.84217295272502 26.320363621811616
16.64314984327726 54.91638879891535
71.0532557384231 79.35928000237818
52.3143716923347 98.74192289850626
47.98884783062002 87.53460341724198
50.60383442072387 20.06958082377829
69.41461502663161 55.00830685058733
46.51532313631692 56.3195104636243
15.569617057413499 31.78331065414578
70.85007102458387 81.12346560472038
27.596925956089247 75.07002925765707
78.6790385404122 61.686576254316726
0.9108300726943908 89.89993141993111
95.17743336328944 88.33873397485027
79.9477506653328 36.38891766116315
10.972786098021281 91.25691424639092
98.85928157467019 13.607173495811098
78.0988631069437 71.28431219085768
14.30538245154499 66.83991271466833
93.28027970891287 38.24742213502804
74.11247375652033 28.62178215388291
61.93241238353635 87.62864774922086
17.07630502858225 4.6878443074586436
6.515411257285297 92.45183306508258
