186
5.849114482077955 3.507243789531811
94.1256810820728 43.11988962682318
39.040829859226136 53.48362596387324
85.52329956829782 8.450064328664265
21.860889154242578 88.60609087676966
44.51216971838904 83.10616596344619
63.0201483360845 88.95056713578836
64.8188724915843 9.436237135893034
9.247368425735136 52.84634354411283
73.55258831398585 97.45235198768349
55.79544000996728 65.36154174387843
95.60855440778813 94.87522810392836
4.8281082397997555 38.53578530974288
56.76815077811948 13.027882419170012
23.361389291842237 79.78585809432714
5.7749613137924705 31.267034416509166
40.11901986951919 13.857663046121738
49.28011799286679 97.49016189311344
98.17113969255017 43.60567208706778
3.328426304612897 75.59019512702507
22.70557670851109 73.33167127551596
47.19271505238193 62.2828390437591
73.27487726307905 66.9095416349633
84.26523632969489 77.38342888793696
62.176159329076796 47.22658784197221
62.00477016557849 85.32912195230183
70.88115744149776 94.16243211824552
83.00751279739362 39.23674296049442
68.9596887370831 94.0294622674425
93.70115724610528 10.034422944413047
26.936925498185328 9.403061993821126
72.42951240677053 19.122185926007916
32.62008367431088 92.01585977996632
82.34935160887846 61.44515997033886
70.52220059494981 43.71696400554982
16.294399864104705 28.372281398109845
59.71356368225985 61.36780629248857
62.165062879988255 89.10277393986813
62.09774400105575 89.24670005523414
36.816183834806196 40.73430910063741
41.748263273542804 43.775683848526434
44.41804458646554 38.283398403487
8.305401568101246 23.14387595792693
16.26375542823455 56.724896306144835
15.516790323976936 46.3646016112669
87.6831026730034 19.507603067630498
20.140684936739895 44.354952993939165
72.41225198399813 35.53136721842538
81.4660085405817 28.54254145503543
99.73275721467118 80.4058351975437
54.375029265966866 17.46399320268529
20.744850526204406 65.91770829396216
79.1622778405426 33.633482898369785
73.27080382406338 85.1603608597736
68.8503066145019 13.086875539908604
5.816994694854727 32.51895779184557
38.192232041559116 99.2253306688963
32.847900281225385 96.76060580339797
44.23993310131426 88.74326502683917
63.73002874797241 86.12031810105292
84.49024075249652 64.39217154422715
87.69688001586874 61.00265334038387
92.09234158759783 10.215564462396088
35.04126771111628 4.542794728346966
22.77391580035988 48.97417303245236
22.765367381130098 87.93304277252824
20.511309562910572 41.34181747857071
46.213650743667834 89.41056622376391
28.782689484070488 42.438541211461555
86.73450563729483 57.32505623733556
84.78284898101381 68.28752420202632
74.22226593054685 54.4693257573908
17.050584041281457 59.74103007623373
33.73002168740561 56.54471076939621
4.736468766665414 55.04771446956433
47.12810730508207 48.22130586854241
20.57171731561862 9.91906786684008
80.18544761072508 17.577547023116523
56.28326953781799 37.95973908445357
78.95929403656905 62.275782450864895
39.01322433558152 57.0956792757185
79.7952268994818 17.123863293441698
85.19660629484127 90.79527723790628
85.19857648830752 94.36986673685955
6.253264165068129 49.558379597259915
1.637377601600809 80.42615321956723
21.27284831609959 78.33089202267651
3.709358023566023 14.319649025278302
95.96570199222947 86.30510711932102
15.0872791251637 18.237044016849392
39.39227541174362 11.454589123315206
17.904770871615018 2.929248565208975
24.410002233614115 98.36911670333167
79.72988918430126 7.06754953839649
6.948158082081701 4.595109108180228
21.526939941852564 39.826593847083345
89.65882327945756 43.08587324859934
48.50405702541059 14.527392358824532
3.7783666343977784 13.03951449595796
5.445116150537476 30.25712647649148
67.36343437066637 2.178606845027886
5.770145439190577 4.865887002122782
35.47363921425754 66.62257061075762
79.91098662582878 35.671930948762174
53.41443546055204 60.27030541705874
38.89749765836037 35.66294127822247
49.54525649027472 42.00076384236817
16.0305765537184 72.84840006827758
22.573163770298045 4.664884570855388
11.843485173343392 43.09342878544964
66.7954161791274 34.30734053704136
29.391460478356624 64.78305748138384
29.597057879877685 50.64277795763212
5.633024079445104 96.09913806589122
51.715660153374365 39.23772666188161
11.097813688674563 63.65130199964067
32.10729050925508 95.81507250443832
97.77872925597727 82.97645372884062
84.16766549872632 56.36319952022851
26.639739383448614 3.9965280365663047
15.475383871492587 67.45002966952347
52.607349566002185 35.21353640240347
47.844293969014714 65.19574942780373
91.06734941857869 12.644235506902412
29.363928473169466 36.28253022775958
20.23180259770233 76.96381007363078
32.566263669802275 86.18002845732852
65.87030742969118 21.337848404475345
14.653993496134454 32.14174662117622
74.3951994541849 57.72042721113595
36.860034820558006 2.0262912405260014
53.98894493907343 18.224822889310445
5.5885852915778305 86.99560456437982
78.90723831018907 62.18966667609034
38.40642911732747 34.605949648981316
75.35177539913835 89.18911890728202
6.664626023917785 5.820385101349568
31.138514772662795 62.176472070227554
11.491531984776449 87.60140810117831
31.492242456722096 33.11924134090686
83.80858361190533 90.73169366643457
32.02894057240645 5.435392592001797
7.715165351476694 5.588450024866787
34.12042031126303 59.899354696117946
65.2052476412656 40.752246753457655
46.25102290829951 49.280236989882276
40.54854411356503 36.49359285099181
7.471908332547173 34.562635679344936
63.38662058172555 9.792699389502102
34.607590003082244 72.87937685250866
70.21857102567158 90.04181115746354
63.32415941215962 18.06243650216013
49.92238671903441 67.03729912460962
90.0607618842817 68.97861068092254
5.7484125343286845 23.008319492836428
83.08690260125722 4.2650355522202865
30.479108810181 28.446324989436956
95.87160929177885 95.91438218192891
79.60226593816955 46.03973491693145
35.77071814515948 49.09241553415006
86.45869207373558 74.7290524288353
46.924266377904964 35.05566861798092
55.73253953155592 87.9313179590955
35.91810774876411 42.622599999794986
46.596935315669604 35.11042347461848
31.345815937386657 52.017454703645036
64.72560768531751 87.96734708521274
27.418410767605383 62.74630114723254
8.153862643611387 43.031637012868075
28.706282694733943 96.485528320356
12.898055848274703 10.70289082978042
62.51175738513225 94.40175345801669
7.040405339224199 78.98525358388208
92.87468445427804 51.33578430845572
95.81973550865317 46.32488849351945
80.85850595283024 4.723020706049219
92.1439322274678 52.50797534845867
40.465900320335614 15.481896780264194
44.7167790133146 21.95905703901513
30.30417252538966 11.970754203564626
77.73483937345993 3.434451946781314
96.2488421890389 84.05793324022592
33.91971551958201 75.12893986052272
87.03275374465402 6.728736786678424
37.149118776130976 32.56094239333673
19.243589393973703 10.078986315924098
