189
76.67924877030052 99.54379508493409
44.38444820374754 47.09770320157013
24.016165389826583 87.61566466905063
91.52022602863872 9.262525562006696
55.237588360465814 54.549036285199605
73.22678533587258 48.133722530558984
87.98303327014307 97.27066403263552
97.50281600521605 1.0648754108717573
56.712151066299924 49.57800643805663
81.39534646680285 65.84065650609249
81.91576399709065 25.091323342344964
36.11525320089637 54.79862496790183
13.620929438976981 50.922211237722706
54.85084875695594 57.49387508423213
88.4553842969008 0.10706764731061025
69.53700263804126 57.80827902943204
56.08987865950679 9.81667969671114
1.9700397224765465 27.618614356380522
41.52921468263487 70.21576209465013
46.635982164380884 47.89890789012037
63.41268371183504 40.55357409035357
10.541154455738678 85.30145428997082
39.01090919233244 87.37786783611459
44.54089504142548 31.399144871722374
11.670963443293047 85.93780658310794
75.91981480284417 28.424636363076804
23.817871167955886 35.12237545399436
2.6790942586604527 47.98656152978996
76.15864051398431 4.3130039303164835
41.78154651509285 80.61295771392209
54.49401259346194 67.77965273996199
53.232371487265965 47.24839572098607
27.220654632576714 51.5728096990525
57.96720436892312 80.75148061127581
83.53001206691198 4.095016001830832
10.855145534828903 65.20302281079233
16.48288733873694 30.098666513608595
35.634969987913415 67.49749465762427
17.954218806721023 43.25048176464621
84.84570041657716 65.6143854485463
6.642448230585785 11.515706774776868
64.17871542211671 23.04164732728575
53.588095766696256 53.72902540432344
79.66687954445557 40.45182651654301
35.27892090239176 58.72393619975197
7.938160796076943 41.99319188023254
20.847330426335787 77.27878025037288
63.910987138134736 55.25130507566097
52.08856622777914 77.93455746447962
0.9515024498050306 66.17726878569829
45.38078436259985 86.72893458980505
50.373692222195096 44.372589822055616
54.19322804182553 75.38276352556696
74.90824709965958 31.482434639663836
36.15709386985222 3.13347150935267
46.70267495700157 66.1832230825777
90.20782672870014 12.114109546480368
23.244448499952075 69.18738918138332
8.17687487964529 57.38674515971686
81.5520464820962 6.385867517511235
19.204925902549043 12.15476999505809
33.16979622438041 46.060695725767076
58.86758336698418 6.24996946188875
3.1969214682364577 94.55245654487577
93.33168147837793 84.22353912219506
54.9402363176854 50.032889616090834
4.5323876412968644 36.24148176279617
37.95808522597681 29.449950178443363
4.171861834026879 71.70536344504144
7.965110551760679 71.53485280912652
26.48483738412233 86.17476217098898
51.66860648084419 10.064612322041299
52.686026357718404 62.721617459909574
71.59941148981834 34.19071001830193
10.206572402928805 75.38953424057601
24.806184545850694 73.95963633305287
81.4203900636566 99.8158089628785
31.49553332945573 54.02051198532655
25.760859233362954 69.55659611857247
23.9128356817644 28.740660189265586
83.74568887551952 23.538401622485104
8.892631248672945 60.649895615191575
39.70594459391788 26.637006264926555
36.72730279043977 79.09143049798894
58.561412893904965 86.23969217208747
89.06444461318188 18.709986247873456
92.46306857639055 45.234952030576224
50.61755415697059 22.537710666183706
30.447176350051606 19.858832077593437
73.33353267157719 43.55383019053662
63.27959283217827 81.52557045066798
60.773130272438756 54.99283445948265
54.256389867528696 33.56442807418265
49.82165917191651 72.26534545196066
63.22469383821269 79.08796739275967
18.131658604240876 21.877649468568194
27.944395458006188 51.8716047361658
46.836125725458466 58.47535508097725
24.584325476031044 27.364533827113814
85.11816887815503 92.32145480358076
82.65170753722188 2.767279081923679
68.37626916170063 25.29425173404942
8.396271221127538 48.49756982628243
39.24771496246582 24.233057721220874
74.247951652562 25.83543314518112
28.38827455756594 54.31858523007186
62.83954424688988 91.25519658915138
41.69200509050784 38.757829662089705
33.002672698831326 91.07358925416973
95.47313413962829 92.82375848346204
73.56499930502073 54.77172550870857
87.54423940546702 36.99275078274766
12.75204782029049 43.34158817869266
70.60329284088425 90.42801036091045
87.43624334464604 21.583063593964503
16.12347926597506 93.37757201875519
40.251485608609016 75.02836414143506
59.93648698964664 77.54220569708335
1.5682442684164077 29.113688918326254
87.44675203859353 68.93122202383258
59.86415216086406 94.80137221829081
56.70425871822176 88.04747647072942
12.197542187474586 47.39537776002539
91.73786828803337 18.3071844316807
51.03590251646647 98.73503092843703
27.570684195238226 85.54106563948628
51.432815838192944 24.216981833711515
37.77689361670993 43.47530983100988
34.286236460566485 83.97894992615981
35.37154876850319 69.38814107837673
38.32879468334206 76.70236556072216
91.8672955494566 13.209314167502729
30.60399118087741 58.64957838673471
53.22829959206108 99.97182655361757
12.31653146541375 82.4629764819419
67.46238958479013 22.662081599787655
67.41111232201699 16.716023264710454
48.07458254351103 70.17774954390264
11.750744100618714 48.86968009602624
3.7186813590383117 79.52244340764085
88.37301837025134 6.591143386813503
53.018279136925464 60.14285429374051
41.040678080035754 95.50624977702891
85.5756452018187 32.21812320847898
21.468255583953244 1.825511181906292
68.14495578957349 86.75138087966924
10.679707773336865 90.97492795404264
60.17946347367484 45.32676438191922
47.27284743392085 17.345906249504704
14.879063255660219 39.86816565916812
54.383339500432804 13.111140960826317
11.451734312357697 71.83002013897281
17.740500444600784 0.4294839727645994
27.0449296357709 88.7725905511437
69.06001117161307 42.552423512948735
75.81447451874497 76.8545397701958
4.511594547383623 61.03734366626453
16.123108714201827 39.52955584407666
27.318394695732586 17.76027336838749
62.03549589403444 99.76483125964104
67.93765924027568 77.614066763222
47.49430690584225 69.68772117824739
25.66183286639826 71.32758480094029
15.5850606661173 71.20765800597171
0.6170710692891213 13.67391957634898
58.0794353217725 59.15783988612604
87.69598056226658 79.10618707387489
27.385988322411436 28.747257155324412
77.45245183742621 34.638454618304756
3.0745118579766473 68.1217710112776
35.14324305416714 12.603506210344895
14.967737002703707 66.9518136642138
39.66424240827501 50.75003036017207
46.91450872864119 82.22330170393127
2.8564545493019566 60.72216951462991
42.996314156263956 35.82183164894649
52.00093951525553 18.215091942903815
23.645977485123726 66.72656802887013
18.57280476916894 75.77637869419546
85.70485005333202 50.07363984443265
43.28763376277004 20.366531844297064
78.00511806958764 80.96147158168847
32.10381671769932 60.46580215715694
32.51133245995861 50.04188071411959
52.333190436685406 67.70458254228751
55.226982857921335 95.94894536459948
48.00275037069629 34.77794615392504
24.002616633620754 91.59558487351515
42.440853692204385 95.17058841267807
