180
73.54819361311678 5.707203883038082
64.9795888441732 65.58876592358254
60.884178277697465 62.33737344922513
63.3020500336053 54.513284168414636
93.96073038025277 62.94154622499728
79.9339227081141 81.81741687508952
44.53638258808912 58.56520837405389
25.621006745290064 96.71789049133979
70.99652209078279 52.45826502115379
23.303773242296188 0.18691685963997395
99.54119710986072 22.76008394245801
55.73235981704049 25.802815487634334
78.41104955647793 59.994513507894034
43.46737029362755 43.42467703869137
45.23603564940844 59.54536067213632
26.119780839233307 18.33130836400504
4.452165280237441 64.35118829847247
8.609280865545676 60.61341744899257
77.46732208883823 75.0287778472063
78.66398987338164 58.383004307839684
14.978584167251585 65.0085405164493
83.17358720000395 94.83293478559163
9.746315887503876 96.07339471530567
37.44205572387914 29.77211581997834
51.84875683288324 92.03123286728047
64.7267951796991 66.69329850919718
36.04238173391341 0.9801401955220501
95.78634292184283 85.20953355717465
22.678362831806286 83.3721142702083
66.2056926360867 43.35153074763824
4.970431004443665 34.04103908724163
93.06372234887725 20.32025663316519
86.8871790868815 24.378333586141633
40.50160628020234 93.30660226821452
12.21825240525487 89.45461717022783
85.86203532926068 53.09739988292541
65.2396544441319 55.404965228121824
64.48649386513621 14.765238097926503
89.16139524481484 99.53324844865554
64.55552749381731 35.35013349340075
90.52192831864534 56.210365607445155
82.40079940939195 76.01585169880529
91.76969345112795 34.66494415695538
58.508549197240136 6.289249961796816
56.961084735067125 5.455172229250049
94.2012234659787 41.65174028077975
35.11853968271833 83.82540470180196
13.28927138881506 37.7685524945066
39.673613423919804 89.45948828189196
49.667260104118164 39.51622163768279
6.52834697956679 62.97898429201128
4.296172116157648 38.490340707041526
76.44415188073191 67.3025895625177
93.70313855443949 1.8479129031061414
29.538707463309287 19.404946069645902
5.679226726687281 61.0719679060147
12.821397567564908 82.39715728236496
90.45158028971704 50.06918572576119
77.57828287480798 58.84667168825574
18.007851749288793 31.73729375239286
3.4673280871282186 17.789381770730262
94.32813088628622 30.67067093439384
67.00079010328179 28.0665294324119
50.23358494536843 29.418319299100805
64.41219051606379 32.62641355135026
55.609278148790644 98.94407958030459
58.2916435511736 88.69974913203144
84.67470170034476 97.18360104757942
11.792577207129195 14.995154949281108
67.56513810579112 67.14229045661351
95.98711098459736 80.6093308439397
23.318549172639802 25.872299385075912
4.871543556186109 81.12097091750053
43.82360580163751 91.18751200170448
15.906975922173427 56.91409776999789
9.553554803981722 10.105685496064087
78.19046238645284 46.6364262483117
83.9183806258174 62.014398574870825
64.19638795563408 25.978368708879383
16.211717761178555 73.93584020411141
3.560361324823902 69.19845370609664
44.78949936416499 11.232437971968123
27.477105911065646 24.222885382901783
7.116095433734538 57.695623630613966
55.62658699453149 4.244488282823633
75.14517321816894 36.057781339214515
24.61517675771312 96.72446717223694
10.117639869383266 7.655692597122254
57.67438940558747 44.96638586199651
91.85574114600668 80.7982006289351
27.746531296742116 85.49541265981175
55.85698623727849 89.883617230877
3.6829565666346875 20.189533171859974
54.12154616813331 79.72976271790515
16.66370418939751 41.85897192331661
39.14731275589743 59.84992911415789
5.920559035365813 12.525065533296509
52.04779798647178 36.69650535500628
96.9679131852074 13.023545648682788
99.09499082033439 72.76755094809405
38.872930966860274 25.582474638778617
96.50885747650769 59.54346964525266
42.99042047728007 95.61169115257935
87.46438047333433 49.58508863813969
23.01033619721843 51.93598137786275
34.663369637151106 4.1895819229997855
90.24779415149759 31.378143805875848
35.33825224214894 78.06768923622523
19.417802159953425 93.76545094454288
41.08657578764537 33.44374368511578
94.32736862137769 60.78466822605024
6.219190650626539 55.24003032896583
34.34002145688619 94.3548190351845
66.35336253543075 92.2058982713283
74.12408876280021 26.69576921416831
35.31573616463666 74.94312141978604
74.15471631875803 97.4972053369332
29.61066665456027 95.37409906733309
7.896991703413814 45.69163213151142
92.59519450632664 85.62822638140554
46.93318359529205 33.219811973539834
27.663414402403387 91.70130949855889
23.641464612076835 89.16772521500043
46.03650762985737 85.5700239602683
38.44016795705335 98.57921799730973
45.02088287155094 63.76832074581997
98.88268452872578 89.26493360511101
88.53305574394953 51.88535036035595
50.9974159186149 95.65712127585044
97.84170832131394 87.54040384166265
43.60578088448286 29.76585349770059
64.80994061928237 0.9118377197081751
75.65951361998707 0.9489627782019561
59.21850559652606 78.86323492050535
25.139826633605754 3.5474993324538295
35.148675551199304 55.0862217345732
92.97907415960006 4.859155151094086
39.523384009999084 55.85305690625933
50.426501489596006 68.24981598765544
23.53484709139605 40.82817752551981
0.7503264744592286 55.008829892066544
54.15146549026753 67.04783438409628
6.291233100890581 59.816832872434865
35.713204510242214 33.47171427178027
42.976605651063224 39.90022388510736
8.501500965784025 21.727981054618084
95.3867185264381 7.8821193417778606
76.5287348392156 64.50504127304858
84.83644528080966 52.17150153359225
13.688012135960193 11.30383123585209
35.29775857040676 41.24991358589928
50.55850889315773 96.73897495974123
54.03514437994382 20.690281004683463
22.306022002709426 30.04513289854843
25.874876936834802 61.128988930914716
2.128492825837458 11.583001022398754
30.542108686052604 71.63591208132499
35.88265346723837 51.250255837993784
93.19278281000274 39.39889381278445
3.8571561879107708 17.81043876188081
10.3613304679809 94.25743758219859
67.43937734893144 9.412768483310197
71.87150767131072 27.691227091533932
78.20620613703694 1.4358847501926064
97.79217811176711 22.618878681879316
24.127610537557597 87.13096631650802
78.69751694379832 47.40482470078451
95.18328543483551 10.866070809950346
43.7122258231577 1.2968398971819672
54.94856989803388 47.84558644144242
26.05051216058467 90.93117971641344
36.900817650765475 96.970060523255
0.6096441058530466 54.04622776851677
77.02755675988365 27.26812951614135
97.45130319659211 86.94087899361296
31.574210905896884 94.3412146466216
62.71338989759828 68.71587237161705
97.33470875114608 56.25002084108387
4.610263224942779 92.9145849775286
62.323454568230694 29.729587301237125
