154
80.62343939101572 62.43983268107044
65.73102383238155 9.60445794030137
82.93976070550552 37.85457476146319
99.18810673901906 44.153486677126786
7.333674412866054 71.50900768909835
56.15951487988434 97.54899756743528
57.82955938395946 70.93359548963097
43.140025861948835 59.26479555411813
62.56813556043905 10.264793505645198
12.915905205001298 21.311118660266303
65.72147756506519 33.34153439799196
51.23710370183464 81.00972905399473
37.24072192830086 99.22602705354178
50.40349551028706 56.0319129100271
68.34889816342131 46.32396152478974
44.109458461605435 47.4960814512792
83.28884878096235 60.000960037803274
25.46588287273366 68.87378316946683
8.531763651920398 89.54277670997901
87.92746118316049 73.32232977708246
48.32329474317901 69.65850847451182
65.0685033036735 1.7313319230815916
81.24045932115492 87.09146675013037
80.03938074574471 6.559142578583732
77.20411746491246 29.985162698902947
60.89026826765891 76.38646907758543
27.582566440811608 27.00769313900362
89.43912007909341 0.8014649525705075
86.91467524762552 24.184843489188623
11.40879318923761 86.06325781938179
9.451569542179605 35.2428055188033
21.696289300653028 82.18962223897859
62.30694512007705 95.55045350110653
14.077974795024073 92.65184377321722
89.34748262805024 92.71614449325658
15.854853464734308 52.00275940525495
16.106427309219573 11.821715082249096
13.333989377526656 35.60537089856829
60.23150666890045 5.153538254403422
10.933952034118633 78.74256542843158
72.99716962001251 7.578575455917536
25.73324497033441 73.38770953846935
68.89937716120964 8.518870470275285
76.32786627326485 12.823349846952969
26.463135101614043 33.0908020731227
71.72034628093401 41.964504156275865
54.05165285383403 20.81791943304394
28.64320642152939 4.69417529391859
9.602705098671095 93.73973800941172
21.180926191085238 0.22921444522627787
77.39234647720909 94.06400912314076
41.10259730709441 81.43432126449504
3.7421673834696856 39.800760362495545
98.35134646257615 62.3070804307747
38.84090274191717 35.575852601898106
12.332169702935081 70.4906806750254
8.265666219612644 29.51866291903621
19.13295058027299 88.19494843489103
81.85201254627516 61.7444376329611
46.41215514074582 46.53254756245274
71.22419610425905 85.80523795904932
67.05605289243162 51.63013286401055
84.37075715311487 28.707670211903835
89.34136214545603 8.41625524376507
15.5515511379683 95.8206108913847
39.506539660020024 38.614772197467616
28.097199745317113 46.27046838603132
18.989206463569275 6.723510981331959
15.022520535933504 16.329973544112097
87.66193460047633 3.467296651506624
33.912371219820656 13.930447058831453
14.71723922423438 4.633039665165805
6.588221434747455 6.510737437267244
32.11720420240837 55.32390173927782
51.55017419279322 67.03570060748142
67.51097560681826 31.239160826335212
58.30172441111381 4.772018125009881
22.355548249077994 54.375222554709254
32.22470305023389 61.13595004598433
5.867885560719044 76.56312790467557
25.092461816395108 28.08998204518015
18.962532687160284 11.871726096265744
34.36943501603821 5.366645707713625
38.185275079204054 70.87600594910634
18.742157915602718 14.898371954130385
43.15178823431896 7.170827410885073
20.218110107503218 30.669510558079505
59.485206448718806 56.71351642334456
57.09055573478741 88.18899181642796
83.8065989091606 18.989291848821733
21.928149966262822 69.82159591064307
98.96551837502625 5.980111043919745
10.678334589074169 41.33289176601635
2.6661473185892737 83.14548850446285
44.88270767967065 14.403995730426832
33.70602567767461 63.68102913563622
11.970202583386625 56.667008876610815
12.133159187810927 38.120563120269615
6.1800337590516286 1.2597778001016469
5.815396087549518 5.778235228938689
16.385070016569404 3.529258379313638
8.74525045669705 14.174086651954143
66.08913191605114 56.282477572967025
98.89896738517108 73.86291901789374
24.353198342630755 89.07011083181068
0.3155531572561765 53.02599222753456
57.74751152257799 58.187256752345384
46.42646725965529 19.86747816124881
80.25658311512639 14.5576353478165
94.26434181850621 56.80750737402693
43.71025597273671 41.826014301605774
37.35163272708956 22.338708601614123
25.45984507650294 35.034997248064194
76.51159023773508 10.724897827840019
18.297265375468264 34.11791084307085
54.005256293866076 87.82083957277901
95.31448817155432 88.90106617825316
31.364596880846896 31.602415879151025
18.93531192752581 55.690292739903114
89.20582936744206 75.20653843644173
45.970080371409814 3.827356223473588
29.2552211334869 77.42245660994013
91.98627700865461 15.445438862250228
72.99449048594545 10.961086305167978
78.96972810080155 54.036628960827315
12.235805459621684 18.706231764147862
2.644347853579476 51.761269002578715
35.26363554087829 82.62843482819602
92.65363617443097 64.3280687371665
41.48366550003269 19.118821959706256
8.134005957104296 45.98068169615694
35.06035250301077 8.244699629538331
41.205411277194095 35.92595807057894
8.135075675117843 29.182340164157484
89.09131978992136 13.58079628369645
44.246359264191746 58.54179317928268
50.78783189486488 81.97508184568083
8.078266088808238 15.408433365513119
16.08088055154866 4.201039771553305
25.574893715527793 55.27224088915721
26.861011134984313 41.081769702884465
61.65578463111563 65.27923562712462
57.05644499328335 37.45781492415969
43.243577774719235 81.39595988584115
19.461740654228898 45.19829882101153
8.598816370666128 16.69648593611769
12.069357970545925 35.25590064883585
59.138897558904425 37.468892839534185
93.85362840383996 25.947288430411774
23.77564125187145 77.62298050950686
85.22717702508892 58.441561545133524
9.717819636680158 81.74322940294313
14.90285061783464 46.97689066874252
77.24400427118579 11.019370550281128
