15
87.17999119529424 50.07001828431738
60.30867164542734 23.4040099593088
80.61547276063654 97.26313140174557
26.01661171805848 70.39404684793982
76.72348239151981 41.003231278123174
19.069232822978442 2.8012716909980195
50.402930399248 63.128182650696175
35.8330922479654 33.661861294770965
40.781323662096746 48.98129440028163
39.84118550426851 13.190173823501205
7.59244132950796 40.36296394850525
84.18465018907442 54.622125743041664
96.07158162930929 88.60458801692396
84.70401362792798 6.630064665216429
33.43618613978078 3.380728246633802
