144
3.680330572590218 81.26677928618358
52.71653706587218 65.13992895527957
22.685528048463087 5.437498120067841
67.39485235617859 53.14221711598536
96.462670510484 62.86253408624767
58.89790147148255 86.3627499566372
75.05605385870685 77.45075454355292
23.72743299612147 67.6311912787499
51.72037733095897 40.386869297230454
98.4256582249687 28.191551482742838
73.01072205672737 52.289694099042805
87.65405341662827 85.49197301735803
61.641475545095716 44.38566160648466
84.64926631077286 2.7537395451735502
77.8469438421251 74.13890724664127
16.42567875182085 77.46115581230202
22.22502382251902 69.78232608664553
36.92513487743718 10.502202898327994
53.05810796950695 48.3318917459159
51.23195738188576 41.62302474882833
4.77999299874019 1.5659025375213131
47.58168265320018 79.84856736056022
80.10442868167289 61.293949034266944
94.26735235574355 89.19723561507917
83.76313430431509 5.895640165616678
87.7429139762488 79.69235505153665
12.224837547559043 5.611991459472609
12.326423561762944 77.16370665679038
72.50935171866956 37.097831385810935
25.232859632164207 52.2873475951381
46.31718721398639 18.681955074906863
31.90294372027592 65.6221051886394
45.53169601869266 9.190262203242971
60.436891403505875 71.83286723969732
13.679657785855193 29.929019034731375
60.71694485462948 36.80385895144403
58.47011793542091 50.79447801129788
0.36951458298906115 91.40035044459324
94.27637078412035 85.68352078935091
9.503293746844577 55.72478214254656
32.010305062396114 56.37178807850345
26.98693622370355 58.60790320301472
11.383923396737195 90.10345494269318
99.40865988189314 64.395434258359
35.88356289536423 33.03363919996228
42.19259237706042 78.05475893387323
65.89423415306571 30.946740288680765
8.18705817238613 0.5965474752163913
98.16193742412119 45.45804861547632
85.33365637779345 9.591634129563042
25.373913335901765 63.86587886694849
71.21688753651544 20.273575785744015
5.857853475112417 57.30240882628075
85.89965500026538 52.01585669180883
27.647354421900893 44.80847933957709
28.967226688131518 74.46810930279219
29.23067090713456 40.628180401668544
91.7070742319209 5.370682150467376
64.3463308853203 78.64562232785028
82.60343581334891 82.19436794654735
95.84629631993485 86.86218032844
77.87856398523914 24.17997685756169
5.7892930835151795 18.77697939280527
24.872735535845724 8.332766004349812
87.91172210418804 97.25098831723568
67.3485657829502 60.588502610722614
87.49892930542502 41.83784889448424
2.31542750950392 88.02503894345035
60.95732787847001 86.90667430867796
28.623818156270353 67.5226158289282
53.039837144770395 27.395172136479484
54.95603069954792 12.374242694926185
32.18678831968303 76.29757099390793
60.37042747196342 65.10618722110229
21.904891720673024 70.12799421608545
17.801292693150085 25.301273930139835
88.95062205665944 22.254864453360867
85.71519686804083 38.87184707197115
22.07373241360967 80.80898437292899
72.71019200545022 68.9420153868907
36.51951683469446 35.83608467173731
25.66469740080901 47.84085997608648
79.79734440195179 60.89946802522339
43.946981745926706 78.60090340965033
31.813475488859755 17.407525656061708
75.78139016879922 93.13306752424216
45.2243920620272 74.98945239740813
47.64498016746026 23.434082832734948
52.64290185615176 81.8706280219014
61.49214691108883 1.0398263645664874
40.12787124633267 74.00694153299064
72.07713020174266 94.8262723244138
10.792779455159984 0.13684460711734792
98.00366943162985 40.23450107263755
84.92479010767995 23.352334122217332
96.32005640039037 73.71101387377024
54.77306664463466 40.12325508021345
32.24016547859452 67.26509447852536
24.406430684047475 27.06564134124315
81.16229102284694 20.11033775907243
16.48779632040491 48.62393545739727
82.63529171760408 8.634021316606988
87.0242573443181 6.411345737924979
70.03807491935665 57.328058357651265
98.48016948124776 89.2932361275366
27.55186782829262 19.404178000874772
72.9131813725604 16.548977085262393
50.369957054515936 35.407905312604434
50.21333439797255 75.91877322211958
90.65502760895944 61.34219276284901
38.69843007409924 96.52801688842433
76.16204101665714 39.61731696944012
36.05022995919834 22.62109936858029
80.3224654945085 19.516559172880687
7.65967696917782 86.59842291100085
42.84414744292974 82.44605010022458
7.754399492734265 10.083487396506685
19.450602091045322 39.99599893048467
99.54049676433023 57.758282996195234
61.18444826612701 82.07549021623936
35.484636326376254 67.990022408416
0.9238538749325675 44.88588649525794
35.69820659946489 61.181873299430336
65.54545799915401 82.91947930527071
54.09129462576492 40.54862914281099
84.80002166451881 60.62399773351383
49.3890242619342 62.71833817371427
35.06554502795771 49.98396697898204
44.23906019972188 61.852376294472364
7.291852445598024 99.25296627579874
35.2438828716108 52.0106334322543
24.75762642221495 43.340409116057124
68.1963150061254 2.5468977369073276
96.1533124134522 1.2345936487695663
96.75790519037122 63.97125579753467
4.391348458729372 63.159905765426075
20.71632107571334 94.79777677551063
96.99437417126717 43.17498852892777
81.50855670432662 92.93675118539825
76.06073820000965 4.055818108814513
31.462826551470137 98.650478336409
92.62477166306029 1.2428229265509905
70.82955251560129 76.30486344110588
45.16055201020237 51.6094166926237
