18
92.88392701798257 75.28134186681982
21.246819069348376 99.14653506311342
98.31509063884589 75.51960635527549
86.60407032169815 78.14681113165251
51.799682858557105 72.27914129277137
60.67341934504149 86.08928974495052
18.293911578525947 3.7263404649999
31.677936338300583 29.20809973960846
16.694440880108495 80.59820127025394
7.320542366294836 27.18650277665927
87.31218624261336 47.108724358890385
74.88818716382144 32.03272202212493
83.5530585830549 53.63289062080667
43.88536240200259 95.17331622947958
97.6948185066321 76.85143094912476
49.38460734509349 42.061094476049675
75.8495563696343 87.65195947340676
88.27006748948041 0.6722772475817873
