138
72.57944964414379 75.75579624224791
69.74656564996954 3.887048090327494
69.40126171382191 63.14937685225396
83.5340527203148 2.523591236894429
24.351758924138732 71.85561335626738
65.22738232465144 33.46319905957993
92.80168092307511 87.22593034499735
66.67662678208892 30.552309844935664
15.468727385756143 63.74173816008894
15.079164891776797 26.413774842609826
10.167327806418792 27.641419720838623
42.44212733252951 8.28519061256906
66.43895712636221 70.9330641970343
42.295043850514745 54.17141282069291
92.60368970267145 96.03865157304966
67.88697830864457 47.522626455154146
10.39274449525629 75.72289805369185
77.12430441189278 21.638731153115554
0.919221098118328 79.20754250812338
27.651381442480005 20.193968769482918
23.408183194785813 69.62593428073242
97.05350839192445 29.437603319135476
3.24323027353991 82.04088115678408
7.796539700844384 72.32168866030098
36.04876433351214 5.29957433013527
70.31402068853815 68.60029535081267
87.46930858613239 9.93754589795598
41.68783917421182 42.19754740989882
62.57888198976534 43.56426059278154
62.494732916749385 31.88935153018787
50.893919659306775 10.393122859165215
72.59476759111774 63.75781270750108
37.00565677877636 58.328623176817594
26.369787539316427 49.46695796945002
98.39535206902971 80.61186212186489
45.56072846295087 87.9078795381978
98.99537292176545 9.595368576130149
73.7887658024253 57.57860891352998
96.88301079471147 83.48968635248374
7.432490521544377 20.63875162193687
15.620113099095768 13.41252568442821
19.24154203109153 2.12908555759429
96.39237605852581 87.70614564471313
89.40700632113837 29.65404161374713
33.77371377263215 57.07330597532854
67.9814292612376 88.89267156511514
90.27781925874953 9.417941835803145
3.579241372688702 37.152466604325326
43.46028569137501 73.00082501051413
27.392336789231408 74.79863870236125
37.36125237342933 40.337055706468625
96.14691194273438 6.547310728907119
55.856287905554744 33.269974269512616
43.06399576360456 67.69016214232848
68.19656743611402 5.262796031678207
4.168236711281626 75.23361519946693
56.35191474088702 19.064295677464717
20.254061432765024 64.50054987792016
48.171511979919835 4.988263372698842
14.298370709691788 42.22072503797191
31.467441660469586 43.343428376964155
24.792902970052666 48.7208230255487
74.9377205957058 52.77561456396291
72.06389092830588 46.380875154335975
92.27937276811087 15.791136347588196
29.362752747009914 61.90550164806298
73.77698091939327 46.79915087579263
21.37747190108421 80.90838609376311
37.43022457687227 87.35377790581393
97.74574456779112 4.98092012477096
14.341777764150143 13.410290786783296
55.8809972789979 82.86772290792409
54.92380791384072 61.018808208653006
26.956743047050313 82.66225695597824
31.231401597277543 95.29205841116523
4.451520262097908 96.59221650347381
78.70590037186402 0.017419470169033335
33.95826916904001 57.988623349895974
45.58572350154806 19.422553164243272
59.16560154315006 62.05844198703547
72.60082829401264 48.860012765629136
82.86374765107793 89.3931262483344
70.1566831310484 6.538799631760506
52.76971048190844 17.1925966710203
23.430619470305658 69.14621945437075
83.04384590639128 65.63084595960007
12.027343162489856 14.597724314797045
52.79170075072063 55.19473140674865
84.32405671018365 2.3329181894950923
24.964032635252785 11.818261791416129
42.99433649436768 59.63414606477665
66.53867707354689 43.453609115849325
74.06832312566073 66.300847387846
79.89814195156015 13.0726398456112
65.42433417119892 16.171556273815302
14.742817125187779 95.60264498280505
48.30271571107734 98.45422078755436
71.43246588936293 35.65714341067021
45.85857044015036 89.0831362558449
74.21865445238758 5.937913268719209
68.10665064819337 96.95253978661955
52.545285738867534 82.24221872822088
93.91352397018414 35.73842303685395
1.4361329871682926 4.90272027973856
75.07855638765056 7.9536678844909225
5.402219206049786 35.807325287753976
6.346343253234243 92.76585065019955
84.14682868969278 22.656791793247532
3.6274277572908464 0.11985811934281942
65.51335244352981 48.18424303147175
76.5594128264839 78.34319828519354
41.789374371073066 26.737039736659796
33.678537702083254 72.45481012771458
3.9626274739047007 86.88802225490574
9.110911072465932 4.805416481086821
57.62098926527642 6.715502158895403
86.34266422063922 76.12168365381596
57.05082775801997 14.241975273543373
84.8623456499684 93.30858870771343
7.524842364130335 63.34821147762675
56.019666743015016 95.78590576395098
10.810836933022106 95.48316950230274
2.532092690322174 4.706161914275753
21.28958641495703 40.63383078740493
83.57917962046933 53.668238477050465
49.07012618157359 36.744548689364166
78.77694572043711 6.6111156490943905
4.449013062667396 62.48429554109044
22.16469153348567 93.98365002483712
40.17451332403964 28.93989717817449
9.703981743381929 98.91997564285104
69.18108250762988 66.81013696586331
75.77897299637472 60.77525302455318
11.181095335065194 41.71136217634421
25.975941656906855 8.85288594865321
23.064966901711937 3.2744170567374775
45.75982602008215 95.69099591677133
17.830106541004177 88.80520910371705
