171
17.03526459555399 14.71042632461943
22.738328993017156 70.01892108429294
89.017516309536 85.85878507999448
70.51395722721247 43.90469974125865
27.303402754589644 75.4082347777184
32.4208345496132 79.91479850242843
91.7904582200347 22.20960460744319
91.41148937331845 32.20494065246563
65.14512564290482 50.38137957935005
79.8003583215021 20.57476225852244
20.525690522200946 21.42358805050041
0.38507290485159107 38.21123824724227
19.165570824297163 64.30340249623139
82.08921129805654 12.88194517830652
35.21983484847714 27.795698209039877
75.34029741025606 29.398706693458777
3.7755773170381923 99.85809104006901
63.33946607275697 3.5372786333552453
39.50008267498774 53.46108497204693
77.50054919787053 71.1458352104995
49.02112781661083 68.89960605223068
95.54973511847585 73.2900319690328
35.91108432946905 70.12134890138212
53.40228700155293 98.71471333868237
25.359543681273077 56.62351935038261
18.624380178446476 65.89998336335924
3.5662383992188573 74.46074080933282
57.12452561930037 8.597182379811075
9.532765298547364 99.00597120889007
8.17695733142666 44.12887334839935
25.881813693581577 16.734214055397178
62.367888659668594 39.47031954409809
54.419757282624005 54.854450891867515
77.61887051470808 22.678846513189654
31.699265441943936 41.41179239327606
45.8406463734939 61.81215940312992
79.04044432818267 99.67526006763222
12.43799513354964 50.9840109522016
97.37687186964621 7.2235954019363335
19.725843979056854 73.60725716911172
7.28073690836527 78.80019942701216
89.6302042075092 30.444318068819808
58.84038752061751 10.23082081643163
95.8707658866417 91.64612186643389
63.472876998107964 43.69673067590176
20.224253528175694 92.04585980364362
58.41220150808215 28.738233754998042
35.931069305659506 74.97954215742347
71.20066138026573 66.3820488093795
84.41651168569018 79.54925444404331
25.485471958272864 41.47236935687906
37.24534810633035 35.38333594468379
95.03370340317952 55.358691973920635
89.38517821786486 9.884270769183956
79.18686230210173 89.55803316199241
59.999097512086664 57.73605898641135
56.572228185688445 67.92372652365668
93.91306488110949 73.26665978836586
78.57522544564146 67.22261149002729
72.42712643233283 68.7870518829604
79.8719101248737 28.14016832582199
15.830781425672424 93.52540323302583
90.07912467832685 71.321880314605
2.6844846760708307 74.7711410537093
34.45327401403146 53.715267030844906
94.8329294980394 58.629796610389086
93.90754891809226 79.8790447836635
19.13437621772891 83.09988023556322
72.11566724779388 17.151854457549387
35.935184845148925 85.78683632786125
89.64840227746316 15.056338266146984
97.7992813890246 38.31635940995229
22.783749972012444 60.80375322164545
53.162534311812315 29.31931277838484
47.634389102735184 76.78899220233394
84.79286297153594 15.771759945767228
42.59553927489548 44.848917932638614
68.67871880120732 30.47166480738722
37.518918503090624 75.13692184285023
24.67235135464113 5.731635920709055
99.92980978793483 33.11104588146414
75.06635771775332 22.269633302417635
40.5582234628455 11.755163454422824
8.06378927270519 41.350160288562336
29.273770495849117 64.77715637903565
24.945898522219135 6.595111231512352
83.02801241397674 40.97240720130472
28.655156195591115 81.1166021129139
41.839057921711564 7.106773955736045
55.43832124736975 72.00674284170918
28.569667999087635 7.824045690095572
4.145164228189224 93.74071570056441
6.438234825603417 18.14759046903447
95.21912566320945 38.62374597052032
25.373763503300495 81.02693170592453
11.737677222994748 59.32664294876496
79.23358465253612 11.203821553059223
40.113460031615475 89.53381395768703
86.87270419654001 76.934368432368
20.404233435762453 97.59534283880824
38.30867963684006 65.306179583822
16.624327050173125 36.33867507404768
81.81846281791498 44.50359129971188
35.70712792941099 34.79500259210504
45.16289501709122 91.17553217699066
29.25083598357614 91.83605543139208
10.371662848616092 36.5722939008599
94.72074957341144 59.58354850885007
31.71984836748537 98.76551253811621
41.76407522731467 52.33070700668191
55.55605704681539 31.827639565603384
68.51087460977895 68.17195253093983
88.01401194058323 83.29810300529864
3.3602080220144104 63.90126003793145
15.718245752164473 38.84115749122435
78.14842026821444 12.305024119139096
61.07127017961857 22.651362441996824
1.150503569973016 23.607768458532185
99.11077993646559 96.98988087359616
80.46027875659306 78.0771543847954
10.906027602362423 51.81614098126669
99.10544505799555 74.40345065282634
56.662700030113875 31.87149546442344
89.20664724184553 92.18252847971642
22.321035691491588 33.88175154840011
9.584294037551079 65.04175197812681
30.201574560920264 81.21228591359167
67.55443243470862 25.0181317264767
15.935496341268285 66.31020853799686
75.57467823270359 46.1286436173491
10.068653260359728 98.86852780929502
27.071929065718503 29.486892457388258
84.38346690093049 57.17153722810249
9.751213229690702 42.73575785230646
96.93716748151687 90.55271922323188
12.66481313730804 64.0762635030306
31.46834668515668 61.63924420782858
8.40221513485031 10.149037416550478
69.13048524688861 27.306402184595278
95.27496716079976 34.53840021399189
78.38691890498727 75.4214188675465
96.76474741643234 61.03933611070303
54.533014068953364 66.37922550899167
3.9884189667404812 46.91764696880688
49.79526030075533 48.5331003095833
75.0899863666278 33.21011392870289
59.851266365067325 44.30547827707366
82.57394578833389 12.03649171117177
52.03441162449416 43.18721315620135
72.92989801288421 83.78950889399746
2.4472631923097232 65.71821872776695
59.67974404350819 1.4068558056492764
51.94865771771816 36.71573264700474
75.66889179050115 63.6777834774754
34.5091469023729 8.754642061397732
37.94620614676374 90.92651964927451
41.840179253646895 11.440170617310608
79.83472336874881 13.292447274163777
24.850792114736276 72.52682836858435
29.108564154086057 82.67530157484642
94.63971123452288 18.418640186509407
42.94010807455878 50.3026049164263
76.23387936897052 4.907886843139087
64.9533679172793 0.2926217488563365
95.15764135130296 20.53174648228515
91.82055897072428 58.19615735695701
28.939099425171143 68.67987875139086
72.07973693266383 35.85710585164348
28.08418840219986 10.165485001246044
56.80016224046891 0.598619894896435
39.367559904874405 0.367835629747304
