134
75.34067238105278 74.90071824976016
74.66033675249822 84.94072629003395
52.22038597443783 31.834875803987607
55.93558078777191 37.39253016712705
39.390943044738556 81.98669552465425
50.448345866536656 69.38376040153665
4.514145148538651 19.94170140801127
62.54774757467624 12.589483817227398
43.85902719992538 68.62011853373838
27.32273731258399 42.426992388728614
3.651224814455345 87.83479989304722
74.09955001532208 47.92681484841149
35.55114559777044 85.29888548258901
38.861542255136385 72.11898520888609
46.942366006314 15.321565236355262
10.657405473182225 20.713029722265098
59.53135515541763 77.87014797763703
12.548185929377109 18.02521702108968
36.948454027454645 41.79781691212652
47.71406923827924 4.5312534708716985
85.58229251298772 87.42331541662628
95.01662112905109 3.053397835154037
34.59867539506928 4.953022750294089
68.46069454530289 62.79317607430641
55.90849032098202 27.39473415996899
47.42285815504121 6.20733503983224
12.715174620247293 63.55114728165451
96.4176230151158 57.29329968241548
79.58325719752712 49.528579436137136
49.84502406860815 95.5800179741349
24.07380282139804 72.54860781442223
96.37233874116156 5.4519773853974325
0.263508076272001 72.37373332794236
58.93250791893474 43.03805367106365
95.31827308219161 57.934957102387976
43.370428283447524 98.20181143487271
52.98167460946883 52.58116267205809
13.991908904798189 21.548760685906032
33.04706284704344 53.10028152544023
58.12280794425727 35.68310390503719
49.09956673118956 11.798898113609457
51.09117058433578 17.519661115756257
63.802218706656 12.35489740516863
61.35529589875822 98.99279294761104
53.66603158191252 59.21245448254815
42.45722914228715 72.67259823251752
36.74490960072988 53.90308996508069
45.997368150908024 99.71815120056328
31.035305760359023 70.50991442051745
52.11813596987337 37.94498570826559
72.70883688312178 1.666564343072252
69.35342126361537 15.575677162624114
82.92229989978242 46.48582653098442
17.548748855793605 97.81537906414889
13.134220736337387 31.316906892356368
10.690753628515893 31.916705900215103
78.18123698166558 32.88687163346228
58.6436830303361 41.206453082753214
60.480098375626376 84.34291561139517
67.85378264331958 49.42863850807784
5.571384658480749 93.29857023777627
53.34807172123933 99.60220029254332
93.0056315733453 46.71992030283655
71.42047426045424 32.95581366585738
98.77038345897839 69.21403709314511
9.684211694598211 67.92767217653606
72.34570480389459 74.33906267756379
32.564618362531675 64.07455344807575
29.02958960092169 7.914724529220574
73.1170645518071 83.6335728292924
84.29636831997769 70.25062496765007
91.0650619305096 5.550401736610899
66.37406921220361 61.1985241095576
95.08268394906646 54.58848235310836
55.4785166315333 14.833717253355715
68.72078893229481 87.21170910910956
47.87904957180715 46.03584830793789
94.04076683057987 9.67529022046274
56.70536602384819 96.68230674533046
81.06196155473674 66.70032418432663
97.58000208930574 87.63502321684409
25.66334093071404 18.480029860223325
40.42339133617704 87.42900055375699
65.12450690266166 52.44059432982604
78.3379303246022 18.08571714732945
93.77826468648125 0.6909447755976572
35.72825037846245 71.86536164065032
23.132106596477797 13.202713147962164
90.03124558386256 15.720985290260959
34.45910932176442 22.492691331930036
89.70543121292958 90.33550889491244
17.129087613520987 80.96414312905989
12.669653441258133 86.54490151437403
85.85022475596588 38.208717642451674
88.13264530278524 64.58161377472226
76.28993985329818 7.192324588952936
11.816044126071946 90.59522659895246
60.23256738441519 99.99655291328412
58.774520981613975 48.989778345812915
4.227020274077253 81.52144287492685
25.080521010905276 53.865088906299654
50.16716176508941 79.64015381088151
49.256307279182884 74.99245413454908
11.243331910009136 37.25665125432359
22.957698686223736 82.5176629646529
32.337432114993995 83.58952184987325
96.8737118320122 67.75701686505973
92.01906077858403 31.83286423364009
84.03618649867373 0.11081059519972847
76.72473680669513 93.16441721213572
84.28970889034127 16.064080235117817
34.33251485935346 62.78748815215644
10.259282741247144 45.62165862985415
78.05076046888044 84.89641716027111
97.89249857369785 71.1522593326067
67.39525319652401 36.63470748680218
89.99584375048701 56.92278955912195
83.71091274737165 61.28463916631793
6.75281415956277 65.71966857081534
53.745661776809584 69.89926180571017
64.73401964734659 40.77713745873412
91.41155699445527 71.9674960435199
58.629214480788065 63.938198288181226
92.89417796198643 65.27416702368117
62.65917358807327 49.80106668373311
8.958300861195479 13.387184406034047
83.07534923107475 44.11465989899449
49.449329476290984 15.861955468627597
99.15753422886006 29.861782415341708
92.00878322920958 23.55841103804036
67.37079382215191 52.35600971325886
81.16030913422387 21.120606136664023
37.74718992285141 65.18630658916365
70.83140933243476 68.01629769153601
