197
2.4427988864051176 58.330111291804684
31.182611724218734 72.2217252670269
36.78974204409595 99.65459772035332
32.93084223179786 88.90264708635381
95.92384677541335 9.751079328790201
5.88776751218597 28.396484811058333
59.22732569404212 53.353592028235695
18.008136334639403 93.00977803893059
46.2328138811151 31.649877245423774
30.269229915329333 66.32061281174555
55.89290895239879 76.38466340599213
84.49967043584807 30.420012050678757
70.51384924022327 93.39500068704892
77.14300918023771 95.80802284903875
26.51314529482104 60.34839373931934
41.71924434960474 97.85264688346754
2.6708728714790686 20.819704096489744
32.21021107684569 81.69710204717207
73.14409385973516 78.56275601455039
44.93857981659097 54.67966714292025
33.932620073023465 67.18265938310394
33.43908768103856 52.673653096301585
41.770110830347626 84.46953105940982
79.95383123370766 16.54810390918614
27.275833280434224 26.902984893700754
24.44975146835 46.99209850510535
74.71264088252396 77.79057917419749
90.32184194952602 48.98195628722638
52.55140554649105 40.24601890722214
89.64828595921 73.42216310332965
81.76947422732593 8.28201516106246
47.68785242217402 98.71691353169957
70.40799545792574 57.14131038201348
88.59262253982895 23.44941318199163
56.2416771006262 63.18834693023753
73.09904016496074 91.30669322970671
64.48059109691741 88.96191009678105
88.79460740071642 41.64533586961062
3.2862451269747184 70.3602134568121
69.12546176713812 33.11590974201255
49.80224019662439 35.36455284629645
12.564494286998617 96.73376534026313
65.99677452837008 75.30814255574181
57.408486728980975 14.558173940648844
19.77457873902786 28.76999800404818
51.91767995195784 63.89221102800935
52.69843902735774 76.76322246017445
77.82271951738902 64.31914452941247
14.969885288187479 35.45226488523176
7.24152334487822 17.92931406624699
85.25786511651214 43.32996568403568
52.002360501004055 64.26776989083224
93.4664191663162 75.6850084514232
15.888337109417561 65.85265669547007
44.309966224018225 19.622423411482536
6.29090151790741 33.07341338054858
91.14464221635379 88.58068391294196
58.39764608476812 62.12823838901358
70.3771219096214 94.12189394813518
49.68644149944118 11.145440297649746
70.65824181027168 99.43287972784113
6.134255597797001 36.2799918928521
83.54067380992896 81.11182386882473
55.63106805707068 33.80468246150561
69.08256041810306 93.52215224117447
3.7160990039349473 37.31858579319909
59.16553664244465 49.10617764045821
53.393020836299456 78.02882472401342
54.621868363874235 79.25876244530893
55.77821964662717 4.513729773567232
48.59892905600012 65.12809517383474
4.312430288401425 63.16629090679707
53.49077277772022 20.48361182369399
66.9476379583551 0.1442272575962189
24.262635939367517 59.456143777738276
70.5323764565263 88.37975743244509
20.33525581455997 7.8566947262451725
27.08514950287969 40.21395567277219
73.87349710102137 92.96898736714405
0.32255950944016787 19.903141070640828
74.77339155718774 41.9504314706173
42.47833666368531 19.715083943535426
49.89663621040328 77.23890163067969
54.720443594454714 39.329548948512524
53.07434159356234 26.597129708527913
81.11862043693503 69.10224098376071
32.929657749941846 9.071976119340375
16.295453883629307 77.84877309006765
95.87266137520828 16.83789350908699
58.80342601591187 31.69934921790949
82.02643795018592 46.27873474770412
53.72270942451325 50.83777660250356
24.898077290247645 15.273810719376502
30.396921104436437 31.614877102903904
58.26983985423786 29.55653903336659
12.17680042504078 62.49561063749436
24.368380729208283 19.108099216281403
30.741824574399214 3.8461123090080984
40.24889176133001 51.8617290257533
37.05694639789242 80.6300627205386
9.761627791343575 79.37023046080436
51.57219978436514 46.73674485638918
97.4912343297434 52.861838153327135
55.354376306189025 33.58271212725905
56.591692093412064 17.704270572934742
90.09218593432638 70.76802281250498
14.476226629318178 4.602840415412057
11.95162386745161 0.5714584585416627
75.89504695878951 75.84565226835987
49.69815050725478 92.32907294395932
17.288552812683523 24.710880257187718
72.81108790643516 50.28907065905038
55.31525426969392 98.7400446805261
22.25304316566856 5.457824132002742
68.77896147638471 62.64157057946991
44.16733781252684 76.75081372113016
47.09001706580484 61.988033948094035
20.285643000863928 29.257000373943963
51.02702311799899 58.7444810783599
86.88775189612808 14.993480892904444
51.07115558652069 82.52070252280942
22.250712819437567 41.979735326482505
83.87308718816918 29.006548306842785
23.857129527342636 64.3674873801877
39.81253633422664 25.473769151578118
79.32249754953897 63.145792063863006
17.556563122999325 35.979553605290135
47.39924628232106 41.18397132833871
65.37472854338657 53.69703241294005
95.31547745020671 48.18455890556883
60.50956500115835 44.37556524305894
18.338203872634406 94.51116229867257
50.52918702664867 62.81981303678145
12.102466583484983 25.593864633594954
94.51457364150208 78.5077153006386
38.80460618996655 22.446550189383498
6.456911414491861 54.023316108555996
79.07464122191307 83.08985901239254
57.62557187240094 80.02531961120131
64.87106641857038 13.694643280831064
57.34255027480704 18.758912392330785
54.873372707510946 33.5589949590532
56.73789453923579 50.102947810139185
38.65234801857329 40.100527426606
93.90047966700307 32.20754819947892
53.976900059646916 57.2266587050931
76.15763720666965 92.41122538690448
71.21401248231291 72.36468145292208
91.21550160956524 0.7195397613905419
88.86116951038794 88.23604829468795
71.13403479249982 14.004815948801596
95.97591519489367 9.390250154575053
62.579204085901665 11.231266159618203
70.59919028147677 13.396178184016627
45.03992122692302 87.69512983844537
36.42413057971156 33.46378480288278
29.634425703016475 34.53289193673981
25.12927325071479 30.22069526370281
7.446147921207658 34.04079205851366
56.820880208381084 76.35577114320968
94.83409292992849 65.29051942867025
36.37758560072425 94.81568382714342
49.11631457811164 23.369309805218375
11.52304806106741 53.40771439607314
63.393323937491964 48.19605139342254
56.41382425002463 49.993091213961435
36.55700552708453 11.06281789288821
35.8679398784076 51.948319971142396
39.64188375803642 31.9663987769253
14.79944970698579 68.19605113898314
3.9634582436067767 19.61781733298399
33.65459177046857 95.9900370213285
8.625689208210707 3.634532675399449
91.54078465993014 57.39998847352079
47.9275864609944 27.876452788196215
5.84792679703412 4.988702802275458
49.6149397554844 8.979433813459147
27.88996592496762 17.41566797015256
1.0521038644739522 12.1627464772901
58.49732913770171 1.6102851110274763
26.751472993333202 77.66902175114791
39.16535571121851 43.2476145322181
83.53224189452905 52.584402570005786
29.949419089093855 83.98433653382965
97.32720769125545 94.72388855062489
48.64781473653399 55.2593188460083
20.06043055386173 70.8798177604556
57.629434462186225 88.18996719947633
97.28501151018288 11.208457458068866
48.13381552893594 94.47153280602775
68.14596610475706 50.89572727347724
70.5534728638666 90.57770830925729
12.049225249177308 28.945849753700482
0.029644296232056444 6.193832577226999
7.360957307776916 34.49489859844673
26.3669429745484 22.674665972873164
79.49832364330662 33.92885338649653
