118
93.7067777905179 84.14482504663157
17.618358571946256 15.643059794181358
21.444956626339405 23.672280764557375
79.10229687635571 16.745576945073747
12.46028144590885 34.1140515639698
94.30097509252693 8.239999255859253
16.23907364326802 99.68504429212305
42.44739985560948 59.72359390705023
57.082882455814335 40.95975190214004
30.016648785153656 51.79701348593604
51.551672641361726 89.48388736477983
56.42244417378095 55.33087064916214
36.0804115420872 3.268596756662334
79.87276733117426 31.405593835497513
31.623578933393215 78.56070721488571
10.3134454715482 24.615770042604034
36.86530827765058 64.38726991565086
19.68455733224538 76.28240090453637
49.2462381172593 0.6800671412165449
87.19893022627515 71.21539692408902
18.854014780661632 41.0121498257782
54.79716136180986 52.15450155088084
81.90299198673475 99.94309533710116
12.391146231580585 35.83764002746964
23.18127073492412 22.65553577322599
8.494844032036253 29.49470406473188
68.72364094252048 23.62684260648419
11.061623053614467 74.44623938508006
94.5305005632817 92.86550934347856
18.437407848094544 30.10503786974986
82.00098675899056 19.8319311690356
83.95200842647759 1.4382215107480278
18.158299564369496 66.18465099183011
55.509355300020026 44.18653934261353
61.15258909239989 25.912551409225028
41.854247753319065 86.75952372545265
15.342737086443837 67.33100801159259
20.186823919420604 97.02361749383542
60.578710880985774 80.21471127975296
89.75721826340518 80.18454284167244
58.289842743837184 10.164319632919671
66.81953329474055 88.96418515537415
64.60089518414655 36.42606149276215
8.232873795265705 72.62378755206691
47.351051583248505 15.967430494817258
96.72894551951369 29.058891483350145
41.70403599286616 15.087514822941184
50.530924372231745 40.01168227208161
46.85026543537114 86.48680499593297
96.80116725922164 98.34928555576809
40.65190937176559 16.180891608398763
67.65345169988609 50.863262402792756
90.44362962676085 29.074665690674706
0.6487200826243322 76.34737388116763
7.043884585115179 98.37470006039621
5.954948466869336 3.717986677166951
28.45681587892309 47.716744886695295
55.35885797081625 16.57558854793382
8.23416146862721 75.59746410652565
60.06942897426815 29.259828707518885
73.34818853268315 37.31793734596367
42.7446078078371 94.52717108744211
76.58601855249199 4.5935425825169185
12.018233892877294 41.371064271391575
39.445024401322634 55.7732379064691
42.63090146089286 19.369667251127552
36.37129603327772 95.8789721185588
86.6262653077212 81.4211557892176
10.763404217518469 46.54944531246756
61.112855250666975 42.54739173824734
50.8462846241871 69.99459932121496
5.346841741495489 43.47836116696862
46.968434345761764 53.250294396143204
46.96087198856782 22.419051919901612
1.7270796559183288 93.99800984638857
89.42490867599223 99.10432447857566
20.445831956339923 48.33903524762806
27.960478536842338 72.06598992156678
28.46276890344609 6.315737619138339
56.4501000478848 20.497754863644914
86.8800666332429 5.759868131901258
69.78447938975253 58.33211145344794
85.57463925017629 41.95318413853979
44.185329908809855 47.17939539163426
37.82394074345417 43.75806264162585
30.666649696647962 83.31085626402052
34.432977204932854 48.04523205979871
47.15010236275637 84.42062407321842
12.70205114725268 44.056431058043934
35.086833106401514 25.46748205402395
70.71756019273838 81.25037353591739
97.16410859848992 22.424992620320218
11.90915373416268 19.13285343886253
1.3415167819813112 11.287047451261333
75.06650077153628 19.275463247744707
95.78828593604231 64.50617283798375
69.7007513896531 72.71393721146326
59.99361935701884 52.62287706057778
63.71351137414185 71.84637074594089
99.97424536593424 84.4254999496669
20.34075765521419 6.373940519297172
69.74880793925782 17.036847972121183
48.03462980748243 52.40597266539435
57.52129962072717 9.592710698450668
98.51418361577147 83.8151599652933
68.83012883678772 6.3268101924641496
30.419797660140237 24.735833727672585
81.66327478147237 24.108317324872154
58.21591868674455 89.32225455595831
35.8059689924709 81.4561082074105
0.5127833911539037 8.575769736777817
38.74868362482699 50.97573614954871
54.07106279326379 79.91808007071481
2.40263330474203 95.61620671549692
13.81224622199786 91.67083661518816
16.574859983297017 63.16634017502534
29.503030549307052 21.98848537788067
77.51605685184757 47.56129190250776
