163
49.76003003580629 76.62112756897662
99.14365971512782 61.92941959021461
85.41437625083285 82.46549413969012
47.77665977152029 50.22902645911304
88.2873948099869 33.00564627734055
48.29729346018981 34.984194659941195
71.94830482280572 94.20503287621126
1.3050451078525316 83.83972846986222
40.903353900224005 95.00663125882306
11.391118424124613 27.365682556600035
14.176284669244133 16.525013137121892
42.1924624473915 35.5879171928315
29.3757224421449 2.1440013092033583
27.39708773189985 15.495629073732541
81.94638771339376 56.416128727299544
91.19250365376948 36.61235219564286
71.63061504882576 65.81184543497032
10.27657809502477 85.91364351603818
79.57388826966458 2.5365107363592543
21.171913919604147 59.99757849824171
40.79149946305706 73.91323260602219
45.211766736047984 5.8396918116567775
74.61644537422762 76.47753143142472
8.008466180453588 97.4869154638392
63.37640283173687 58.10661188733531
88.94884149346164 92.6123034562959
15.375283545557183 95.29713494783032
16.88560344984066 88.5947438327728
74.34040386058491 26.143053750319687
8.909862650253753 20.4850582094944
18.433858913962396 49.17540199655647
50.11008678900346 59.610592612807636
19.152963932621446 23.054047735887686
66.50557008755176 3.758051438179155
61.64577099762186 63.98351408797354
9.084693152461575 98.62393511299801
22.542164982714073 91.33161828531368
12.027106849354807 78.57781893433359
8.17686413971751 57.32559754276867
21.151636579281842 92.7389433095529
33.032345314396004 97.20941641535217
43.77384316040648 76.18593432315795
83.25262860500828 13.209293617039364
56.960472241661705 25.17909750676339
24.69788325185801 94.01698604841776
47.439584708424455 85.09159415959635
49.70353043107906 45.28680366602772
23.90015002858582 19.8475479311522
82.73329325668999 56.15088280272538
26.75403386079739 54.38174499148928
6.572578874691548 53.574604503331905
86.89781000140984 1.685355709920755
76.91474558837838 44.48238988255184
33.41361807368655 9.468621977271873
69.39019115866876 24.92578289851014
31.376148858033513 74.304122907322
72.43596089609487 17.06914665319077
70.14489414471903 51.30593906808165
78.0376785141644 77.30417890970325
89.2496968549047 59.311044121433774
55.864621352269616 50.40432495088171
72.22649263615016 54.56307585021114
97.68594649769403 55.37106128542606
44.77967913500307 55.133226722684206
97.8588215542146 45.2904041678282
98.64112774890259 64.29556002120711
7.552873179911657 96.79821819028118
5.770252940959586 87.11690104309223
1.726097112222158 19.635334283378224
0.9810505698614524 35.92371647852455
83.56004869165429 25.579030161715156
10.464072853573846 53.16355576678772
31.59406684073699 62.3844369670271
68.90020339831068 53.01551529186824
77.61674458927772 1.9796324229218731
4.527421518012398 50.71330104704496
87.81162174683669 49.39791500671655
48.33030159136909 79.4910502798528
88.29726541090321 79.89912975241457
59.214549817146114 90.1417150126384
31.091288242605952 18.408976097122387
63.48943030609293 66.96400932135488
66.69579391528822 37.14766795016916
54.123578644500405 36.86333137245532
31.33916647764634 36.83575756561231
80.66631382796278 93.84169285507521
73.86915167343398 47.01032723447518
72.33761560763153 50.0537478644349
60.55364190148187 82.00043218459403
62.32486937047209 95.2394268908227
50.1727521984899 14.233821351393638
80.35203679137202 85.43802898232464
80.73118797173186 7.185765009158029
85.62301260625239 69.3614693099717
99.57550631112433 72.41481592494355
87.48337996275401 82.54233552214133
73.36838333251112 12.810569594396725
4.418396489184017 93.60036634725974
26.382866056095335 57.342158939690336
52.81736518346594 3.4089584937425643
20.668340415179077 22.703871553696942
17.34377037474738 77.97308537315308
96.3716526703131 20.648438748167376
71.31161671788509 67.51482461274338
90.78257283627158 21.11408691510064
70.46559721369218 77.20151272944197
23.462415701556694 8.99058483213877
28.023478025017322 77.75465315208989
82.27086390540681 14.983123750622118
4.969682769843898 16.402833888866386
50.49138068251191 73.55256036080048
74.46361047680638 8.5203930214114
41.149362957270284 46.714181824016464
35.078364984678736 79.33085339313622
46.85426953516496 1.6280250500582016
0.28410889338497114 11.913869415522127
6.549372051935675 71.67027141318643
8.897130986808566 52.33326385577162
38.9192917226062 21.288333423941786
5.889403402146454 82.67220128203931
63.582144999731646 4.607806019620009
96.85266032535803 51.10960156898966
3.8089497702754938 95.05206636519651
99.23639169443362 49.09657227555012
64.78121789390777 58.24092162770684
24.884054193615658 94.69789551614961
18.969440267660698 73.79978510543931
19.747833359735434 74.22012727101371
55.138855644234674 13.634749712728855
20.868363752931263 34.5382847927703
0.17630693105735729 94.18252057430867
26.07008849002791 51.3245642959342
26.864167627372172 99.54029745892416
10.417040413924795 55.56406086910721
53.78750700011102 92.77326343810303
65.807001090303 16.026816016044876
28.730117957803525 67.6766982777511
66.28383056410546 51.08056697091692
95.02821666793531 12.85112612196052
67.19615464197311 40.51755519447414
93.8546161951592 56.369790446361115
59.42789824658412 84.30593502867319
50.4000286808849 93.33783728959423
11.68616636438593 73.46980267472962
94.92269980732611 38.777920268893155
29.56820435007177 53.72814545450682
44.79370334695532 5.239837404469705
83.42349550047409 70.76491903510492
38.25956933632404 30.48020866697754
31.170980216055455 95.00068980899327
90.66477964302094 13.836627262408829
83.08262862674582 44.46579119248541
60.60457690214896 92.82811755337845
46.64391475672137 78.34408406919061
75.8107877179852 19.71766045649638
8.326323316784713 68.40128699825284
52.06015266939331 88.57697932476866
93.81785823195821 44.33524525314946
26.490954493397634 40.276258632729636
80.35384786491278 9.751656289414868
35.79985096796887 74.85618316886524
39.360614213266565 19.40203833399432
42.667221805575906 64.35003439577017
