117
72.26939936895003 14.472335326246032
92.64547509641609 17.711671126676677
96.9753106001573 30.41686317016835
18.471054967625744 39.128684371328326
25.491837028919317 10.225312895340377
45.28153144235393 25.75075681918132
58.55951626908404 40.842111364351844
35.15003259308743 45.27238194929639
82.92185839869279 75.05961698628143
10.003074034197478 62.31801816288603
87.25660347234286 57.718329972268656
26.88568529431987 91.03824144356936
55.17058969829623 70.45742256407382
91.93630626381932 0.06152343982380737
40.80286645352491 59.94635543865869
38.07426057208624 25.491072370922087
68.48400801507982 81.45316422299369
54.83241936852758 73.12066225475287
51.85280868861655 62.39279335978104
21.974372191559976 6.761243034208963
46.123498907972824 55.397986624038865
63.163069231786636 87.68143390662212
37.89248648365388 51.4783989443221
27.256565327267502 54.16607705123433
12.74919911440916 12.00887247902276
60.448413173154655 38.77972824575197
78.18274089357149 7.859322140015934
52.079408390397205 51.826901815971425
54.8799537192289 2.522255175517041
47.191807585168 3.850190554980293
80.53245244038527 54.52216946845034
96.31640536219084 4.204018165498247
69.01702672635817 33.78570440762753
16.186767475949704 95.5207464114891
99.22700946838617 78.42706095468314
36.197291078528615 75.34803967214903
0.5739436382450114 89.08014684528366
87.07524401018054 47.05798089495749
53.1071006955504 22.600871951443402
20.20356079636465 84.1057521674276
26.83793896207427 1.7115588818699012
67.74714144479272 45.9691231892129
92.53970304889232 70.34652755303306
52.61912861851486 49.8905266060951
18.691290106357528 39.76444581503775
36.98229078762165 85.17996414894826
1.1703212503946459 0.5790271384708778
37.037234055488334 56.20808646950941
58.42696085596171 47.63204990097204
85.24604710005174 73.51145071517914
21.013423485025317 99.27197927183403
72.73431115716683 82.76550648951951
76.45056102912345 73.7854056858583
28.32103017074893 18.356454228604136
13.243788679448764 91.56077374226531
68.92001404955109 89.30220360815945
10.558490533690623 19.306685035112135
74.92606611103989 13.556658081126772
9.595215932609168 99.80284943606537
98.28359185620548 25.86502702258311
16.456870871614015 42.21060471373441
61.29902078875973 37.84510455148457
80.0523511745281 7.873235918751043
89.97839037431945 33.94380267508011
84.85372480379704 47.45528042057893
36.948245835537264 46.41430260104722
96.79110033967258 57.66342636968743
57.37619726788631 11.769126002908493
65.44715954002123 84.89785870842996
51.11214131559616 13.026040393402848
89.5094030055888 17.678663109600446
81.19920700109165 39.86486734347551
48.625149106756425 77.49685845643481
11.63572679010867 11.539161320118518
60.70813509709191 72.64076657477158
84.12263467070524 70.59450781899692
73.75262091585105 48.59204809049653
94.40382267959069 64.02862163872925
34.88295517164991 35.805724124493274
97.17283721333577 5.819917544788744
89.68111869384525 45.54421790966927
76.72602221634371 98.56851040673507
34.49118452341635 97.74906169403798
25.267766997618203 84.99699519579346
52.8663986167302 36.757822692052365
96.83979555551913 85.80500513294581
73.12688595587845 66.52420715241023
4.345843008090988 59.64153009732057
1.127159003145728 28.98200784076502
25.799079998648512 27.848604638341335
68.37653593509296 86.0328735486444
65.65028457077815 21.719700630285754
47.12490956802443 76.31951454066976
43.14994223904357 63.50158360140522
43.06689289877863 84.91346885829749
27.011285248259533 77.21789919056596
43.43153156588562 72.96966946124871
97.0993784562793 22.71278866309816
47.28205143408963 0.2409052106106646
12.914845985767764 94.21308429664835
58.98349764571499 82.39666870042667
90.56185753743547 33.87738773667907
62.47575114843875 56.06653937831193
37.64950263267447 75.77201871363162
18.125223942471948 84.640371038006
48.23588178914014 52.322103014979504
61.51591151704877 31.13282289772211
43.6244031436089 45.853046481045354
30.12858590513774 20.594157603095464
63.21183159134542 36.73475517138063
48.566573512671674 53.45653347398894
43.41412160028997 18.81727792734875
68.24802435900277 64.61679102941642
28.211134164397144 91.97857290676815
22.926832469796622 76.715871282153
89.09565524698536 5.239205719700701
3.4399653592559476 4.861177272130024
