127
25.746226154413776 64.81283488063251
39.76719804916931 28.89985396546426
70.0174680915126 74.72126913455166
27.976782620584594 20.846069010223502
84.04120354979926 63.56348336855257
48.88105508419353 90.07358422554775
70.77042011100512 35.3776376781523
51.84158013404747 28.3812862104603
61.37522756421725 49.28580441347216
96.6954658060667 90.61047852724961
52.30575303432167 42.67722977430769
40.21966402048525 94.01602705260073
84.06667391788572 84.39707470858465
35.65428986950007 10.682570657738566
69.26208535818859 59.91171379116692
97.36315494029817 96.35020849916867
3.079379587416353 35.14874116125093
38.9184003338239 50.41291207876034
90.49280920724125 11.579874845715189
44.06540854302019 66.3792618069253
52.825315122436756 46.06443135067111
63.85623255865712 28.04108749860935
17.868527720807304 68.86148964115272
61.89360074048763 47.331958545303756
64.63736509678859 45.21849664470108
39.717224478300814 13.064421746028943
48.06541979225386 82.68986215307208
21.506339375882156 30.840966792727396
9.633903156712165 82.93371614086291
28.452841945013674 79.11232671505218
61.95210467685071 36.0143864790509
27.424648537049134 55.65776255798083
26.673909482909774 29.302095603153766
84.38888063201877 77.90711949199269
13.887838016644949 3.529364581753758
27.37523039552189 6.6938037999163535
65.29517606402962 7.5589700023255935
82.28511762941667 66.47902783606276
42.11725543018391 30.861597957246158
52.57070427225924 25.622593615778456
98.8933950839261 31.43094655793638
2.447284793359761 88.41253371660571
41.34831540381029 30.457280232465646
7.3937239396816405 79.79029754960989
85.10113684864248 6.142941468372909
33.458713444615306 92.59472769823743
92.41781528753499 29.370961175052734
56.78687358948961 72.75583808672025
56.728714955411654 60.52883116869514
30.272807361467724 77.84456890499034
20.7117758319158 16.685603406251225
89.45139624255931 87.71971413031243
22.09021266613528 13.888051137017875
98.7427201605355 7.385218363764023
79.40339615091834 62.03829768017395
39.51689993966029 39.90710204311723
61.50108049275599 71.18691819942075
83.85805180420849 97.7950327937331
63.37474411206176 67.38687137349142
18.08065274384425 72.12654211194048
90.53416095251637 58.35351156957016
61.293401220612154 30.18502960044167
89.51818268606151 45.11187757971903
89.14725450251817 74.78155591847873
98.00796287933146 67.2619715430359
2.5830789629646245 71.53175634989124
43.212460671373556 41.5794930450506
4.264724249853124 7.3275580782946275
45.96277655103995 57.6928565692875
28.196777851280952 11.534886525367604
81.6267180969144 27.90361703906884
64.00970093108691 86.9392587112222
13.96220634255786 26.004473635061863
43.31638534490572 25.068119660662568
91.54577999761922 31.920120839994283
90.71408611799693 53.71098103206544
1.718298997666301 7.046632860720181
10.458686404295802 40.56549466377965
86.4891083236516 55.59589322601576
9.37000972023111 24.59090251870005
32.10739593006594 96.68193489046892
71.19248625209147 0.3520003529786764
91.65966394971775 5.472718026502433
84.627261521109 80.06026727037614
45.00579822842783 46.10683259224528
77.89655168177487 53.39521201872183
41.62103227329865 96.04150259443858
69.76525122433289 65.0202317388224
66.89807477111643 38.85256717839762
80.89494182646595 68.99374951647863
77.59323795558419 49.17344288643724
0.05133060351548702 45.14266638793357
56.392545977621126 58.68539062364867
23.687087477619272 53.887914169426374
86.14911530261537 94.687024544544
64.57838279729164 89.07956163226113
24.54383857173218 75.36935102323048
79.99629744784976 73.83919706248453
96.93139424631639 52.01037903621787
76.27930965911446 99.73649715755822
66.45354754392028 44.42631280698331
9.250771193187223 22.320122361606607
76.6121955920535 71.93424293845533
78.85139227175017 18.44258396691405
8.412039241800551 51.41823238677622
84.87463146461154 66.61245451616897
94.36615456820292 27.01491823304861
31.083380667941785 82.48358704942113
65.28231182777799 50.36646153373569
89.35097419955888 20.981650355479044
70.73601503308475 97.13906309011402
28.42485794738574 67.16294138164061
38.186754182344 7.0324364060324935
96.46254804249465 74.06875641284213
64.42628194600893 77.34328527492583
44.56001306941864 88.38824018676495
41.935556523502434 23.420487266818235
27.636417967522554 27.82545951421428
12.848087918505746 8.974673891524631
28.82128881074364 69.50912166077188
39.81666399130105 32.36737702594037
21.084445612977 88.21890164599529
48.251523972729 95.01927080817597
76.81171372085436 64.53113710090861
76.14534778520857 77.80275403580391
22.82520761933563 68.03019891471321
45.89063724844996 95.99335359761997
