122
70.32493420658243 18.615322617047624
88.37040216877342 72.84805738853063
37.179609071079376 57.787636499740536
31.896371993958095 11.1346269885365
46.1723820941446 50.192095654821834
13.116224620037176 66.39059342614047
69.84989344191067 7.598765285051224
51.90205983151868 71.93018953683357
5.060802080010285 48.38174452000488
94.06089690528192 74.18065623153083
18.077139999097756 69.57572716036061
60.48603323991442 33.75533674404343
25.516136740826322 37.89483713611253
8.044899775382097 67.12176567898892
44.56559029855403 93.48422701973651
69.63317201084533 86.16124545698086
63.98257434169602 58.94138601919926
98.19349210703562 10.466843667909343
8.907961754127957 22.26806487037052
40.63622368445385 21.735600681491107
65.64124213535517 15.428234791075468
57.07176117976967 78.75781677853094
16.319134411632795 18.639985750123866
15.340337621749466 56.535394095462344
45.03805484013256 5.434743278769217
94.85025710070019 82.5037463228605
32.78150797856645 34.14553159627886
59.6184026892856 7.394319481322609
25.940784965494533 55.29408180149622
37.41484647510121 63.96042121609952
7.024824197378887 60.965342369587106
69.16460598490256 85.09647682526895
52.978533046145174 87.06198025728557
21.012482415324342 75.25970223809244
1.3419435029066062 51.74773068292152
92.40466294352653 67.86369748516343
36.88122550622654 5.889117975794389
79.84314282473257 14.112749680773696
25.6381832746281 95.22255637463341
64.71600668322154 1.843464895639435
98.96848005558341 44.76810424021722
47.48198678647141 41.83042154524601
52.17035245114876 83.98659760009127
98.91532710162795 27.575890314056018
25.94859989279048 95.57317855194958
15.082268885163197 72.4781458711393
65.75191300363873 49.04729582425652
29.579127986161147 95.76053679955729
84.62738594481672 99.4732953482383
11.04757504853734 23.26395271905729
39.606117401013165 98.56834485015362
11.076690696356263 83.34550244142271
91.37607178929605 14.384994950961428
3.3844029029749922 78.27728861095308
50.40833250423162 69.60895393006149
47.721581966227234 16.606821795681846
43.70994078899639 83.18156598538293
20.003346558130218 49.027876962724484
17.320337877353232 51.667705761505786
92.85236565595292 47.995594776194736
41.867470993359646 90.16586863905205
58.18124546707863 16.646532182265283
33.89648235832051 23.157731471776554
15.530642546693418 40.10909801224969
77.07460880449524 34.53350080140789
75.05491766655734 5.884364217528237
34.034870210181836 75.40909149487152
91.1113450317895 22.017230515035635
60.406350929111575 71.39183141800682
40.87209905095045 7.597806798559581
59.316246542685526 18.967035077067575
23.09689509087065 60.326320282894265
60.385222729011666 17.670155138536604
51.819940355142826 59.13859792618901
12.198288493257737 16.68468922213031
20.17346782809445 57.7764216895908
70.96326418295881 3.075285807060335
80.66071263386719 87.10556287875782
95.46043714568691 14.04270412561811
96.41214484384685 60.82987506161538
0.5546251461645668 26.70776142948479
25.855445430594802 73.18400449575334
59.762482634069144 81.73449281811439
31.332975531443672 22.849443947161298
5.5707701478260985 8.45735403111021
32.500559668373604 19.54399680411376
85.08185136018945 35.664966814878355
50.598955154604454 34.17394978616692
69.03342551975221 15.816169295074701
43.62160949971561 21.941676342146256
50.99433924419198 28.091056125922588
70.67811398775792 96.8604435634465
61.33327712861772 73.29129976420181
72.95751315063474 49.99036333383614
67.00658475439303 51.5928695437347
3.6071594484420433 93.87351709225669
46.752462804994764 85.50372684303089
99.52963334555139 10.288717165878403
67.48313577527658 55.76064359036869
80.35031140862968 67.70226662574555
19.63900927742983 11.644225992177827
3.6186820445521017 65.6624998429963
17.38187563326162 45.73737044036355
18.13884687037047 73.68415231719064
68.55294659485034 88.74201911318612
1.140883659851366 3.11319233048436
47.00890646987739 50.17199252019584
60.21948959626744 95.80596348413283
7.364179807778493 23.924624809455242
89.28622326396659 78.85433491345232
64.46232616441166 6.91355156675616
86.08043505999164 44.57060487079926
54.496346385168884 87.45604576859604
24.08037450696555 69.99329190920885
23.410391209853465 93.5937091881393
56.87694852325349 11.999482853824894
53.293559730719785 21.634977348111807
45.7263508300632 49.94768581075794
7.7748190952878 0.6679902785557301
41.61212333643821 87.85050771270821
79.05590613787574 37.640622140295676
1.1962722643833024 86.3188653491407
