112
10.191546524400398 75.66132667397876
95.7392669078882 8.417811000905006
0.24675616272031853 46.9977324765693
12.132202801092484 48.556859018874164
54.89528544127934 88.63459219530331
2.9982969629974265 42.28627461682347
15.245084699095779 89.98191321406831
4.032766191082738 77.7407316086912
41.07805399077016 46.611346352680805
51.06032254387179 36.68175127638968
76.18338900773426 34.95597323161894
63.97205200002828 21.616494197132397
4.088881192773409 11.05481432772837
34.315798897136986 78.13073249200077
67.97757082102856 96.01356331360351
77.78337464807463 31.509053300118563
21.899163498617124 67.81263776433502
52.54016707844107 40.26348054494703
81.71676159028507 19.407867613945907
63.53201990105484 43.20679561855165
5.29021648517104 86.43934766355204
51.50091789141058 37.99257978183236
43.40886535193662 52.46310449736266
46.25653781949255 97.43541837591799
4.567947531061389 48.30280693726296
73.84416057226014 80.85541573509816
99.4991998204273 6.9969593165418615
31.908081570200565 74.03674318525071
56.52883295983462 62.66912218053192
59.51559472972979 87.97475027775694
22.05848760091672 39.50109756362136
63.634328500762315 60.79780726792392
41.53510904263942 32.159564736440736
54.427289068599194 77.95893399391407
17.50420950565926 30.635292068106068
42.90992255384853 34.61854882930109
42.15132521866137 89.30312878312917
13.623164470504022 81.24667729683658
5.771629685503166 60.173646772944736
41.50289604970391 66.24025854788162
44.19276146553644 65.56562474164379
78.70161848159361 35.43780247390597
87.75411989012053 84.76963486817934
20.5640085991468 49.93788015769675
52.339514647616014 61.60345875653084
70.91313782503583 90.84372577880232
73.49589315028508 94.12746011718107
17.74114240728444 73.86213109368292
15.939446902803267 17.333651278455942
53.970338421642175 63.214053289903305
92.61854330289178 68.17365472582372
76.64306893650047 61.29216300892346
6.628429973731076 69.81176858648737
41.44219197309344 75.78908793819792
22.100939661193376 26.19476246694391
82.21173526037433 72.32875373303256
20.192312192963225 62.404285463210094
59.109687205512486 37.43854862181368
90.5841868691266 96.24502545231036
52.66800092618617 79.02529246304235
28.138466668068585 9.584018678633166
34.08846842642236 54.6100144684611
89.8160653907876 85.97025679021422
2.262349377205375 27.179296786750186
55.88087773164139 90.88439294554979
70.91566565983072 37.46234882510288
11.029233767542724 85.9939431387846
16.03477358131543 82.37286842365995
0.01610281943541514 56.66533588100543
86.06527481647692 92.66945723160256
5.022213543050591 0.031356576771823796
86.38516198333963 50.805881044300946
82.60211882148693 0.7939838796047427
66.10588995866799 89.90749540168518
45.38095940733179 64.35356762889782
48.998509044989845 20.334644778969857
85.20313422945834 27.33362532102479
28.341974957404158 92.21605687761158
11.494188875811663 25.212295335212797
64.30170695122963 70.14890969117393
13.419265146588778 32.58274591068017
87.84276765926711 17.277935176302673
65.5531468869489 99.8477328726559
64.83096564614692 73.96675100238798
68.82751467967826 76.27590332824896
35.05810168158436 72.56763966675412
2.1257878079603554 86.46543530442075
96.43059011766191 63.35318955514655
72.45487878620773 34.513927611367166
37.84942750159589 98.94739807702587
65.15607145622509 95.18773966448855
87.9171495642854 22.432694435079014
7.549463047542703 25.84192135872019
71.13591186166101 12.674545029151762
39.959683170727665 18.360128367442385
34.1150440355072 19.710240894183627
87.19216628495462 85.99588390816001
26.83555384821894 45.05367986400108
58.09027542968819 58.08889554138334
64.45599630975882 91.97278871992559
79.63037503418876 50.80782562286149
95.71388793118739 3.400843323209568
9.283692730001025 4.069730841967534
20.350737398602547 61.64761973732935
60.46760934467821 53.9003200192457
16.796699090737544 96.50378199433007
58.9689273421403 74.90304533402747
49.64254106210827 69.30434286070137
10.524323788534783 61.11319494749631
77.70893881753403 75.57170133488704
18.125369041884042 21.19726228033516
86.78483095092847 99.433058977983
