199
98.49488099456272 50.54837685033087
56.818929851148056 94.27760418573502
89.48689110762353 13.315630554256364
61.851365379544745 62.97566222417762
95.08644303786123 78.9657951421088
18.710541101459775 56.469990059888985
4.075429304269118 4.854953913096505
28.302290071090752 60.53406606235352
32.70857108406101 18.862068038073453
20.83621559610045 3.3648085270972072
98.97766395566076 33.335383270937555
76.0526441421024 98.08618406775658
24.53537021616574 16.542107076996437
52.44549187510139 22.732040696603818
28.964497943826796 0.3162644905846612
20.725154970306413 70.81169902877899
51.451054538573246 85.5712217594381
79.95367026785436 71.29981745513953
22.417576050689302 70.48827502415872
16.31881635088438 96.46565553619526
94.22775557006435 85.56609562931253
78.19014661448495 28.30308734197563
41.60624638078012 35.4434196007338
16.333078864740436 21.095588291495538
3.7923837838798713 76.73028145850202
96.51138648339838 50.59915337264294
21.925809537743824 62.108754634805386
21.80641804008093 99.21630553392151
40.21160630447398 18.561226088720474
40.01349882597632 15.76078788010844
49.61641660263803 25.90071117926146
46.080568653597965 59.90924202472747
72.8139600734204 55.410925107239315
21.211784432237458 8.093691478722686
87.0516486565122 40.99351443341034
58.33382362826755 27.085030585554993
77.89797213688243 12.773995084795864
81.26145846469788 61.32103855217176
45.51309782149836 79.1065153229134
21.929362819666252 38.37279142045076
78.5285363915426 57.55432020443097
37.69564348590818 14.500510929396281
48.75371997914081 53.72435353234414
33.75722270459106 56.8245630970616
80.3271288789696 2.002488846705408
48.27742580923543 94.31413278307838
46.6792749559404 67.8332812063612
94.07366822677189 45.97036192059972
1.7234836429783074 79.3255153695463
92.67569648642079 13.374460754940554
68.60140132510256 20.069929452181125
59.86152093205932 42.07073548091924
56.51746649958973 44.79908093896358
12.524208863508813 24.72107357993122
55.47401828426109 69.76152771948604
53.755185006863336 23.908578462264796
89.86994449034826 85.34062199040895
37.452222928545076 70.29136738426733
38.690518324484955 90.9646048901714
28.822721517146853 9.327175842081425
56.34798019369337 39.02648404240679
6.1595092970436855 16.074277262617652
30.698972807181203 65.83698477154083
34.83080100416367 24.93701875076183
91.36126879877274 72.66198908415082
15.156734066232646 82.75302460461951
40.50412376952385 7.457198496248352
12.879557110794448 27.60080531983227
0.8235628775447035 28.229933407421004
66.8664051591144 21.27162280180952
8.762398296067154 80.31887160539218
48.89989438583512 0.7792394159148119
90.95277980595588 9.652761482752648
26.157635430249304 4.47343351482512
87.56523177234644 9.763382491696781
67.4034652309561 74.6102827521743
93.08458910784343 14.838700284688732
70.15897236370738 0.6575614272332331
51.32646026956853 20.869196031444194
75.33616675515255 74.94225670628535
79.20883708198319 74.08279732190776
62.864116679433735 24.515856604777063
42.80609318086407 96.56839241426283
90.84825908690335 28.329602368426187
81.28173996012164 26.04900926517629
92.62531655087392 67.57391038872898
39.824347066350306 56.60067670199555
39.428685623901416 84.80224382738602
94.42359757596525 45.58540096440895
59.739619516655104 82.06457875230953
39.71728809168529 26.241190279100856
24.87675541647938 9.293383636984787
40.459858851526434 83.03789457421287
26.58594036270674 7.436925294022578
9.772785074878442 2.080324000473599
26.67052870988321 21.461775771962543
34.982172544308334 12.466012874142862
22.016832030368192 84.69716570778832
82.55629730919067 87.22395075132728
67.32379329243847 15.88622158036207
3.975010189966155 98.25684176563718
80.90190979768569 71.92646619391027
35.21668391756314 93.31398671662112
6.532009535555094 23.99879559578477
58.50229437662347 20.658943055487622
18.015237275651984 11.852810315218221
3.2439747473278824 58.29123176396295
68.85403898408212 6.762713077242555
68.39334093837758 51.47491975309618
75.26937115542292 27.15323448061856
57.4810109679667 29.240449977208392
51.75965176973107 20.50524155111474
57.164619720764954 82.92763561634978
11.193493353494933 85.22142885723899
36.570614734742435 34.496550434335774
97.6883286096521 9.11267716092431
74.22548519960787 60.51231454939785
48.10126715025831 81.19009292943151
62.71098107597219 13.074562141770485
35.49826748346536 37.123663396409626
50.52244789294155 44.63982089115667
13.444722521481145 86.22537977286747
36.53460637421825 38.19049404735127
57.06505051061359 43.563319972675195
21.552453353069566 12.49971975054417
37.95204213303462 17.924199455557567
19.25120824646892 10.21587796101432
62.0568295970765 4.644530409193537
2.327814283303975 14.753503921740673
89.32913211119585 22.317903872650625
86.8331915430154 56.87079389739945
46.48636202055895 43.58467216049869
76.0024219774963 37.918858730464336
24.60791366401036 58.827914771460655
83.49819064018465 73.81672154189577
10.51684228029085 81.68132581324427
37.05056003391154 60.6010659953906
23.200694077426544 30.75815382993794
59.06371427517028 11.789564990480594
11.955490524089518 46.54403839945436
1.612539949604197 94.71445523659935
40.59123801004646 13.150004328777632
85.25027165100587 82.17189189859026
3.9647618344412106 52.13261796817894
89.24719292466094 49.516818754623635
84.09100613484163 16.09564009464104
2.871584652542214 1.147436937055002
36.71111029878663 87.5326848964285
97.25390512149274 90.88009765711162
43.809740129083366 0.6261024154748718
71.28460431487737 53.08224330464358
98.2192572393418 97.72254781933083
34.77922241054656 66.33653767534001
13.629570182137163 94.6261865333304
73.07190932511179 2.113388790932458
63.923192828349954 63.411785751816296
91.07385159179138 10.665213628119218
12.734949161881826 65.75659044042094
57.059084986801636 88.44487203412912
88.13107008664367 29.132971004235962
20.522027273802646 83.8502477053544
53.11157780078975 76.93763000163042
65.0934084107748 15.025422341384065
16.586927167552233 79.9253338319621
73.02325777864331 23.768092048094335
23.36530958671551 61.11868861562547
76.05820637046152 29.38941291281215
13.579522572319213 25.671024415097378
39.80062326135858 61.740863581417905
0.6720884709911834 40.13278005523041
89.99598356398324 55.146335659406475
34.62492297854776 33.988633655707844
80.6257541194673 41.19542917679111
57.32258897774507 10.32736441337514
9.995499728113321 55.31848668179749
26.25348238758893 73.48846726812624
99.17508042917746 20.559425189341283
36.10738550062966 79.83905447392667
44.61175422266075 2.682958861524165
22.347250434476194 57.758546468136316
11.625620750765652 96.39194902590283
12.834024796051057 93.73997068662273
90.34275465578511 87.93323729030182
47.71561209394285 62.59767881863828
92.99424898409534 97.34361171269991
14.965614053689546 19.492146529662357
30.938694426648304 21.956075987202304
90.44080364363755 76.77358474276599
47.545412412249775 13.750816920877496
88.63544211277417 46.450759044681476
86.9662525277867 48.21467076468786
56.26295451180621 52.44941472305014
77.31090963388402 63.61160264042819
55.36976241502393 75.47510663658775
55.04467421462772 88.67414363620452
54.599834877823895 30.104612266743523
31.16846924158971 92.81185227979861
78.45250761950987 70.96798269033245
82.71522378969807 38.01683049599246
