123
9.146800761327267 73.98548140117911
5.259265430998439 46.65942325492035
23.55480882440315 7.177617678896153
83.50113172460473 80.38117278640733
6.569794351158576 69.6623605171758
6.778322601859155 0.047092573421270156
57.80714589664081 39.422006422642674
86.60150598029378 51.78349408243187
42.607256119839 26.588734807121416
44.15104389928639 86.70140234040026
15.26899051572881 69.48499999830152
84.02108813221318 28.49700925686558
28.714053583282972 62.21385644203251
18.039783722410696 77.0833548780704
32.73247725964723 26.199332140660392
85.93864674786762 11.970687056948293
84.12071722100283 11.832044386744634
71.02089058879517 8.384338282604286
90.00668141456275 90.2727181450006
30.27424721591284 21.872083158802425
4.107265969220952 80.82747523135447
56.01651795578866 62.209922151945726
63.08280103484557 65.24848002956125
53.74786329682586 25.919990432772522
39.64170262318648 51.616974446969536
16.030345513804857 9.241094735126943
84.94460046370591 18.085608908150906
44.4099848426767 0.001611135347989734
13.779774577385439 29.109814691864543
2.3193787046795533 19.148084035806733
54.3549976537987 44.360819014310785
90.2211389718431 97.74408938526918
20.160745971125937 3.9259873246367927
3.419140687213873 5.688235004788078
79.66186976679191 75.31468732239436
76.72507186454538 76.61328313176608
96.09890917369732 11.322706507403035
42.766643053215546 2.756496569612643
19.07285548292895 89.934867461152
95.42627352681859 99.61789002646478
81.2223662100239 53.10394807596517
98.48138203131907 3.1462252606061947
81.20503341699987 49.750466089274084
75.978803298425 10.315437029597263
79.49281279836089 92.50671256037175
64.11629169563373 93.83959427634879
52.99643832728877 40.741548161250186
0.33456300410357187 67.4191728314277
29.97739678029966 21.67680614199926
63.946167683680265 3.671439295587464
40.745814040315956 62.71005069859985
3.612810277657663 49.9140987313824
8.185500292040714 52.061310168874776
33.20886604293475 71.84088686139458
75.82648701471079 26.328024307626485
36.548970012154584 85.26712497119442
86.64351255359503 78.45439297842553
31.660370987502283 0.8849160937062228
53.334188899658955 53.431938854719185
93.26975780683483 42.259365663387335
97.08785375433294 22.304949400805928
23.227050894675017 80.59795462837758
85.13446258539228 43.63352129890136
86.33020006772033 58.96736728778437
95.85846796488686 92.7264294925457
15.034563733810058 72.71590614645471
29.60195797581291 95.67455220424996
1.9992120240122646 93.04543612781
12.002270659731229 25.92532726523684
5.4073251602992585 72.2396463971344
57.00424137234609 80.49022641147427
10.775287005445367 67.23210501163187
40.433545883857356 45.88351570742962
44.79361720905813 9.879437708804328
90.43693819614603 6.767806531847231
45.56909210094713 51.471606032803464
50.74859349742808 91.76238969158
28.22842525396785 85.7510346489457
73.52910305162352 91.20482539218975
26.15178342753085 60.55033338017894
14.155780716184285 75.6462102898012
97.6831258602695 9.911187918707231
41.49513689136879 9.142124573947141
25.868103493916816 2.4873339832345187
33.48131248744127 42.33486458596886
52.65610918176415 74.36759290273991
75.46131055282434 69.59566761454475
38.44143461101272 26.94310990888964
18.9458431941507 27.82213756255568
40.007059015314226 49.63595159913372
23.745086468674437 81.31405208900559
95.41567215517465 15.220035379268593
33.05724509273903 91.70937635966013
98.75000908071546 90.9326151683164
66.49675596549402 89.91389027148048
51.675968196345565 14.577561912447855
88.25215042902433 54.72448157584987
69.16205537458566 34.82971089238036
49.194539390973304 65.33228012395085
38.53017283218141 6.363420285536248
28.59794142128137 79.98623015226332
88.77154596983078 4.590759744328354
28.40068539833459 4.065795914601001
61.91233401128945 50.517270097460354
5.247444439303949 29.129705844525432
5.314099825476104 16.11630512641962
34.4264217455553 72.93791724426329
84.33185423434257 13.694508722442167
18.831446815266684 6.0373969315593135
72.60203140116704 24.012308897451163
49.2229151087465 31.63548624826591
10.447663230457815 43.07860363975586
45.38256089424434 81.46847653147226
79.22090029491086 23.372722984770945
95.88978458433547 70.4352367587141
37.00321552331861 47.918993611443625
82.9863520654925 21.738858570840925
88.92522718921826 57.04731852393981
59.470873681331014 39.430116159611615
87.70014148951162 56.1323709103292
69.67670937174928 12.06502650332495
71.13426871357017 40.545349487057145
2.033783541200651 99.44336443993575
