156
42.91570161289524 82.90611213478867
16.62503497735245 63.75296436230601
7.134921361658209 48.66041826233206
69.70853979400088 57.71902033349957
50.68408887685932 46.77841252099677
15.863309510108369 15.020634665040811
94.50284091781688 23.277825533402606
53.66418752284113 17.42404734619438
95.13622552554017 16.15362177738038
66.93679826298691 74.62381369618888
65.53549049380727 79.39340658681697
60.18882174823753 47.74007210579229
50.113970246800335 43.025335150708656
12.597985374841059 35.032241339100636
84.79643424580345 6.344415350602151
61.13154214314158 62.942920019370305
52.650950562504406 79.6492823982711
81.99877730063356 80.42925395253415
6.336481393085203 51.36590307926504
45.482977340337364 48.609493391926314
18.28626113478614 14.849802311198934
51.69127743140993 46.114833309913436
47.43617056811327 68.7471077236114
67.95154138590355 65.17864066904814
30.930050818081344 77.7414831482379
99.07667404575554 13.54421896464798
6.697727347667004 21.977585514081575
77.77222146295745 8.609267842021396
78.4432045897455 19.26103883454362
23.800493248398492 3.3001534946072386
5.317067190048064 26.700816969748253
62.14242718000699 0.34287927428295895
42.889104107026924 9.130279194611424
36.81920631485628 12.626293379682817
95.64700098190663 76.15623008461799
42.93160412329128 81.60777045503319
48.48809334815909 5.2675047941678095
8.65856379073875 75.71736002409602
22.320462470024626 99.05946320906017
83.89654407241513 53.826939495016944
97.90135119663466 93.32759201325064
1.9784917199186292 80.26427245247551
88.35711161820264 50.166052534657545
42.04412408614665 65.33024323327353
61.36477541321545 9.290636906698735
29.19117310975661 77.25510254707928
3.0049964080476887 61.19644940668516
72.23760588637572 48.888667472371324
73.40213041468476 6.819291039473418
82.12031243559022 79.24248046042054
36.20049127234337 83.91323847316016
8.690552464113688 58.11339671714985
84.00667344371607 72.83667672426293
90.63759487369231 20.422959990025223
38.19804973197719 99.60445633730042
35.900494037839316 65.61175451139016
12.244547333804622 20.24464970107993
42.91154997007579 85.04759428225498
27.299682062517185 28.98099395182302
31.737092241396216 54.07391940182292
4.531069388513165 25.04951578204676
81.54397165490556 72.07623842448906
47.98555683252616 85.93170275595958
2.5976668868057606 57.485510380220475
41.40226425278974 62.15234576174523
67.52086107999428 30.770201233269823
92.7120473303442 2.330259017986225
10.335488493268297 18.73037335943638
45.232733084484956 1.1589978071442686
5.362893970674943 13.709324507728393
68.51810255291217 74.89531228367451
75.75063392825155 21.66282804631582
41.297868983172656 50.10013625228883
53.4120848928184 73.31636757376808
72.45697081229146 11.553285408414949
61.29248048108289 75.90602542467244
70.65518008968601 87.63734434714935
45.97691088069339 95.88659298801838
10.592913292918704 28.827026699016823
84.81837556681674 58.8903154500236
97.9907644497528 64.03156867640385
70.36025299217187 2.9210532785532206
50.659449141207766 51.816337956645974
34.196486998211796 57.378365146248946
8.002188294229839 60.1333179821622
60.56434849246236 39.177724747903596
21.716626104941504 3.326111870962767
71.07033473510334 82.67851184864146
44.89501771242349 16.422335293665956
76.07420839513902 98.13309452237789
44.1396985051749 70.11750775839073
56.15415016213704 69.77382604286872
4.8533658478459145 4.114467749993245
38.33313022089434 76.02556703993164
80.96084534273238 2.5225545292543727
38.022506039171155 61.13318583672688
51.74145038153758 96.4075650226264
43.08441145944173 76.85153719730124
67.71429167771291 88.58021013875505
51.91530887751989 99.45649996850925
60.52165447680156 24.106400594132015
95.9955881769017 72.57862975070802
10.740128395347048 23.254993297129577
0.32398667453694685 63.438999741783796
45.645295133549524 31.204007659375787
18.375059942681272 21.861195666656684
57.11752491334596 1.4976438125531177
54.08900448236681 28.771867311239397
82.5006188824293 68.54199701941192
63.477541223139156 30.76834444134706
27.356833726285778 74.70781870865433
75.94394585627823 86.15329359144093
32.41578219288772 27.388441579690593
26.593321702457175 25.649064565171177
12.145295127898514 58.03381609756892
15.427222532583329 9.33343549908675
72.39431470046517 75.9821390491777
98.80373381871436 83.94954284891209
95.30182528455208 13.899224455651616
65.44686180694104 66.00103166062155
52.12288123646144 44.14125311765509
57.39170376568312 94.60565459888815
10.040139248712332 74.53015525742369
85.1137479978692 55.35572119021164
85.971397299746 51.509251077386054
33.63099203309658 36.15645527407455
71.28019574118241 34.05243677321425
13.278872566994993 48.08116050243062
20.26810471804258 78.93118578763954
11.401617093412952 54.3853932882372
94.03604923245233 79.16634456429433
54.133705137565514 16.537134212538795
35.82938562609127 58.85957797487439
71.47694305645075 93.77016168748665
64.20991014516439 39.86639389807336
58.02137619300384 71.92645367161981
59.245232100130195 40.465016410157084
61.06406659073986 4.384741205823439
21.193630517569485 93.46269783430084
24.540504372774883 4.133106067418724
38.836550156370585 39.96429545699848
15.597901806607851 9.235816820068877
40.43037898705843 69.89935540457172
23.942350613863827 29.382217911882503
92.84983719232225 96.05270778193831
0.6987216175175504 11.353029997170161
72.43586922271665 55.06172159377005
39.03657630787365 95.97608842672304
54.428061328432776 0.6675841570993435
56.94717719417014 24.81411234848572
24.75419339376418 58.1499140945767
32.59539650049212 48.129333607094196
99.05415257245302 79.03848709625034
88.21569627402248 83.73535756418747
34.36105635111717 30.760456226363864
8.537596330707075 80.88195585514138
