178
68.6664883490904 23.34045305764191
73.69879530439007 5.703792061222801
30.073699476745997 94.46495751392791
9.30631228408576 89.33013224659719
79.65486705120266 62.34767333417533
73.18018869620313 79.34729306208865
61.36857346099792 62.379332619126004
34.70298789258207 34.26819799389019
94.53380410033138 91.03527454523531
67.69553220301012 40.736564569636016
38.957614541897755 87.91602044485431
75.2834799343096 3.2340258889613116
54.32407600158643 22.271598158705043
5.222045304948186 87.39530583475025
77.92816280168984 44.89859274172044
3.6655996884825015 72.68853860226812
21.72683119594495 18.706994929383402
20.919892260241525 36.41034109512776
79.55312059852521 11.148113374931034
5.600274933801963 52.26571456870588
9.534588309533042 5.492576468941646
9.934379435975039 90.95484111311197
72.82450769724996 25.32556752986087
79.27772993783692 79.20738390184073
52.990784268578 93.05082946037794
3.857899434193579 84.03981851649984
14.426411688581542 9.49601855788661
9.156861138158979 12.245906034934539
51.384521602133745 41.98781954036801
82.87069112449379 4.087420273779719
38.58128571447664 55.93062967838329
69.51037035054209 82.38429344217559
18.0880983571998 47.27726590863649
99.24835953546882 9.664663947322193
43.01228985061064 41.62219560950877
0.8557362488167297 94.37356292251387
80.00581112643033 32.48059015793253
51.83726588416151 64.59983863606197
27.45095781680964 39.50503534024141
65.05504481543667 63.174893021147284
70.7073714713183 19.396015764285423
55.609611383061406 29.74863178690249
65.5194199892687 69.95205276684558
82.91371229087828 51.38289452233804
8.640237348639278 64.80365863362717
69.26309991530108 6.630893760113521
3.976565899135609 36.515820965775426
66.56551167388238 50.823817478946985
96.94935158058081 47.32562124778463
25.743445899406158 95.56309709417366
89.58700106138522 66.86466743051527
6.08742053031931 93.51407311910006
58.552394728095734 99.26912924421107
58.79601130254408 43.21819764096709
51.24021594996224 3.052738353349571
73.72537703336415 56.29533215239947
67.67379305251116 90.6020467348383
89.42908974472665 87.32354949923065
94.08035830696645 39.694203831524376
8.954262354860465 90.23325875314212
89.27745503793541 99.92546016799089
34.398157403114915 75.95818857132208
90.1840144031218 21.761165425748985
78.26669019033918 4.146804711454988
28.762800061497995 36.69549119003893
12.695894213577885 76.81729617650079
69.75201150901981 65.25273477975873
41.46798978408518 47.97627669538831
13.731833133398085 86.47582857136965
97.73254584376015 71.20039619186097
64.43608497786423 24.038852380560083
67.08384137044528 32.13421509577249
64.34982110192922 65.31326301252119
26.1047190490426 94.52031976088222
46.70671524668123 37.92203183085956
72.81083749713288 45.866120491321716
50.62251041807985 59.48914623015214
95.30926654636835 12.311173705915724
79.52403423464276 92.31213891410523
55.37980764786459 38.353856179094905
36.15991217754567 90.91524230872014
48.419262542991234 25.184212205177992
66.74120412871581 1.9848426448074163
61.00179437700912 92.50730098153667
51.61422082531899 65.62175698209455
48.92387177612327 9.724266730511333
28.206007862633886 54.421987158870124
58.67473021962347 62.28140907398401
85.17045581941272 98.58962231487173
89.57001351710277 34.51805109759856
64.76236073496925 37.07323616113103
1.0411151396637064 17.97113000531351
44.81230205895406 41.3971039247545
51.87392016304887 86.23728216173264
90.11235467988581 52.49395764646283
22.41183704956258 78.63187494889073
45.87218904185433 65.14450082598661
63.82466641368254 82.18770446353071
26.48593322645132 0.6778397464631714
10.437731371231706 79.11753754668923
31.560907288393814 48.16973722598789
74.13793480097509 31.610539106056347
5.731823284313253 50.15287012921432
82.48867438687348 65.19641012637928
11.033271372808839 40.37368481922897
22.568936217489476 64.08062513604703
70.3763948090199 75.82333326863733
22.385951131319636 83.51126951925745
49.59779892492059 17.28282050643578
27.112942171810918 68.5095641825458
19.445263945946635 41.000144994243385
19.53972419170247 76.05064112427065
22.5709800691157 0.00037383210120811583
31.845820748478605 80.66055823285049
16.79686633696361 15.607319481524485
79.49591050639579 51.810832612246905
11.753411540007718 80.58766205090178
96.50822040405846 54.73211550017242
61.92126791773638 10.956823364156708
76.06676389686147 13.998105091172464
21.867059243007002 52.641799120182185
97.39460120943734 7.069716083099609
69.59096447589394 57.72059235447992
55.26657210729613 22.78043310566744
96.73155143971513 6.670946006548806
82.05339952851902 69.07294679339645
5.05001379179264 58.97124835817335
83.56474229765357 72.25591736618264
25.710184426669368 80.82059481082325
53.45817616725027 86.44151370357436
58.672673717569054 32.404028078853095
90.99360909954537 61.24430377672147
18.166211799075306 14.759256313805514
85.55609481769481 73.68816346225057
73.6880117297897 31.93002311357709
19.383210822540654 27.17142200446323
83.07701374205135 13.244556085283744
18.566065969588173 50.62660201874702
24.342370177173212 61.037963640898596
44.79193645627376 54.85212828027004
59.72020095203084 98.60601795030183
34.67932370792355 51.506168977542046
24.727848672060137 46.791320045467835
61.03460135074189 60.03833166346209
0.07563595504707088 63.326990320429765
97.02418396411908 99.44955656557131
49.59855145841509 40.33528441910925
46.875848202413536 23.172277546768726
92.22300954832758 46.40244590402125
47.83221088298306 58.0914619980715
20.773038695933288 2.111393331939082
65.48665844000227 56.12970918317518
45.345273128041384 71.70952410125953
55.521594124323684 55.32503626934536
98.63972705380917 68.38908700892866
55.575261842798106 5.442709029378356
84.07763151719074 40.57233208970904
27.99200063251803 67.61503785632542
19.21232770211807 71.5035402786643
0.8899870283403555 87.91272280175265
75.6052546834431 47.50765830536332
80.15998096768774 78.1552192315631
7.36200579515004 54.3752365234137
51.859085919745226 14.77134189306012
25.188794966498463 75.7929055363974
53.61404855443983 93.50203433736455
68.70759929138258 60.74107460723798
97.14058066159659 16.408060309880746
19.12402477689107 25.665596919144583
71.04781371565878 88.38623264616237
72.83709908147704 54.40851815940631
40.39504474738721 39.65828280271255
14.592468135745607 72.95478460574428
38.988363852732085 15.767623484843241
38.147826503155635 93.25810247055458
31.98448176611941 31.193336411350813
8.507832886423039 64.16699453156421
33.06487285727467 27.10706935685353
