136
73.59816680044608 46.40608919528694
1.509798081487157 83.56624437727108
12.83083023819045 30.96000252250668
84.25905941892466 52.3301823180693
13.370029605960065 45.49409205995336
84.63617697669108 29.435083103157055
48.57064512758345 15.44494857748131
48.55003930066795 88.26399844779156
45.44602023379023 63.6877645281325
22.125098137278876 70.72026647266655
50.590687849135364 66.1625906614583
15.855786955577567 26.259133952361267
19.414286608642694 31.820842036204933
9.047003786078722 84.43065284152405
57.44321939089557 80.56855815702332
36.672331929597654 77.89998739428276
51.03746641693019 59.12806662213364
41.606134933061426 64.66320304047652
57.23266903471406 79.98924361533146
92.38263908641979 27.098718408876145
18.93928757106722 0.7508813794588343
1.3047509725223505 93.30867977660704
16.666715603778314 76.35617184028946
9.366981656090479 60.837031367990576
35.00677603797291 86.81608561453237
67.92860291026497 77.59180694039769
24.097165054372006 74.02298047695676
43.83695256906912 1.889119597595712
36.84428852775543 31.87832596191288
10.536897212455354 88.62582234022499
19.058047134675384 90.1744239762816
94.94527369455572 82.36533577060541
57.089849212772826 80.75888328529687
32.20037040680723 27.47562210906732
64.25770328310429 78.67126065406093
22.50989759117079 51.13157167168375
17.946634385358497 13.895196537326681
25.362140275843437 5.804047879514518
37.86231245923675 89.20180468785809
52.131134760541585 74.26501579576762
84.65222970353656 56.726691184562014
87.26582652138026 40.25229339421039
96.58871656212756 57.20475427979969
80.87775750658734 41.957530028477684
87.05526839825963 70.88429100008821
55.4007180736082 52.19042037049426
97.42852751904813 85.38697779622915
65.44541449555538 73.53777081936437
18.81707546076583 51.219541067419506
58.79380519916189 26.908131739358065
72.26989036389448 60.8374881217576
52.44002311168913 43.21933099594497
27.008515227653728 38.71104535689282
30.841153995999715 41.16019340279865
30.84280878527037 17.67845169772807
7.292826576433587 24.017760280610823
71.36408588493909 35.41261692644506
22.825071555038534 73.8036795512499
0.48172072349405015 92.62673287561435
61.49655016455549 67.3873223933549
14.129628483343238 69.71109208671189
25.702848046632354 46.64429213488673
12.05549191781843 93.92950341087877
98.01849044110944 76.14021016634504
75.72725156838061 72.40442633348503
53.067352958987215 35.582026243046194
74.0196563223876 3.4788634937158336
13.71284763099332 37.884893670569234
32.47725255766586 24.47705336578475
21.94711405689359 6.6899259144880485
72.36160536578706 47.160236162306134
4.1398263789958145 2.204342623221145
4.017466777132272 18.586015373879917
99.06634252120884 66.64147726822164
45.566550163337915 82.75961335721789
62.20611582970583 91.06613902742465
23.36236996965778 61.76261053241405
42.62337418740313 95.48205048020766
86.37969547926636 19.212131704721504
63.846624709661725 18.362120665470847
13.876854090773739 56.77079330368824
58.32481161809089 9.546724244206995
46.2690493524883 39.77184615926881
88.95999224906303 23.71247253403671
79.7999927265622 71.1686471578053
82.74389008619501 20.448912316038747
25.62220660802752 43.10034548264534
77.15731427110548 77.21029418683995
15.402521892578658 87.30178101335342
77.33859986782889 48.791672590777324
1.6459848197480587 3.6024162531456683
53.60826413326898 22.97946849037803
70.17524661493691 62.81798662771706
10.540478453261471 84.31385134036348
52.67493846638322 98.06180555928196
61.62848069936714 8.129792439711082
5.606735924636819 47.89417993797576
56.48086428050056 27.24626189786704
56.501054562123656 53.972799871076404
54.2458306493839 32.14392254443086
37.34160978379021 37.64147130276474
80.21215394795622 49.010789066357205
26.660701116570007 73.52139361869122
25.136437482096387 9.327825369749199
15.367784322300926 24.635894771133703
25.43136039324225 95.32306037768751
91.61528691139308 13.68463055932474
71.91771661225029 22.407741566553497
18.92364727098208 12.145957785055483
95.91124569676747 89.74952182572534
38.51018039287878 11.656024510782315
85.78435909226309 16.16417122244327
79.16557993501657 1.6898492971202828
16.453474555601165 26.38431463917722
17.865823937022217 82.77801839339266
12.991899236578053 44.97278110010853
80.9604932426586 25.779595837800095
68.53152956963126 5.400237186249046
0.07706702307410662 48.43036399623689
64.58811238239088 31.027795872092568
28.507490423334236 60.909629810282254
4.323042629297092 25.487500103494508
98.83591905304861 72.59982882124629
30.419932928754044 19.589005355373246
22.73170441627861 93.46793999857248
55.082849235235976 82.53563784487234
95.06286082859712 65.3995793625252
17.087453856921485 73.78122484467656
8.716841925407016 60.84062046616652
96.03943521790032 21.937407911721984
80.60701433087864 26.416530731486155
60.568746334841194 46.6516570602642
94.19501915670585 69.6699314579704
36.065210862051835 26.189731489293543
1.2367055956526762 17.704027038241843
55.02517249173021 75.28910454041252
