120
24.543062345832567 50.31511918716269
35.81159156169424 52.25089921014845
55.06294972389579 80.94040563955252
12.894858667982678 61.62149746939309
93.72608302834013 44.2822738209881
78.00618100366738 32.16776162178786
98.8239127223216 91.25401767956907
83.28488709571906 19.244613971114997
27.502844642227544 81.39603834909748
59.7859515611899 79.50671280345263
20.366961278252226 58.00002166214255
59.486217388708226 20.207278397475324
28.722656119534506 94.69735333448763
24.290855879725115 69.06331592587125
6.935789385506929 76.84243113557424
86.9340171189865 13.438715564061688
96.44389555876386 76.07549419978183
68.28867534063878 62.81124603809927
71.967987775642 44.491190492029084
91.4503475987022 32.74602074792203
69.02950254049944 80.33135715568409
0.7835750340562164 76.80413037243213
68.68417713328489 92.6366677541678
88.92762764031603 17.30181837447833
80.6589994651749 13.023958430484361
45.64834338312996 39.4148202425743
26.984846316800592 40.86909105765716
26.932599177594764 38.868233713681846
28.9998743622643 4.332648627519475
93.51402921250555 44.12242593061798
55.475527753481956 64.06436815801122
39.349908813905174 89.14462750164856
10.219362216576688 92.48506691121
83.20907468805291 26.120535428465562
29.254682229447525 1.3999924552712928
85.41975445118507 24.822286980349695
34.958557250006486 65.11703379807021
20.833235361605496 73.56303273596467
95.43604629891561 53.41351775178508
56.26407764936643 8.998956139731662
38.659264259351524 31.679893111319224
28.736598374092615 45.69115755492126
58.434037706100604 1.039232304389237
7.966012764879404 9.207630690987711
89.43271266117101 45.25214446855787
44.91053994560471 38.62508974064633
2.8133927246565937 95.74168634688274
41.57213875379108 74.71381939672858
85.3806075104019 18.160673756830036
44.90482020404527 31.58582819476069
50.70230809045591 65.85993059762797
83.79002740746196 32.86805661051929
45.70232747353794 45.76470705483279
83.83785893122031 25.968208980952124
23.792899578728044 55.70252682670526
33.26871263761522 49.78228785655311
52.68155574054708 13.23080041069602
53.12844079327432 69.13126733881982
8.213500807299567 55.723948656593905
72.72965617141136 6.396295483493031
33.127448141055446 98.57943751094402
5.207585321478714 3.9118076723679063
94.73459643284443 47.53906112527406
67.02583667377073 79.2466590082325
52.19390598134025 45.089842375725354
58.739198689138625 87.35277218210452
65.046847873066 31.3341641954878
90.43833320476882 59.87593661803845
0.6109371642827321 7.073377609227894
39.469421232390935 7.2322224027995485
41.31771917108659 64.7944123470153
19.923576214475304 36.783019243583446
3.6276582454172646 30.200162561964316
50.55417995444312 98.93555866061699
25.163955351241963 84.51311302042997
94.22471622133263 8.098053509660863
25.974491891225583 65.92676263519239
3.233422874259062 73.83267053214763
29.215628469179645 93.01945197397636
47.1950715013408 0.16182766567103268
7.2485934042077265 49.96441040374992
54.79136141965204 63.72889177269754
72.77908812404613 84.40590494669576
82.55454475570457 80.89408866170848
33.097203764347704 89.54446269818885
73.20385712371099 68.45286296381846
1.1185846371410402 38.55321627264221
59.677205571685235 7.655113885706721
45.24942655300743 23.932903102303392
34.92981210334333 81.38725604538975
18.555856806131132 26.660004817960115
9.565473167445482 53.972669639693486
25.874121381724212 39.278492218851156
70.100122184311 71.32874407137514
27.423361622161924 98.61847157402775
59.73734182583246 32.69225625137355
88.8907813529572 19.949957279559914
72.32946815907782 13.53376140749214
4.6821646084661435 52.03040240750919
72.05826033626577 68.44972934725735
85.14054732229732 36.403455546950866
88.37946651869083 69.70451217354487
61.44484781370032 27.585342527159064
12.037254376520867 61.29529297102715
18.007280545754124 4.18364324546725
33.18143648340456 4.853442803469299
31.02985999660127 9.053216791040153
23.185705789843112 10.441295173094456
51.28272549906444 12.458942797230288
59.499958558369535 17.14336045768303
12.608469523737298 12.623699919506237
8.07983109727446 74.45468959570871
19.551863376647894 41.74398406032017
42.84676505386542 8.375226457163354
63.35399193679944 56.160944761675694
90.91548955804217 83.27891366798697
73.09933500439428 90.31338575132104
74.09635909730322 94.82592800378316
83.47066020947467 43.76279907695984
60.6747817749795 67.92748771462101
