107
58.02247668642848 74.30087425454668
53.47645849551208 26.858042407586257
24.97463128690104 69.38180819405122
41.711852242392744 51.252792085556905
31.265525127475634 53.79225112880262
22.98778875691876 50.46407259354201
47.029269843214074 15.259757322517265
30.279661251124278 50.19592866607038
75.40219288599066 40.63733883480347
27.745014891412367 64.03726972155249
70.05781167172984 91.30373623097073
23.67109232444585 37.46995061176899
65.77492811779312 90.35779364939998
94.81652834032664 14.127487983448805
32.15328886869846 84.11333848848128
77.99808343263149 74.3595800843077
17.410146581305142 34.16050136321789
33.70105633368112 81.70360940528242
17.804149750255416 82.80726471315856
68.22431341703701 75.27162442693204
80.37629688846775 61.4815502864705
62.66563302986654 42.50053493786332
79.22918567564992 68.43764371854883
46.094719381999106 47.578525691032645
55.868290314174516 28.245675174294693
2.0293322923246926 36.93617077278042
45.10432824370842 49.306976566728345
7.960578008533437 76.51025235482042
9.372938350524008 41.905741125805015
74.57933246283515 18.137930621617503
58.39624763359931 55.619614683308406
61.10817070079305 61.32388502732496
53.64810326753447 3.0443679357948117
22.28322116935534 71.10297500437115
45.09254577951709 43.71240825542391
28.628641346999373 98.70400245887858
29.898836838038733 64.31110741603693
61.3556406879447 22.972762531383108
88.6522953037566 81.35501028436386
15.177905404736325 82.43095404692485
60.56705516012936 20.46943667364315
70.16906672914894 82.94202001573257
6.711799640662686 41.156886928533154
98.96406333485798 71.35535830606216
10.92823157865367 56.83479609342362
87.13021652520489 2.162840325661819
78.6052369741766 55.95464939688407
1.3155957387508188 33.1177484323645
9.794726718246217 24.71125085628185
43.392369097277104 73.71995173064406
42.59373779752639 97.42249615012376
26.227364471857495 96.16676547474987
86.24089304057262 54.37084502182583
94.97020686269637 87.26296352523416
53.187482858679026 52.81204423625092
55.09999150079293 80.62942412365044
1.4367052033352978 45.976088253626855
37.73075774229465 15.670709417899554
13.00954671329465 87.48017244905277
0.5347453298439442 28.159208168266737
19.16486942041036 91.59112234448924
57.84310557120184 73.24980014939267
55.01440262152801 4.074489101191658
94.6180786680736 25.525993590315423
70.1080833861081 17.317403688780498
70.20947793825513 55.06270858786618
63.51399719750793 38.72223341247576
58.86695518256131 63.050025476461926
62.74484818407172 84.9808133881839
16.836833402748617 66.96238420579174
89.67540843118475 62.51844514194082
14.643317528112954 38.72139840353416
29.230780354122356 91.74538632410354
8.413195578414124 65.52955880646066
63.2729725039868 93.84783571842755
20.449271242112744 55.337554552684956
88.09241833545721 45.84576656718098
49.001772656987576 24.534159868442284
92.57990993112854 69.32855717646162
53.468835634218195 94.53096880387581
70.26158290102865 39.44643590300987
38.02800199923093 0.3962025616624065
76.61340236630903 5.579429930564695
19.618220047599856 47.51677551819393
94.99343949599572 48.93739400371517
95.72474613597025 45.03287117016889
0.7725955178738086 85.2558082202709
53.81241857721489 75.73475497749162
23.65008653396954 29.26685760379193
6.177825327159514 38.6012403934089
27.068087442176292 25.283540697635654
39.79777551547351 92.58370051060056
58.0991511198107 36.70749004368158
24.202192874144867 85.27749542719677
78.84394431218044 72.49515599049784
91.62135970235404 8.1411165777862
99.60958081649379 19.270334682981172
95.19474732764635 93.29934931284538
28.536049615803684 43.30441805013232
69.76895564500629 22.155876119534458
18.610486491878497 80.16056164549241
5.660211278576421 34.30879458560503
60.966536144995445 95.29672068580939
91.85918842038527 18.982280027877664
15.393575784877623 56.997173347839215
59.04363035140899 50.4613926802145
96.8707150288228 94.60912866023293
