113
43.9245982822124 87.91977858240467
32.867767493068456 34.372975390241024
92.75991664526178 95.02647511189829
15.640053781711549 34.776941596303566
59.62855984583172 95.81263406812052
53.73634436819087 64.40677620361562
23.439226739528507 67.37512046437841
29.13641843178283 35.373751346980654
34.632188547631024 26.03378882196752
5.200535244911153 26.33203046891167
40.07933287069916 52.01179982089267
25.250453371939784 20.454305717359144
63.314050042129 75.3748435684601
62.517430811980034 18.361726412129975
70.8635530366067 87.41622349955345
70.31371160386398 32.10668709207825
49.376911026493396 56.06031012978341
88.66361080415116 77.94841528578576
7.850831659204416 73.60763771852518
99.45870797683185 59.865748714946236
2.7027700137765676 0.846408151730571
43.80920493089563 18.517777197210673
9.679244876040682 97.61554670297431
90.50694505194224 98.088872408182
41.2944885655459 81.29131723428016
27.00980164166068 46.71089588858967
50.63200971225847 15.278649152920831
6.487985363706505 69.01244968456581
39.73456629499249 82.81742043615374
36.967408117356705 52.56194931979054
43.987225313881396 19.564481670602873
57.11891210793103 95.64506995129344
95.4004451103932 72.72299561436309
89.51484672842282 35.17005973946489
79.84011461983424 80.36750235593199
81.62664659206098 42.90250162576433
68.5155735111678 46.28674044904696
39.36871154129006 89.05201862401123
23.19276106257664 63.54672552960966
51.82226831693073 89.57390356904082
26.80343827594277 9.660358132520752
91.692943132533 69.05814774715238
53.75177751963008 29.29351683071859
78.63462020545084 88.33792623057845
17.863462375373686 31.235129140444705
12.74317942145895 31.12225094188281
73.28494851774033 3.9718367391209597
75.45968969374015 62.6155562659464
96.0289344410678 34.68587204450859
63.224854287687734 80.65632348994738
2.890607589027405 82.5760360462477
90.2968415422061 56.00766734671989
70.28639158575693 22.213533295468423
5.277545518882409 92.77940690976459
48.8652198580027 25.12119833580003
71.80203499315687 25.973839011620925
37.6041513737104 60.08859447759698
29.04703943862129 27.886722002622733
33.259782832106 18.73388261360265
93.93253360264069 93.6185982880078
34.26721391398348 66.38141220010331
76.32747766757996 54.344893773292114
41.222707918660994 39.1883676009825
50.18544776266738 1.8062722722861801
49.46976259675928 87.71331110277157
12.83562025692363 8.701072243184793
14.912357870031345 52.65414498643477
68.17103618562626 16.329595356264193
96.04393033233434 6.335250905775847
71.03204642773828 3.874828861133517
11.391902246890739 57.344436441960056
31.98317449474809 40.59288628232838
15.843667976381592 87.23001770762316
67.66061165301046 14.051902495321178
23.42701514152463 86.64130269738106
17.539088669000368 99.93574920123736
15.428691542742579 63.15362368989403
36.04323234895245 5.221622833766171
80.19560463121212 91.98180884261056
51.73592102421167 50.45937584372546
17.256199978303755 69.3486921912788
7.148713383667882 71.50840377599292
80.2908976948505 21.216121018417955
53.82038266998109 74.39074650987484
79.87998428407131 31.304727589477864
25.27907563269852 83.95055934702957
13.322558856513144 91.88205963988216
32.5533103593988 46.826234098284615
42.03485518183043 1.1198666398521517
91.65207066762247 67.68241026976526
49.007695708042476 11.947547501897793
56.75835085326536 65.23921823058603
44.45251516837943 63.156774618565656
41.30245458561075 72.74966740026653
29.347809922206945 59.13345663476589
82.90547159743554 5.680490929978587
97.27307422751292 27.7949356353678
0.5821522004286317 87.50350345036429
72.51779181286884 14.331302822724767
71.66040512220312 89.60398545768868
39.18687357947416 88.55127768218927
45.81605439778702 52.35208398725704
24.66172582299159 25.780595731057666
29.841340406553527 14.031472152768664
69.54887584144565 47.08499405950952
73.51739225577046 5.70054734273554
95.90191197207295 39.22658325598363
14.380466572673322 82.22022902315467
30.95048371154727 95.61956556413885
69.56601780419065 23.46098932699808
96.44740316744459 65.60933650285678
11.468871128174163 38.28233180831757
51.4198059058276 13.02243200642057
