20
72.44776467106524 84.07123338137269
15.785255564956346 98.16465686854029
32.26069231571107 70.38933566651652
38.04673454104678 61.492371554189916
20.79641924189731 72.66493423299836
51.70955563121697 81.61313788093814
28.40710003336814 17.394966271875745
97.11547519088275 56.46893692055228
23.896144740550795 27.258404742247656
76.4275885387097 90.61183813000409
59.34713659672346 62.05052495569464
69.73817490832774 13.52887033876854
98.64869583540185 45.83531270258451
64.84409516561222 84.16462617839247
77.18019940064215 73.89896135553784
4.516004071934699 15.161633119977635
8.217105512564816 37.63597398809792
79.57255645600108 12.864113797814781
27.629800515875182 97.95527270718932
31.570092562615503 56.93930022813088
