192
3.0452005704979634 84.5649596360529
93.44172542546166 93.3001039549435
8.306761400812112 11.466906630566298
52.30420988112593 23.733924477669966
98.58933145207726 83.70733334464411
83.70260527394623 59.8011158284859
99.0235221225095 40.00043149028721
28.453360885007704 8.837799944435199
48.535665363645734 31.74170845887636
48.1430785144041 49.86143137313799
73.53685769569354 28.430841819127796
60.901890225918464 81.32985012051627
53.90956425055019 47.78023520118746
40.05563686348489 32.081537881829206
32.35874162560472 50.09820125182847
67.46262674736441 15.224649779485233
73.55751685218637 94.13038648243547
89.79443188959088 30.126138349684382
58.41387717999572 39.06440242684488
45.93034954518418 20.098772181018177
17.03765846392319 27.037456605300182
84.08521291599004 5.545935723471107
76.52188776917932 69.35856440579526
8.194725552662929 12.104190223151768
73.49880030045148 11.817324246521544
79.47620935804487 7.594793103383379
1.6120953554902506 9.594971403215213
93.1443792250788 30.35699617338663
53.34619699992843 97.98139285557053
20.35728028385062 50.21247412648011
28.31358767126655 37.53142301641815
84.86825616022749 67.69071084021901
31.107034642333897 45.46376068161452
10.477519690840985 95.56133010046572
28.293365890040068 58.087497051468105
10.55718204918218 45.95668113650313
48.6084778394251 72.50436301437503
6.537293591744331 9.047671837539529
13.386634167997414 36.73706073881989
3.1331009704088086 30.595589324161875
99.65010023106717 0.801837701544883
19.98493265044918 59.91601644382717
70.88567240249446 90.50116044017827
14.787254956567208 58.51390487075978
80.10995028795026 39.78839547646375
81.06999146978889 62.0435469269097
50.526029882482945 55.61893635609015
41.58389855735749 23.53897384305872
95.82254295847906 50.99561950843912
95.84967671735023 79.66207706670642
58.1442243422161 5.034728519617926
37.93425946986022 19.939080059365864
93.62191556323583 3.802166334671375
99.06496903358432 47.27193025441749
43.600561826308436 28.439644899154104
43.226824302566705 46.84378825133928
72.74926200473762 9.661125394997615
66.43557326031409 38.5432392493279
55.414409653349125 34.84401414744745
59.72791339878065 77.61086678500475
79.51606838402728 43.689550521573
10.092561723209482 89.49885683566815
86.326457328389 55.91594087394137
0.48805886570485457 87.09891928816374
42.21449643765162 42.37615546328536
99.21768909341436 94.29515156570491
35.18789375257758 15.418276343057125
71.11948771236351 60.496924082871494
92.78492154770323 68.36739864202738
19.244142326537062 30.70572371682917
51.747055184471016 17.84625407664927
43.89972300981775 94.72933895439446
49.08320763174435 4.936510285277107
65.08842911619864 57.57705031000523
84.94309696872978 19.347665762395916
27.19306760889798 48.78392767337674
30.685354246375606 29.97736528995949
38.31612210414021 66.97792941679891
93.60170844383376 44.66922750694157
22.29389087993535 60.843995215786585
49.79026757262606 34.33169252281986
84.19871527202783 5.777567069609136
1.1590270508415434 80.8671196464428
22.072943576540172 86.48596945311559
21.789611053560865 12.905758533924484
3.3583015580803455 86.27742624079106
6.624470228823465 50.7491974696439
43.00723631699258 91.89639045791243
82.1946310844675 81.5415349696779
47.26269536431417 12.941895282904447
62.66178049381866 78.43460541202772
78.54306324200536 13.452030612550892
67.24825200364293 9.22070100847443
62.312312873027984 38.33207665043117
70.44451502646766 64.56966479296555
48.06428669602584 64.4854739613504
18.14293489762685 86.76004553694668
40.299370394392895 19.989629196688007
91.78861826069155 71.75373175778319
13.36091251920466 23.307945565226518
68.36787032877234 44.620231876799586
71.12035612019413 35.74751924137033
53.68263755672344 33.30073602867255
45.38219393982412 65.35624778591911
8.987084926865041 84.8282134643375
53.657500236044484 87.41702927810246
30.767719340236688 58.279555694814825
51.745566832977275 85.015538720763
59.44380731738153 99.58196975211638
75.11898392320714 61.956815480382254
52.81814179956286 86.59659245045368
61.162933605868105 75.49267571344801
37.90550742520783 97.26806428456713
89.83108931633707 50.49112734464
26.051161996919582 9.307636253623441
76.38873000701916 36.661918409552875
43.24115868626487 61.71616681831691
18.64447157514306 69.5193042071718
11.463123642826012 97.12445359977676
83.53699296728543 55.383740326675856
6.507764199991472 52.50317411823051
25.677042647834703 75.75517257168917
94.44391361418012 71.64410244150764
65.5529128575233 89.94791249419573
52.067765356744374 80.73753699780448
3.693479541524114 3.4294971700256305
83.50741380728445 18.508838894622357
98.63927102645262 94.61032787266798
51.57035068477976 30.259120443400324
5.564003591706824 44.44264245661994
3.677321199552086 47.50516293028534
33.62921256417305 18.90472976848794
69.91253599850954 67.4870669027656
77.79964233914318 8.614189572153897
99.23305409241759 27.421510420444772
90.42271849633993 81.49462672207133
1.126951456204317 90.89879024898684
82.51952979289395 9.968598345422286
58.96834227889687 50.81143059058475
89.33953098495951 76.42920612732392
76.40217550792302 30.539526307101738
47.2222473179237 6.981317561570444
74.75616415078458 21.987599764776313
0.8847286970080526 79.94236811341374
3.781801849377453 90.34695664401269
11.738550353846689 74.08590548111329
98.49371087934901 66.07890587017981
4.635448507425444 19.900891544617917
67.93977491620919 85.94553989733825
45.73290642244591 80.21221409245442
42.05489828963006 16.05589781798049
2.9522737715277247 92.16659312604041
81.77004149472327 4.168145776730158
29.752303924108002 11.920287613931958
1.9298471192372046 8.93148326879768
92.44216732744486 53.00175974090189
68.92973693430429 15.631452358582287
90.72718834015492 27.634460888662048
20.91698499550794 22.82822470521031
47.129588811785425 69.31858448211395
64.29636442341439 79.48505588763098
67.2068511622497 7.545875703708105
4.898811408231496 60.754158383691525
16.95657452304864 23.043481669619847
69.96365690976972 60.39818615854173
93.75761899210804 61.10723637166859
84.36753132934344 80.41801561682628
4.435346662775929 64.0222865764635
51.51784625577554 48.88028197438848
16.949792408352703 84.64031624961886
97.13426351656048 4.808750010414187
85.87038674280237 44.89698243635597
32.008644834156556 73.49949507633472
10.947606435842683 33.6878709041614
1.4411421957054693 65.70689151647265
74.6094592071746 2.2661858555230063
5.030841830053767 65.28436105829559
2.336878123955932 7.119459140617379
48.87328106576076 43.2736664771974
8.662791289888494 95.6962495498201
85.67390066642389 4.359839456200653
99.4112959249001 22.78191053826123
98.27175004126015 1.9700521629263612
11.904839492185104 62.06302495077816
10.730439997461527 12.773742924584287
24.677763078584103 82.82298649519375
57.055661806429804 54.473602182138826
72.96663945885122 84.10246161697154
29.144337127401045 18.9943570500828
98.58107408926665 47.92485089515945
84.73821048873809 59.84422739441359
98.28497965723687 34.40506832301271
