146
92.62586443270729 28.384713129323437
19.502848166922014 8.540528693872563
69.27236675914233 70.79087566640905
24.377940735513427 39.78299210759556
31.01133481549151 87.1328455991805
47.53384495916887 43.34351666548175
32.630151235575745 28.973746623137863
58.114117578567026 56.61595096210911
57.79807542377296 69.53723234740318
13.107967003774124 48.665661807890345
4.398907021237575 33.902535745753696
29.425296691853863 68.47014897477423
55.68525103820288 78.74876949733715
25.751268566682405 87.07798852051148
12.006552933171278 87.09347059709306
84.77327450355246 6.2820715339725215
82.66027934560452 64.48183809775298
11.880570379476385 10.033741053495293
90.26319205153254 8.465031479643736
19.880621284755662 16.777704358092095
92.37608371199242 79.34646937069206
3.669978208697333 54.47651819294887
0.5645390503921766 59.54049616097633
65.00290406738556 1.8643549407774795
57.26504852464036 69.05221657188495
7.794719334137367 19.547532844964266
63.008902156843504 11.038061064220217
17.169769554295744 73.7551948728571
70.91456546420784 89.12854279773946
21.835691458211272 51.63145509929655
56.30755043045001 89.06132796063024
99.40620725760085 48.72846156413652
68.32398261019411 53.1171582305809
51.95405966455871 20.714943147362096
99.20502327637006 73.77741347398153
36.02133491048498 54.27195613763184
91.02450207631165 67.13179391422636
3.6333223579620655 23.721192130538647
14.800067412543216 25.822826501043416
32.160693460631926 78.57007491849079
28.85180138557586 93.67110314110913
35.186287911957024 17.033231341452883
15.21987968405738 36.362760405189256
97.49060083008911 46.4053022158293
11.861536278886387 36.031686616612724
18.696748640872094 73.03431035525966
43.76766095844176 24.275619440276973
37.53532411471079 86.60446278441924
54.24428222729086 11.231340766719045
91.35106996456639 52.01928060993375
80.52972540901304 66.96194612843313
68.63202093363182 58.79042048073563
96.42743747434317 67.64848479256572
95.32015403933497 71.90800443178857
40.651090585805946 7.864984675191666
96.79237405665074 75.75571798380035
53.30980651243561 22.31049676215274
41.338031694510555 24.1627995384747
52.04214766695979 52.90279130586948
20.816587554435817 71.20154230373193
11.809644566436228 0.48942266179579086
47.719426980408784 79.45607844640692
12.962851477154992 9.710228755395855
13.040735688235216 47.892324408974794
48.98941799985646 45.44614231479829
31.549658742789344 57.427882248683545
9.835086978441366 58.67987804190028
82.98391045034197 41.80941357172136
21.280495993173965 36.27460649847698
0.3051289416263203 30.920906943266203
19.357274710127236 8.074568264266514
98.46441220639835 11.504696434918216
99.66998065626254 21.884873595845534
96.27302830116646 45.08663879851902
36.09145872137529 28.075593320753455
81.68598767682809 29.410543104350438
40.276139468228045 99.90055715414874
5.370404410286877 61.35068492187855
53.30707232516975 32.22553595647387
42.94477059957871 17.277561218139837
84.00081800712495 72.25103435069255
74.39291118207969 80.05628698611497
21.946005982018225 36.54949740981347
18.83310890935743 1.3891838022274672
32.099087836616604 23.019257198094923
10.542275438857773 56.2039295485601
55.415917090330815 28.706586892442807
89.03927733373632 76.50628148492133
68.72389673659141 24.632978670997552
89.68883153261203 32.2041699040427
21.564541153635098 25.85406000766538
6.071972734254971 23.421576864765605
31.424473777344076 37.40316177784598
63.99868941434869 92.20065509278066
63.277095014485994 61.85846283772798
22.157271053067717 91.8931289317689
10.675808246339846 27.067068622617374
76.98262139764842 65.35715472714708
29.062375059722502 0.8249179810803642
1.0454069031441415 20.274163594118832
52.407223239616364 94.68680566651642
40.52849854453251 69.71743150336528
25.05959172017549 6.017110666983527
30.692029782554485 2.5052620625632516
33.22271488669423 43.079680507885655
41.256165536828085 27.888883037727464
86.3935969893498 73.35060252640648
38.42999299970785 59.14426588255147
64.04287986394851 36.77753989009186
35.507538532713234 18.042978573249478
55.02438424718522 49.65255875937118
28.642801987090227 14.637585489105675
70.07856391452363 90.52721774257321
97.84109199662798 91.6204322508059
20.265794370560965 71.40927573253443
13.669173233121368 99.8458419530069
37.19432910666944 81.6855689784982
59.65818844127922 72.97689335958287
20.188918474054173 55.97034092584027
92.58145885377633 83.56660328373265
74.02067191709477 74.9115505977661
97.1481244953451 59.73571445672658
0.26915433051419857 17.091982811668373
70.84714130032016 22.287585244746033
80.2644915633145 0.6963777087033551
48.70079136596529 9.235032102508855
21.352073878791334 43.71293950773347
57.87809011197225 47.594960756637214
87.8366793195005 8.949235402493494
20.81898506670242 16.367472130616314
65.78938906249493 97.51892386649281
99.04217589350515 32.14478610727921
24.110026118222873 43.79520573758177
50.27074312624084 38.06045413358289
92.2805661692864 85.36182608919233
12.475469802295237 55.62290774288451
37.8933943675288 98.17220850059363
55.607188889675896 97.34907245610279
10.250571302706945 93.16493945544141
31.15102077972134 95.10274563195634
18.147725383414837 52.430264789685765
17.756720232192624 92.3793265486058
31.309144328480933 28.692619511482388
43.67011468393639 97.8987742046956
56.053376812339295 65.59384443457402
82.96172571583712 11.321308134585607
