157
10.13910964509539 95.77335417929774
6.454806302508609 73.12905659885097
23.337326429716043 41.39502311999892
42.91732976200875 12.249415100782546
70.6033732081207 59.98659029933656
26.928976854383567 63.07299616618886
22.031183548142984 92.91763846615709
22.78983980725814 86.84976845040526
91.7587117506534 55.60660393122298
53.47362435234806 71.47680271799175
67.83632168131138 40.373343841214684
26.10682404779694 54.738829698866695
36.24434002824503 16.791671327046377
35.06625478057938 69.0517768385901
79.83580427536981 41.24012198157584
35.0388235301197 71.0841995309708
73.74277891020209 56.75951469738359
10.425840241380946 87.78459511403331
75.08034318335301 18.713209479608295
34.61103425838253 29.675818163802013
53.686985723306805 96.3873615103544
16.122633987205738 7.531059342828317
45.55699553187209 89.89189253936752
4.441227915374791 59.43623745194979
93.67245025222371 43.30686337433048
92.91686393848909 72.70630351353216
3.342296198647876 9.02435704795831
70.54715133887693 19.902544172006
8.542259481543478 79.00032793670896
52.9659047459788 45.572840562790205
19.165962826964233 74.2935729283044
30.33091062841856 54.74103548175553
8.688769566110421 39.75280148645041
62.732363557238855 45.494239214876856
88.89795148126773 86.54210969942257
32.1803989153578 73.208596198915
47.234308851321074 7.942569856060078
64.71045409902749 91.23236691857628
48.76470777401403 63.438028543180124
23.055056664032026 39.986724809195536
58.985356852494576 22.591365729606128
25.01406326642427 82.24480697584136
27.55814904766858 61.909200065099135
82.86570759928625 78.18553023001418
81.791376226614 78.67388004220052
69.66387755210457 85.27684027383069
99.91672847107877 90.62788492141458
50.91094431119249 1.681814763060363
41.05032438477502 68.447175565677
43.61043853099883 76.45079297345345
47.711005949580546 60.94990633884184
70.47314787031227 82.97991839695852
31.141618675153605 4.767273894895341
61.2609673310343 27.896809024173663
58.0397972447159 72.13843068544213
4.030376538500436 88.14742953729886
69.23082456085257 90.69336150560541
5.481014686604158 57.713596035523274
54.74331868909026 55.589289610621016
78.23493867989998 64.37901148520537
73.5440293060647 23.90304916691539
2.749720272529199 1.6897909261150867
21.700049126842913 54.153919103080284
91.09165816707126 59.81739134936834
0.7781825789040187 0.37447218032359286
0.9930199643403248 37.71269364212665
13.002600463882441 89.25248821609536
22.549565469087028 72.67773903124564
14.444036800648451 49.738722895459134
78.64695284978541 60.51244041039464
52.428315368808555 86.83222497400676
79.02125609890159 14.32971315943411
70.09309686375819 31.28758732693655
29.084327979419854 38.30227115027007
81.65043000894612 48.07427489465439
76.61124846324118 18.042202480254133
43.42121534136232 31.013225724257097
87.12296815143846 4.050298930413588
47.79209866498536 80.64006335365177
3.414888880917011 77.22631789225561
80.27758343789449 98.16082103048277
68.05183422414197 61.38864064656018
71.67451503954051 40.15210284606334
96.32889593068094 86.23647386885368
91.20597961033407 39.99160762121733
98.70096316841158 77.2007781951204
67.27394947864143 69.88389242301184
11.747903279831974 76.69374670052107
65.5272684118324 6.573794207754002
58.86477982135907 28.780707706961483
58.05972533533481 32.18949088729248
94.55388780986674 23.188278914402204
5.222857870357112 0.7272184602276188
86.5605716429671 47.759881263101875
55.681529867796634 35.82835473007524
84.58354853885311 40.09443356585148
66.28247729439997 51.28649265106907
37.41453970661313 13.67370807368088
83.85002729605088 42.503659042288874
74.64370301767008 45.28376374949479
23.000503376556768 52.493085609920655
97.30910687011797 40.964323216321816
5.925264435441191 5.306370915114655
43.3313136272809 1.0947082570420763
87.85619969946569 91.45535437768794
56.98734019053493 25.94762524831896
80.29261587660662 60.3999204987919
30.81245600606941 23.399392458440747
35.17899703490408 75.42939890741302
58.445189451212265 52.86305409862919
95.09888160038614 57.914321860199806
26.576591942654183 62.54327546979796
42.385608606940636 25.70760595540349
87.15995230988567 5.818510092266516
71.06444735473835 12.66828392589373
21.089879745270757 53.31951732904131
45.409309969986765 83.4505395930708
92.46012665949173 88.05303730651752
55.11892266857544 13.194668544430854
67.66446330874267 58.46180954621466
55.27723871189725 18.56746788799738
14.566196450013502 78.65005277498426
33.096269926428604 22.157442957278107
23.013861827835612 48.429013650424736
96.16061090931262 41.58680688149951
68.99601350516103 2.7961075422753834
98.76700410249722 66.89398199034594
95.82875289048037 34.90487619363374
58.120461367669144 88.71850361776852
76.65429292030397 97.48552327924358
86.66871493558105 98.33513356948943
28.281504170625993 63.259874788227
85.4761613705064 12.189544708088974
5.164384546784639 56.02199593342549
45.52147781388112 37.70153972666912
37.411189542780384 27.34790520064757
99.30029206379525 85.78238052521745
73.20870584072553 35.06542512165925
88.43284050567509 5.404722356107062
60.882467608027255 20.03559922173127
27.604984637012887 45.92811925790392
88.62391739414832 73.31934242538449
40.84865849950381 97.3733627232177
32.72303237754198 50.20900332877897
73.46832623862679 19.47003759249546
10.463831885877662 10.447256567244523
96.46335598296243 65.14988785016118
7.139328795776468 65.26102032789224
74.6742025254725 65.86721806670222
83.2011266000182 41.051872462238435
91.6064038256975 96.53167155909682
74.52897500992718 80.69992805050813
90.55394452707817 53.04432562616165
46.37954173476092 28.202624162897692
20.17106728432958 29.597809766676065
28.328427037231574 55.813048929861274
73.27513189667717 11.187950073789088
