166
53.563323655375186 82.08154292221546
86.17097013005912 95.13193295265667
96.5919574224471 56.55474363821755
79.6220002536628 83.00166768518355
15.419947808807265 8.051492469624066
77.16716478340776 75.0498339307981
1.1614589784361806 53.12340442536484
68.57901727661611 15.967528568206202
39.35845247646914 63.605494906040924
23.671921787428975 89.33739778509756
18.532155661575633 48.006480922238026
95.44736222727325 63.045172962619574
67.01340901468404 84.93656507828155
16.71111876342196 1.4843086539355954
31.78618481517973 94.3393112550272
45.03106839533969 42.24750453569973
46.12874815472699 62.78115911222201
73.91988621285115 51.231719302795476
69.4005843076185 47.248826305304384
11.479375362913036 58.84702820267415
46.94091744155604 21.16903504848018
37.089694845557155 73.78385525045596
87.34267110605339 63.636353743489195
57.481507476516526 23.402808664705066
33.58668826059744 60.52583205609429
83.62155027307445 11.602184837676555
85.84725708675748 39.1241347561664
92.41145103152485 14.005811854136196
22.468995445277905 33.255597145403236
39.66394085285116 64.08493542903746
1.9961540959477442 65.95627640293016
39.923720993935575 62.591266862343254
78.30028946771338 91.21671284303733
50.02587293716743 31.976834870255544
86.46230282492249 37.840976321559886
97.67718133689868 98.18953413419355
70.13919292099035 7.720438157560993
57.173209669497794 0.44174860322352405
66.42571179674319 71.14921294165461
62.81137333239567 37.19669907021073
70.98112037621839 4.10199978235487
12.573858834991402 25.719703703651643
66.0662216236894 1.8771391821665429
79.58386471366656 39.60167381440869
35.76199313699623 5.827933001351326
1.2415423617402888 43.555927175766406
66.77074450606031 26.51141802093556
32.42884808801384 85.86426712750077
82.92637287807723 69.13530572933503
90.85609568586489 74.94811649875291
78.81094177036913 68.19674700918074
20.339441171129014 51.6253193865532
56.64901103295515 70.53367879741754
56.91833327863878 11.49918559850186
85.49682053683668 25.43186012210651
33.040700097933296 23.862323141848496
29.432670354945188 28.50459106725666
9.083184129150501 36.198150087739464
31.44710186482451 96.91935787845307
27.236895423939657 76.77245696931054
7.970878719870034 1.466917299524817
3.5635325355747427 38.76718529949403
79.1461627004133 86.28070055854661
8.541207575541442 39.62304468372175
15.006156028935468 55.406854830693156
47.952360508838 26.285042958746317
63.282499319600575 1.9996093284954775
69.84640549821297 14.079124049944502
43.32957923712095 77.8688346721499
32.3194697990001 2.772500080395779
75.8969205231124 80.63681747692591
66.14942594753145 58.23714464451905
38.069595062846886 10.402893893254495
28.773440436362275 1.384218647855262
54.98767519463823 56.418652857216124
92.7235945628744 6.169606699630636
11.554832688731109 0.09127362277130402
89.38012190287112 90.37154173723734
45.86277754470834 48.03614155533879
59.552584874633474 60.67377174325579
29.340665543362633 30.56574079884149
80.37558756737927 63.04521405277982
96.23658700326997 62.98611701265649
33.34462702019446 8.55325922650052
16.238104628459983 80.13703450726996
92.07463131660323 3.7186526561752142
37.387168829754735 27.556368988173485
68.02522137741151 75.73535324327155
87.55340530045564 99.62525499167096
31.8932037981265 95.19879603215901
1.0343321680916118 58.625477551061365
99.28298122742557 10.935073804399531
17.428721686238426 33.974989719415674
64.43296741370351 9.936785256929259
45.27729420562542 37.348749133811786
71.85224805776288 23.337865599075247
18.171226693478427 78.38911097719603
35.18356887719229 67.16526269059733
30.164176679404953 39.08153088507385
50.69943567298005 53.943659353991045
39.034881819092526 95.78750791335567
1.9423424401273093 47.79300722832578
5.598869144810726 99.87735574374112
38.71020436060741 45.96224853362775
93.61888068492259 91.15215737324543
16.709608210672855 83.19735810972196
99.02660921641065 89.30288569371385
26.85594289899349 82.91193343580548
14.362742796707517 24.43083907319923
43.19199343333262 34.153262651659986
15.446384371694833 78.31322435835153
59.84812507246124 97.88495530902601
63.43873132197372 13.528523727314656
61.6931042108823 11.944722669182406
27.797957589284504 91.35506694321009
1.4982253956600466 49.06149826372194
58.99672651648149 46.80059451008258
85.17893093835941 99.18296416233721
87.56184149203109 96.06169610786127
7.028974183737214 29.60224698872126
10.59231960746697 3.5351695194223542
14.369239765170128 56.750895388504944
14.450152527674188 21.286720720633458
82.38166600613361 65.03177599539781
62.50630525174938 36.09851814249039
50.10135733559915 47.62043731252561
25.42567469295077 2.5490622894177806
69.21025274799479 52.57885025696635
34.15499567395717 43.410429582230215
47.70039525915738 50.12304321421488
85.06172521897088 35.037035127187245
62.401212422026795 65.54368163362521
97.33549431131517 78.99068924728681
83.80345883010844 90.67825917576859
2.9437161082091934 37.895105450758685
56.968764347336254 82.56991133353081
45.12139435493236 3.1508032334180647
2.6713479121206585 87.79972526149649
98.91770726531085 23.639246915240875
45.11361935394223 4.803963578800929
7.669489780035866 0.9496814738770842
60.55398719982025 44.25873868026574
67.05625719541413 1.7822378954342244
38.582208774561536 38.33524579162475
49.31976219271845 66.20674192501099
13.988411610116591 43.55293119560708
15.289784154693509 63.97123818991801
22.732259612529138 44.55348080444713
98.49521834833105 83.60452002581758
94.8012399021953 44.2379879060686
37.947267598042856 42.94790396989345
44.272728509395385 9.156904500077411
11.728239509255346 42.37697151352878
9.084912312342242 25.096033655301586
91.99465311512637 60.67435612603271
3.849387165297513 88.24476695151519
16.10693142277452 92.13015147116127
87.18979494321081 15.17219818735629
52.91952942433231 72.90685403031615
25.314239832873696 42.02041410052371
47.25865061709814 55.37796019889206
7.4869171885536545 33.83997338710697
40.0505213889208 44.01894862216713
16.94993777724294 40.089545238093024
73.53335527452091 36.795316264024095
46.07226676182082 38.72253103091956
