135
35.80066007186771 74.90549377183002
60.35034470006892 50.49304918556042
81.42816395996688 97.34537864055898
76.00688829644378 34.07691208167583
59.5047276189985 56.087439513844636
98.40529797029292 22.27679678428627
92.51677834897096 32.51872008427298
44.92051651907878 56.4818096840217
89.81838394242597 26.93365021411975
77.87987862749955 29.659741611223588
87.37737790795588 96.33623048854322
68.69260111966241 50.08093503386692
26.270083413457478 68.85649409136843
76.4955576847359 35.02966282905686
57.49072462678105 39.67101817447383
78.17412126318085 81.8461055726818
47.28990077595061 30.08968996792767
54.716783325475404 19.096766540151933
87.63690933426079 58.5574176031761
60.55790993560015 28.924069294995803
98.72587130194599 9.308569223406504
94.09833436281247 67.39818642815692
33.0229355428237 2.0674588475607103
51.53038575148107 78.08879766332211
28.355317815035608 46.2018721158018
2.8484913499017717 95.35285392077122
87.44100766636124 52.90987224300206
55.83422801275641 5.4172549901079226
35.150959343939846 62.26010439212865
28.11444276664585 9.743464121235402
81.57282520125396 6.4441883258097405
96.23281902501733 27.449080372375
24.95209603120443 90.0086508941974
95.97159683670277 44.7890775435737
47.25415097969721 34.17667331447771
10.5738043626599 97.84287609523665
36.14397087496529 41.486436419455394
55.523374356090486 20.499023500132797
88.29500292298346 77.25048364979563
66.31531214507596 53.60802806739452
62.24775124695624 3.168030321406079
45.352514303956795 80.16134148404706
84.39165857733178 59.964134893338475
33.036479833245295 16.71270455269792
8.509160250565383 76.35741054222927
74.15628991704638 95.60745315886433
26.718854440813132 29.299128863253664
89.46203694260987 30.768134783258215
12.039507130585548 8.340328338362013
18.45870166144107 42.40235378657478
72.57620743007037 41.814107795437685
89.47697508756363 26.064392266227298
43.337645326307474 33.981682569643226
50.54996777221133 80.15409348224715
13.334207705171075 84.88846363249446
47.35073849151426 48.68173441938919
74.69267912839005 73.4669828206549
56.64099194156004 22.908262219141694
57.73428648467163 47.120172058624476
65.670830336125 12.941591542506936
77.14939711510438 49.847232259068164
85.83017507501579 81.47358020023225
10.690558565527509 82.46537011091772
86.66352605766141 98.89559802170811
7.259921356232557 30.948823846599048
14.75302206675595 26.477116957757996
74.08849971340402 5.594822940723365
77.57708645487543 45.298528032691976
29.647957305413218 30.321166227056917
30.92685468988855 64.34747123012345
52.33190797598456 23.55438335379525
15.418397145278174 57.87222628635072
20.014978801743556 59.151729996679194
48.835267982116946 42.54758642658798
85.07002768457272 32.063389567278875
42.24523129362912 49.274651031372954
23.78652854671117 65.45114549960533
44.411598691034236 97.26108455569089
13.190508269831724 5.306606361471189
88.35858469904927 89.36700160343375
28.089135298967527 65.27117712130766
4.926240863303876 81.67126713671826
71.93407915019819 78.0538544250574
18.42599812921315 71.74487895362904
84.07157034390264 2.907499085010501
17.395114438724324 8.825188789793225
60.43935616774756 79.20211972977664
59.30618347488662 0.02466633032195409
29.94720486495356 58.82559188406263
51.18461382955468 45.70596115344983
86.64777511210974 80.5100769986577
46.986429483682436 34.85561551045333
15.702996476278742 84.61971846367673
62.46847695299355 41.111304638146464
72.23200986266852 70.15847698786591
73.99105345336858 84.99425435968335
25.826431512355676 81.81773302400008
55.492127759961896 78.65595960335538
33.13545064490276 2.0567623711104766
54.702019964671734 7.531093037433978
1.8564090099624342 59.17845919266572
5.318314748746655 59.20857162961545
9.876739712900374 45.27842468316121
39.22964084528768 19.66133110577165
91.33819756120728 49.035659961634934
54.87646779687636 41.010498628343186
10.050896687705446 20.92639445607034
27.71805788725541 98.07450911701625
8.403490616094455 51.85587096487219
9.585244517337877 97.33678648379346
27.10860524147266 81.78315225065454
87.51226927393247 32.587664551313466
80.21982430858553 21.129028007416284
40.09518275769577 35.254072583198806
20.41283859340206 28.316125733062737
38.15004439625355 96.15587401193116
29.89402792263881 91.62962675313328
1.644602744801471 88.2237668461199
64.01236783401777 37.45119419408361
53.45115330812389 44.15258404654371
24.429360947518852 29.825715667005593
54.09791907279286 69.71448849777116
86.44031223054031 77.70187797788003
27.818439983356114 9.120810898645937
50.736485453571134 55.79915563236308
83.7978015932616 52.106937580481286
52.759219979231844 93.10541918736963
81.37302735738764 54.64909713273559
51.84018974110298 37.59084475701629
22.393605639506 30.26056425340777
26.463669064222838 70.49410682910984
75.98425288415217 18.862105370560634
58.30798103646486 28.79399746726625
40.34675903144429 41.40639787083805
28.474356022766067 63.1595960627537
