128
88.53079742286893 15.456481547882728
27.976245378550423 68.80389608572291
74.61444568734859 94.12880416689208
66.86249125741558 14.263427451331657
11.273590441851777 40.5331575341365
76.73847796131102 43.87545649108934
27.395521770393362 93.19071326765545
90.45385201261567 67.25048380225005
16.680528115969963 82.60594100271528
32.92322740512412 2.4604407216848867
24.20203931263267 98.0378364289161
79.2843088240122 71.54262772718538
44.748053571842426 1.5174190090638362
92.05689802644518 47.20635506639987
19.346452555693183 22.611855250628942
8.371308876019857 8.090424349882596
25.514127771730564 71.79628709536561
4.447843110650607 43.88092612655654
90.29344833945989 84.79397599137549
3.8322910279268374 41.819876046881376
60.81325936895999 95.67562465399571
25.09359727734847 81.39722821337274
28.303992127630583 22.660145699809632
70.6750261128199 40.31689752801457
91.14399233809294 13.042151372669863
43.26913201810765 2.1039663104963857
63.58200515410203 63.174901352007815
20.11851823386861 87.32727397445143
6.819602906127164 8.758719804226423
11.651756790110944 74.99939100282185
12.245917714812126 28.57293424767393
40.526609515125934 65.09519545995731
57.7838494769659 83.92707118538002
17.404569396683844 72.29279723296781
68.44086334979073 78.6011048428914
51.73492522746357 90.24454410919898
27.79136563734703 43.32321418475028
11.752291955251604 5.627257090104609
7.466740169922059 17.690492196670306
13.677776620544268 88.9568196351923
93.47114235169613 44.976953516258675
52.13022296047063 95.82094548837222
81.77945971069943 27.488537086956967
32.77610102359241 35.983609522081
97.31721256829512 57.24231365680532
63.23764124944679 70.37157640025976
16.57758735387851 38.47243865701802
26.047169656945613 52.73890058395693
82.86826180519088 34.53242823819115
71.65314110224055 8.092075686059552
19.342487007613506 89.77213218351989
18.147201457231187 94.35423127182946
87.13041617184687 79.12173055426305
55.06073397341167 90.49130922651618
22.49495245525941 11.242860754614092
8.83825756716935 95.23111798660871
54.25475564322723 73.2539842208397
38.191518910292096 35.35184654004859
30.447546794963042 54.27529672310336
86.64611890261148 95.33716856011772
42.74361636974634 91.72844130120211
88.21167090222679 66.22067075370558
54.665217701226396 98.83542016110368
59.83987673488767 86.5383114241396
73.33814241131103 77.19830737722276
22.64418458197952 11.95909135892743
45.2057612892792 77.98279245366622
77.89541770948838 22.463535014778845
49.152209906041435 37.6490383128813
71.513460222211 89.59362065171396
15.194600642662659 34.19775992279285
42.543732785701835 16.287137572558663
74.08118766814042 60.258111236774766
14.001971272707102 35.06971625901677
6.865569068607192 23.689791326645526
65.76947780846096 48.02044328559681
27.728715046013686 89.38051405793911
99.35275079076324 88.03340916621485
26.806432160053994 12.096636853999076
79.99509663574811 14.01596883242966
49.910888268361276 61.295425633439784
64.25735982749646 47.8717682990461
14.967554873216748 95.19542066467791
48.37657231803178 6.704186496802778
74.40019142705407 17.61913829712851
35.006911446742485 31.100655381121513
37.59186745570092 20.884052698321998
40.844046767988075 17.02410897316229
32.58735005997485 11.963871988975205
47.51546180163667 27.576504172526928
44.29741992886276 12.683971659063308
21.631477319292657 78.53548914880449
35.03833016627442 29.89313462710539
36.07221175263319 8.319085767854961
0.4252681262478464 58.368786520185466
95.97753878444068 69.06427109366649
82.16918364104951 94.6779417102302
31.0239169468718 63.29241754281496
48.95509403873236 31.00514140140227
96.84840949834008 66.65072077846796
34.86590130434784 26.866733236094852
54.521626347701215 79.9398000611662
54.10920825014542 90.32125775812993
82.2351999555116 13.674215128271372
98.4796543912084 55.7027451933556
27.072774724011396 81.88198412228424
27.172261739371663 97.03560748717769
23.878570623680396 7.3294737169468105
40.27494562195268 46.881530323440565
75.77219828155556 36.05312431126223
58.86888858901077 80.77297633960838
3.997501285466354 75.62090182365746
55.51584309300398 98.3519424096283
4.585164289100108 85.37051425120818
51.66073751205806 19.236528270895903
92.36175871966793 12.275458752274016
0.20964487873262883 42.7888642978287
48.7228768616627 61.93416175868691
79.38523942476348 43.28845101533177
46.07203844381807 66.86438819561027
33.428092018462365 99.79806312478453
54.461494164366755 0.4289986347418062
14.545475192355251 39.6432132402935
56.07264999658966 60.94729286751478
97.91409403260846 28.24611358337633
94.79621497504792 95.55117092980669
92.48107952793599 43.13418763805251
51.79401019376956 26.903024503784245
