155
70.58393981144701 46.027339533334754
25.613846597747525 29.54970985117733
10.750149885523975 78.23239938507865
15.750739869658315 11.26473115415857
18.738732607340225 1.8176791164861927
77.43601316434716 8.797445545345461
90.58120029672651 75.55996090855663
95.33947458881926 27.79742157532642
69.87021981433543 95.3161438165498
40.147863795825465 63.85968678861216
2.9550855111643792 15.830335192093703
73.71624250554373 98.70683578570049
97.78731868268605 75.75348428232734
54.26298823048861 9.5186506661595
30.381234319827 27.249103758040484
48.905062187908776 21.546075865758475
23.757810218844654 48.90707124949416
69.46760386804122 40.691538564790534
99.26994334213732 64.57619428049364
0.6889154738954573 60.88542115219177
28.391811476720875 16.528130277374064
80.85137777079375 0.391544218643336
68.98014750350835 16.52843162614037
91.58757637357941 29.424842194876742
37.084571065924166 31.92692459502261
39.293424190369095 3.551903047318117
73.39245268763128 57.06162861563849
1.9099485811330474 64.68272463815937
60.65983144447416 11.234804937056364
5.959881407983492 47.767790809508895
33.78236475553427 63.925693660362015
16.89299381451258 22.89192925225597
90.48725213977707 26.741461627785725
38.787106769768286 7.805826231198454
31.399491161138904 19.533722907806606
42.92886137942949 33.91111577114433
34.61459228251616 81.48336437275177
88.30235576447475 26.61869158884359
39.38115298781101 52.5351468584541
81.79255347661898 58.66488261714403
57.75266259043907 2.7770506216609148
70.22293948826218 6.5522192622948
20.098651006958722 76.22519637030571
52.13740639089942 24.27976161885913
5.054194002318779 14.625863069276889
70.2563558738574 25.996719377119128
29.67896008804587 70.4492237544263
67.36660238869585 56.07255838750888
68.96664450766136 8.599043409904517
29.0288946165842 54.26538978460687
13.685835848158511 5.185369675138396
89.85657725947478 93.34283502488047
47.138230713839256 68.14466625486789
95.35700619522596 73.34626822216751
84.75561326537137 70.41690524705344
11.099002070137665 89.60666588783478
70.8947252695856 39.88748608596473
6.7462582024304 65.4050347097784
27.397232028743947 34.835688937511186
8.762777174675618 53.03690294899679
64.293518997578 3.699462906352957
53.93463783242029 74.17663575020276
55.062530395334655 93.24700248839177
29.853065416701007 35.19616372730798
16.16854996622168 73.64345392457597
68.01332083251285 84.13012986173194
40.86296639614812 13.716311782229296
41.83041981249783 76.66724892522535
58.37670879294649 24.569316348704106
0.8337999950471908 9.498981462205636
58.839791850449096 40.57246534854021
31.075251297708807 75.88003620958438
54.99623736421586 52.82375056662622
35.04155559615938 32.603848626802765
5.04968758254849 41.4664400897969
23.083817561015874 4.40669069118369
98.40036998151956 14.795402418331882
82.07728552145593 3.410214220628105
52.78297997261705 68.28364798810357
88.87076193873618 28.47064049813872
37.411661171069134 3.3096510154172365
88.68931042877323 11.196998644502564
47.86765377981618 80.77451952760201
75.16186568189121 30.28360557841311
91.95604192328537 47.55967338411931
60.17074459187995 3.5684886656071613
9.22396459002891 9.647531208540771
86.425364517235 5.982146821749723
45.14375836829686 64.28937890559698
64.2203673701123 82.58314106043694
88.45634161335471 57.29614133893902
56.132762826859036 84.07200743708756
66.51640123262399 42.07254179713917
49.24140159207797 0.8906589852306079
6.713430117896624 64.70058022110499
75.17490565403358 32.1370166915891
58.98835208249291 40.58533240613843
1.6179031609068306 5.69522098083548
48.23792521212346 51.238003226051454
1.3373084981127548 37.0836404400743
99.1098697735499 77.17408736513194
5.362155253092949 14.692968626536661
60.03828533250597 89.71749169744628
45.37264651140498 5.377863161043384
95.5035535448678 40.75080947299985
2.7270978854197603 81.46792529132608
58.595495230107076 26.229474132094268
44.454426932950376 30.1037092779644
53.65393967733839 22.60935087564381
67.83224349587928 43.22787742937817
72.87263252382157 94.8981154254264
84.32856033510701 93.55863416500921
65.82861629038757 26.69770293847955
88.63298351034206 8.008551808881636
35.92663064134564 40.930573233258585
36.64272373738483 88.42842764865573
7.7781611663065515 26.492662743042782
70.94580042868266 78.49507911278981
97.52917537183295 21.066753597888344
99.34825394456762 16.50330450514953
39.579651858001874 83.2974602047261
73.83727294299092 49.6431245781716
24.79438156307241 57.75113723969111
69.51220658428893 93.60956445613937
91.63242938390148 93.53089955553435
49.66552672554847 78.33782097599446
44.39891684226656 89.98781000480443
38.260034222068285 78.50958819208392
69.06559521801759 32.82503712843595
39.87770020173893 2.249517118116673
83.89533965928977 78.19752385465523
28.882518909774568 69.50787605364563
53.5412369047744 84.90044091547246
16.89923269644824 30.988829383773542
48.12398499077081 70.09464429282181
79.45105059197645 65.07259103218318
78.71782574658054 62.040595152732706
57.909590601683234 76.68892582281308
83.68408271476814 71.53705463210866
88.55716488782447 73.40126655790749
31.894554546253453 13.987397879012441
70.80532004884911 54.48914747673344
10.349769889234972 32.07740754608961
98.8925235982236 86.46221248344067
35.05581371559667 10.957164864226476
66.87609858436542 45.707389666726385
74.20302928172634 23.360192359304655
7.083491662787145 79.5812932775144
57.24872667060465 76.93696895213431
67.10495982276285 32.70512969290446
43.629608206120274 25.35462664854833
77.79309822931857 89.38206948564721
13.65368101710972 81.8322329133865
8.450330745146129 75.43933987104488
67.57398471969427 72.01702808172666
