14
91.47310182276026 61.36933407681027
4.8772371904658 68.70865846547602
84.70531417221162 66.60709093339472
2.829676261717673 38.87197520464007
16.445733140370923 21.474849515736537
81.8349080880395 6.282354242839194
51.26344547632742 55.76125817988894
86.15402920276487 60.689333415270156
31.189880686872108 14.996529972380547
84.3875794907791 66.86934518573939
25.228083680596857 73.62363435034113
42.62108364441622 96.9949598200555
60.637326403386794 26.064238567213003
32.64243138720554 62.53243928446395
