109
65.92180935053518 49.981279477578575
96.15097526905343 85.59321929206621
40.73145673662304 55.4406398149253
27.730112280773834 74.68194727771389
28.46405580033252 85.13147720667277
47.98600806123162 37.151533013921146
17.37747631697436 91.01475246723942
29.07702464473353 59.3439140476623
89.17436763455285 16.252269620933703
88.06022033451613 55.671445199680825
33.05113240606499 4.492956389812197
55.056930612608525 84.15169456145351
79.77890630439595 79.76963552274722
16.228125876567812 60.19221714897629
50.719658936532106 48.973389100617084
29.60507605792122 27.48192119329075
28.712473612988177 61.00114918533628
8.517470334804667 73.89493193722733
84.48611158437384 57.55693439809805
28.54337163952835 4.566811665269677
56.84223684359419 56.145785496910875
59.33402015147852 93.8295451859138
92.0060646735869 2.4707915605074793
64.53766060725289 28.54115517774979
53.61619638885355 89.05804559198654
84.70692733495294 63.186175024593425
68.1901308252971 96.64512753560142
92.30877505159899 56.08872284020963
42.49394812714109 95.7387899865256
91.47405815281112 95.91143145814121
99.47558898624044 29.665452533273474
87.77389551233044 4.821493680996514
18.780758950019937 21.735759196067207
34.47975138249847 69.26693093900846
45.71364431370755 75.4466911576444
58.223253127593196 52.992416623773565
87.79943227628732 59.200454024507756
92.45156650794914 95.98885926179655
37.20059972511306 65.43403330534983
45.94336937884121 23.76349558862777
10.340286878801852 38.480729863508046
94.71063030258986 13.163863662288
54.40849844269787 83.11888600008686
17.38282658372896 1.931760159502871
32.81831459574088 95.731464761397
47.33015385910886 14.442590105525422
5.2625236463798135 61.568384914246955
2.05368919164306 48.061165116723004
59.55972014726437 92.91095016333564
39.371436411176695 60.296191746712545
69.92521709221356 94.47466931587802
93.82768830920206 31.094922115966618
25.605838873514198 82.87394856809009
44.3218791311076 57.57872421693507
53.122998916031804 91.52750919555065
77.80915876195745 83.15494764603271
25.79437324176298 87.22872380253706
93.75859208593027 56.97352560588252
87.31503239263836 9.409299080940592
19.47256853790753 39.15315988134576
27.665578519034284 73.14371465705251
34.175750359777034 23.86670783222199
71.9088740648968 42.06765715750807
65.7060147625284 81.27496937608537
65.45174447245678 7.786333105844257
33.83477961976658 22.207940613756115
93.91561196544032 81.15720532787391
6.809390217428424 10.512737666853111
64.67045228486434 54.63627330164024
76.6619790442317 15.960100853362801
27.7100851720959 57.92072017841671
4.519290091573536 59.40195527904797
91.9498669777627 44.044602403661656
71.976572799086 41.75580730425978
78.52392919916925 28.151405903814965
6.369854092027349 66.01453297640835
89.52121822055447 11.694778949709361
28.76436937698228 72.61230107869136
73.79241906302596 56.11872595053345
84.13422467956954 68.01166450365508
31.26137317908906 35.60909036354312
33.14054647528707 0.9771388569161377
10.129875202585847 72.8125516662406
78.51102176906797 60.78103690901776
58.970565817855444 30.434499274032312
10.580876149976348 96.8823986380709
52.35665024854722 25.42386976493831
74.53507474207042 49.844955813432016
35.906223961848504 79.95049740777712
11.972299658080543 76.26720132354133
15.567924310305091 87.39577031684624
64.97219207165182 93.23543691173471
57.27816959093093 42.45598940969531
10.56759411804583 41.06017812378647
78.96993146449724 74.8486165168621
79.22146378723323 3.970245491296165
68.64732733251802 46.585108815746324
87.4637492968642 87.77320663739488
42.54204165887809 79.95339801433673
51.23938097163128 17.38288917930425
29.26300741668242 60.006102637619726
5.401929873793487 20.946604084000487
13.927246255473392 90.10595007820442
4.969801718100831 51.06848584116106
87.07231149028135 72.84304929345763
34.879158880474215 23.138875994656427
24.245470649765032 54.539626658041364
38.628174566328745 99.33623059726699
87.341075409364 30.55676228022901
