201
88.44415894710464 88.07235825291431
20.64865177382935 73.69138787359444
8.671795816561033 24.256261934840907
68.63857291507831 50.90574717520535
32.881028358885466 57.38589517576481
31.127619475797342 20.822758332068226
30.892788212850352 87.32803294102743
99.64858602999728 53.809749920028175
62.48471618798409 18.282345763144637
13.764024088652228 57.41571778978178
75.43855672634794 62.43736711317318
85.6433506996786 14.125708693883087
57.90036049292142 90.38779961649863
50.75007078423629 88.84319473348083
82.28149286386184 90.80772011584281
95.00813528879796 85.56246139936411
75.77985723214972 41.54176347943477
85.41410454415342 65.64416112769274
43.45138244408213 9.095433090337258
42.038171834879364 49.76096065045509
9.401082922509874 15.24365815140618
34.97061551708573 71.28389465891566
1.0709574482112294 55.28995724349504
24.51167344091143 17.421069049967187
52.06335504147637 47.57111530472117
22.665123785793128 66.14516943723174
89.39928713636864 65.22545295567232
65.5884514084001 35.2334619737834
41.81026785619621 67.53745878158828
51.03824492941151 66.87261617906927
74.35720805954277 7.992126936294419
72.56887682412962 1.6736926135389463
74.77828965782166 21.14164356764855
60.47007240414353 63.17440719079115
80.90200344496506 96.25511693702883
18.48872163486358 18.1748745787897
44.49744297807523 53.72446498327168
61.201740792408884 32.63857342676876
72.96029673360412 63.377161740248354
60.97845766929903 72.25056472639872
21.472674044163277 83.35936084399115
77.12226277486026 30.62676174699349
67.13418682588053 18.026079852911103
2.5669292184153147 41.326165643429945
85.53193282639188 10.076797346727718
57.035260824561895 6.03658741786054
29.073503067319916 91.06592679583167
44.395360012881255 19.536185704452112
31.60137842165449 41.52309563023191
30.289320544328135 75.6990172569527
96.60978120797256 17.6608458547858
8.07961697000863 31.530274999922668
87.29021130468746 57.590997901565025
70.967196860497 74.10795768646231
31.076943064504935 75.08012549416698
14.535926114738073 58.287476866202745
6.384479540178023 34.855764505980304
72.87430435623475 46.292648573212446
32.410111448834876 85.431820357879
17.340490263052754 75.98463254316692
83.87149470414313 97.96812516875748
8.142109611160198 32.95979371464538
43.8196621069243 10.769757100268418
46.601173584612276 30.447317269556883
10.155308168164145 88.15805795885083
19.72925254617135 24.41004299571131
42.98049661098952 42.140162789032644
90.13102618627018 44.10707074449402
48.218826351534986 22.403329196880083
70.89178745832213 5.814882622024586
75.52745506206347 68.48105745486389
41.48430079795341 88.79850866967182
65.22229549553151 68.59056999733465
1.041687650798484 36.56928613244943
45.493987328361875 45.09645333825779
73.49659452574467 96.55575964183323
63.436885504082106 82.24878032233767
55.553008942470896 61.84396370586519
39.98820039562504 64.62394058622371
5.6964634229185185 19.269714581615325
13.901951098767483 24.362921780665715
95.30743253758281 64.16596692825482
46.13903684580015 20.64831922002138
41.46966455142837 84.15511559295818
9.514768938777163 45.78265807755354
34.02112172740084 31.916030163509078
25.10487134945272 6.7305428320587835
64.3883367119595 21.241364702635114
0.28872742180885425 16.938632155237134
75.12546166834952 81.90082878671363
63.851472969743284 16.050610845777946
28.144338450224403 46.307471296723094
30.19237644780758 52.18651443182484
73.07105451248374 39.500414644849336
41.724308283428066 50.95603643578143
95.65065606411753 51.7457731012711
93.64062422555791 61.259568401775034
37.880866374451294 15.411203029863508
68.5259394464479 42.08480276772354
91.93507104811023 94.6138595157905
28.270601371601835 62.99432052577594
47.78723225166232 67.94948845421435
83.8453678136467 19.4233431612714
62.64703286975557 90.55641779130431
68.53351635191503 15.063268683382358
46.590968104835895 63.32462937385485
65.04684077140513 28.501476990846385
30.02102211588561 68.56026931115505
27.213468023560296 39.65541924828787
61.45181310332591 55.037043901798086
75.47989757859409 19.395848383922388
99.21544737142939 93.05597783198421
8.53605036681544 93.14948682872256
83.5523129194089 42.366557565030064
62.43120359038663 91.30763058448747
73.50713471011812 36.766501297541545
33.99919717616176 63.22114481223334
49.21775298735371 56.85181464626936
71.56721355493583 41.61046350988274
54.2420035004694 22.79238884797029
57.11743458551452 14.533355267999381
18.072900803183966 92.03415137508875
30.810455860854525 17.03914659453989
58.42438980649304 1.3232183751730298
87.19485084812018 5.9805931568003405
65.57248949920688 72.26173514674376
30.0658091148299 27.500241542111826
7.01125353129931 79.91442697553498
81.45853128312439 67.76764904564823
26.034456049165666 74.42176277659367
37.47187636852034 57.1155455657833
43.29144669140128 16.572338011061348
39.23590788799335 55.51270795628922
13.747644317459873 84.89276244604945
66.7937785554925 10.353499545507706
39.9492073924962 76.24017894287802
14.5300133032359 66.4936294055028
46.32259867558462 25.072952096111813
2.704118923730725 71.87290937952567
7.828050557505861 28.176207247449238
79.97122577390083 51.00301127928431
42.010277478339 40.384309000016195
83.57853165330869 56.28683374042731
84.21056923166935 65.65411343510983
2.6775206510543326 47.16601475467521
31.759117875074217 53.992082115350726
78.74994069267282 52.60904319569008
74.76864113340037 70.79927335667698
50.65794922077439 41.748989812775996
2.0993478172000812 61.68357176324171
40.74873467394329 44.42797456903958
78.0907802229381 35.781210007937695
60.685108137818474 63.17911106787496
15.023352311566295 27.931215615854864
8.667022049638495 26.28679511385834
10.187419753479364 38.94299563428019
22.40041004986274 36.84663524350101
98.93085129036736 24.85197040153614
6.536350633358012 54.760877123938776
53.81337971053687 55.50932841964372
85.74925907005651 26.091714862662265
62.1439557434758 30.952578923390426
14.860538202147344 1.8732678610073328
29.963739373791753 11.871862765344188
9.80427596383504 70.9383562858255
73.23781801407331 0.6828873817453562
51.772005275103275 80.85142519476665
33.870032944985596 91.21485162225578
92.90771300759323 85.57886471958092
45.30004273219211 24.113195762257988
38.4391316014902 44.61431134706627
79.97999189597806 17.12836267986181
89.51365680242864 31.549194921397227
39.58340107657526 88.05351077415918
71.54984822105095 60.00217829683495
17.218770136042107 46.620817665074824
57.610903312647125 58.66644003700562
13.880072507032015 51.206117911333656
53.5657654940082 86.40800710227784
70.25040772572073 86.5834160790307
82.46028550970685 70.89158362234846
38.28329195311502 44.85175670912162
83.47265957325288 77.84345803870958
13.030211806846548 79.26098185373935
54.727996591534236 80.42527827803283
47.6180676778267 81.6612272984839
6.700838154511935 69.96420322028037
33.65790048598449 89.1186535203591
50.66173912710221 73.2800670134061
60.00889194502976 85.85105589246204
81.65095468608365 68.89295887065207
54.72846067226639 28.84566125028556
26.651255695876475 98.55470623951622
62.20655412391737 44.17922209374091
9.49578026887986 41.2300133865151
1.4553963519701174 82.83821130152941
89.9113152469782 13.015768771107538
38.60697243519849 21.3585540206951
96.30973148647462 34.61062971054203
86.17949877684843 68.39048294089537
19.580710411605416 15.034039697636226
