173
67.00204509160511 69.72518981108361
75.72586667402578 28.158626529928444
31.95548836717076 85.40263839166965
68.19214814307307 36.10555506585287
52.67133635494415 60.47899256404917
54.084096639064626 98.19426498087702
89.742073604296 73.14261264083557
53.720510658662256 20.395725054668812
40.26818382579086 77.02408002681508
65.66418081153552 1.095727932717061
6.517236719930974 54.40973780301641
26.014011690276206 96.47549374273757
24.211004231210165 49.966532479977296
66.96889478150729 23.713724495674416
64.04773624266362 44.74261675028919
6.01556962104568 52.864465190298304
7.971921527813331 31.274180439765043
74.76505138701357 60.35210073516102
58.4035485300056 46.00457485711959
25.26228967861738 15.366528474526442
0.8296025648366623 79.72869918698163
46.424925642657385 3.0649904511046766
15.887582967121993 92.13888602016557
96.61827770585457 71.81881400608758
68.70259652993809 86.69273158603403
96.90175247858383 93.13210713261934
36.61704478640365 53.76339998706733
93.32433723119208 37.38415107068762
53.20002765993096 4.189996781302574
23.696661479648384 99.84692335736636
5.348371746482162 89.01424652819756
70.73411107435876 66.47589486790838
43.391028780636276 11.265610698952855
19.1224681960528 3.04188421901882
19.152242281691876 99.45821905077275
41.868242416417736 52.547240532594174
46.347708333858165 88.99437558508893
90.41005494221542 21.07546348479805
81.82605461650324 14.979922865814244
95.99668320274934 13.832318709655988
52.1537070435422 71.69997650570093
66.00266042301912 39.328732703186816
84.01347463088406 63.77497408917681
66.66841452566409 87.14748963760151
99.12864492822501 53.41390693382221
4.204115651205975 65.21886302139522
31.08138506470981 98.13537289168733
13.702014484381076 95.78130236346041
15.37413245129111 78.73319389882082
77.19111567846821 90.97271700729121
86.39793415569042 69.21568092848406
71.6118421727025 97.05422826706676
37.417605088976444 53.66062122987161
97.68149722642714 82.11067977354533
70.9868748745641 20.684963340086792
17.71491938261699 31.096326170316104
37.44626032563038 10.719772352987
1.8020204926717853 63.03166456469539
23.99955056586045 18.999129126639048
45.42256664626984 96.45625186791241
31.85290173065951 38.29695386036672
13.867352387912845 12.701037538546768
89.8257324939193 25.693040218183494
0.39246279934259665 66.12997516695913
50.5197438009056 70.91475833911231
61.37657327808896 91.15612929552512
87.02347011912988 49.99147391091964
91.36403571756742 9.044071791564468
1.3993648482462318 50.25074997033456
4.680918382262911 57.98714231609835
78.27378684169595 19.143759089262723
38.07433152335147 34.25821073493813
74.15566644399158 64.99522719817993
91.23716292452177 42.58219698131709
51.86858431949106 16.98932191368986
33.16024461343585 46.84442339826362
94.92844044063295 64.90482878561336
81.17975474869465 95.88290286471315
46.5222090049246 20.31462047587119
20.485161764104497 71.15342330603292
16.03144609672179 92.79156881380172
98.34708733587524 47.41036512966209
10.157411488285984 97.08319117269039
15.527524126896076 87.45099500343173
5.04902713976787 33.61527906430669
4.523787663442591 77.98119911242621
75.30100944116984 34.94081698910419
0.8878557463130932 55.90710859847453
86.45828690092087 49.75936928346803
12.831205303130776 9.079994938534186
82.70112064108974 68.94874455706046
16.535977814477654 28.369299800438597
49.242396281298426 59.015138787150626
51.73343829822321 51.446745808021056
23.62571561149386 14.390400218093259
14.433752693008394 20.276891735449553
54.70076173603685 81.89262179077905
62.584005611887065 60.191189941251125
63.49176812112904 5.016677918921253
72.02374474338154 42.58449975159295
55.09976105133172 94.46115109602242
81.5856033092191 10.600740375766716
62.59885004218807 19.31364050281611
88.27363757283949 19.840884573799034
76.5567461433486 72.18656266093222
14.282572901354351 9.894244087496807
91.63767232148633 16.36852650961329
53.26327522848061 11.226321184943522
83.31814735232096 39.1424610636908
63.03907119987255 20.640419079948014
2.199129089529439 24.473563206453175
34.40636458756129 77.49424977123996
98.27901101148812 81.39598402145337
90.16286034177017 51.44325482707433
58.283601700059386 74.58442414184643
26.895660672060263 63.150183940541424
60.25502827554824 49.5567645441512
58.120032124063414 62.246260547878684
91.82739680161691 98.95539915157462
19.26026051142373 28.770252820813102
11.899031000454519 29.50306908755079
66.90596330322819 55.97627797975178
74.72448081191459 75.50213309537067
74.05266028807746 35.65008366734603
30.74932670875632 40.351144604789134
8.965074796152761 70.42589551789493
55.30309321965095 26.78240387967191
67.1526020682356 43.127148841332506
1.3734006347028704 24.39728683496625
43.94995774477297 68.52954092503354
14.572158016120651 89.8260131569122
55.2941366965945 31.38098621302611
31.00267516030264 96.9824356560067
80.93768922524552 76.53713371154241
80.05845661830973 42.047040524866496
70.18705707209104 65.501732141185
71.23438532531475 29.64854476927431
90.69210601332452 41.79833791979767
43.359381183286814 4.152481847373046
2.9758335584718743 45.71070508158988
94.96747580303439 81.63983487865367
35.441742067751846 74.37328232598166
98.15057726725016 47.67191689802349
68.20361611312585 26.756349082117126
28.529898986550485 7.402605272815698
47.30603767772745 77.34753610684464
93.02299055395564 76.6711123282655
61.47232320308268 63.60627371938282
62.218465344544526 84.4855797465854
79.08482480810882 62.72967775873667
53.864291649867056 32.46029132168782
39.447883430910224 86.80397007957
0.3157217453211514 78.08274930764853
22.489673813764654 83.83691635288385
9.52962935629852 32.672411162362245
63.858257774775595 89.96391398077344
19.22687567758995 10.849109319906836
92.00030126855468 90.14661207882624
45.62596405773527 82.40615023828639
13.834652097274702 68.25319399932273
66.88138501186499 0.9341737222739899
44.71680985318576 48.35539641191492
42.384791083284156 93.73355322766676
78.36966462842047 81.43668375559106
5.509488224204418 13.783396359620092
68.66304972026666 53.04726531422859
89.05899490486443 87.74441102540888
95.00752772306905 85.4241689151155
83.85820310855591 75.58613430079932
8.93969670562046 24.85579102165857
48.60057607188584 35.62590961795771
83.41244830530974 85.210286778512
91.65016973611012 66.66123021011553
