124
58.66706720265383 66.26868721672214
40.75925158986481 8.728135951550009
29.461153605252854 64.50197887326681
89.93821719179064 32.44557310902467
25.95949567080632 45.17067433883497
96.96853850454208 81.75485195554906
40.60355304618085 29.491755958659084
71.699495861897 48.39716420059318
49.635771269821895 49.35437367302291
98.07915117731632 84.95952526914503
18.583625299356488 11.361242987879427
62.43308149215866 11.617108726840309
85.35912995286967 27.11933299999544
91.41643567431014 91.84358958459978
25.163372285276132 5.973383150739931
27.748261493486414 45.96182632218806
51.179935568480275 98.13287163568273
9.268040696612367 76.5558117301987
13.981874411102147 17.730926937993285
5.217088742563658 61.548450918560114
55.623208277950695 34.60471659588862
68.41542312264045 32.34868627163352
99.39704233256958 17.470119361225777
36.950775954642964 46.5671620639978
19.403586866291146 19.152863007661647
85.08443401743907 92.86128754307722
4.3622373249097235 1.2242758263744768
47.360769519076754 20.90397149680011
50.924677681267674 28.411978243833282
14.073764896538854 64.45189519243883
15.179330467963014 83.81696482477061
63.92845996774774 82.10030205878793
24.09805943548783 38.693927635476264
22.19984379042611 79.80079163811257
74.49836961076095 27.606693798192026
17.443661338560613 81.40731833706123
61.6370307129544 82.26292325205395
17.997148169149348 28.125874016795493
36.10905984188436 52.37018862013924
1.1315441181995456 97.70740053942197
59.98978025059509 1.628268626440832
67.40036121846906 13.726753318995167
11.765189036893464 58.05864943525971
15.562193890236776 47.87923102191568
72.99721961047028 1.8827656954981675
16.791525461518177 2.432383588149978
66.06389230608966 6.509185659186167
96.29241914578553 16.76884559207801
57.85169603910425 17.46546405602786
59.23199249237916 85.44645968150314
34.95618590565043 31.190079633411717
19.139810665549906 34.34402408153638
97.14060778790619 62.73893182214177
21.67666108921471 3.418600895936985
94.43881321874204 67.67138640192469
37.85111343206591 22.6634633391696
19.871633013923063 69.47091415390346
39.006620009196624 13.882493943851026
89.87916569089299 26.313536447734997
21.922862643639306 71.55750837000421
81.6522960387034 71.71647344722035
61.13252105287385 35.665397422050226
65.76613911497427 34.081175264915444
78.25715328999104 79.37998701827924
68.40786020882291 71.57426568507714
45.28851964383873 57.24834284619254
20.61685962223685 25.974128581504896
54.18031855034309 8.568307851275403
99.70700704819902 64.02175200144532
85.87434031924658 52.67681935075482
36.15284440958635 15.868425601841718
52.219281483518884 35.907497823963986
3.7217882216726172 69.13725015284973
55.89285579321687 56.006853399890645
99.019079842638 93.78977912215943
84.95253900835986 57.006873509101716
70.32892003192983 54.89738601226115
58.05089755410214 80.45367752742207
15.933296478749536 98.07685212606903
48.559879988538604 99.85236326820731
94.21571332153373 45.424537170594135
98.25558115454307 18.182180362566037
1.3488237871369213 42.97835773278613
59.38243512180781 72.3409333117432
78.1153372121699 51.184424192310885
90.98330077748648 81.12299827621861
71.99745907901905 30.100500483179903
29.90586413693309 13.293877699417289
97.42730393244605 73.34887387082203
62.0186153173268 1.1206110023097349
32.66990401072065 5.388906997302822
24.659097706087007 48.35345432539748
38.91364459038302 36.598606093186866
97.26565377668125 2.3014493687400606
42.876777369548 95.73087301983394
24.51063486672691 26.522822198413575
63.057859888496615 8.040654830389805
25.264317426153447 26.891642622783486
59.890883765017854 6.721312088321241
5.1075022945690325 32.89052192587315
8.350990224575272 30.094752491706423
97.42593486606903 2.369986989904005
82.57796647823218 60.24446639308224
96.19282993595579 34.31942255050983
79.7376469044798 89.64821793138165
62.346880546767636 30.087646025846837
48.44228413132355 27.450444733256884
92.93117745417506 69.65751052169263
53.774541329252614 45.96472936823157
49.76297128616687 44.7729022491738
13.74259430102126 76.84814299741728
62.49383220217894 64.89420584438425
96.17789719547434 0.7070407598492534
24.075196377529238 54.4131455058024
21.017094710041906 27.30019001110374
30.157460843877416 83.83605305395324
5.7292928829951855 77.26475037712571
26.063373865707927 10.354731127309746
81.93874406145613 29.933811554166578
31.108792528809527 36.642454961897606
11.210815010292063 56.59376624036501
49.34300319697063 54.45412821149751
78.2845172524213 48.11573433474962
36.759615339569926 37.675077545743875
