170
3.8048152481965802 5.383739526044263
89.50297926391929 99.80190283970171
55.069092491740676 9.325526482839042
74.61945005301496 98.79034058580393
25.483487216501956 17.613559755822482
65.89464015852943 98.5551795569837
37.46866985410957 62.32029401550601
53.62913079777953 28.571341912713176
32.86728218807989 98.5234097430955
34.5683116915518 19.26904899679546
77.4073229679472 11.254171049156236
15.756733076578788 36.0554276000723
6.2692645444428425 2.9733127236108325
13.413094754245025 48.34482409187745
47.73228308291586 1.0615609522697023
12.735729487422876 43.811274619129826
64.17814603131107 7.890206354834062
69.89424073053611 57.985461715272294
31.183127880098304 28.177599900175863
92.49275887290257 16.675148913543715
27.05094975862783 83.09225806495576
30.967662635297366 93.67620874579787
32.362166550589386 75.54567742204323
32.72484620073648 15.700607429248858
49.004845398026234 56.133771654282626
94.40082751543697 8.709843286491525
74.60989873998172 82.60030949318003
47.02556238941804 50.91847890193257
98.23194036223295 44.43503532338931
72.71687813218082 54.67256484066231
32.82142804843697 76.19915046879508
18.89644009713519 66.43520437030327
7.180665273000486 33.411657334178415
94.46914513538232 88.07813885373773
57.396246854299804 18.535663476119534
85.26227996790355 87.37717586037637
86.02851741988884 19.754559770661306
27.776765040261463 5.897714896382611
88.21296180362462 67.06109821474611
13.273039754265902 43.42939217445845
75.0524585695007 73.83133906899224
21.152731233774503 45.893677920080066
31.390428986280085 51.28963838515056
19.221395865342995 15.63231685226868
34.12929150835302 90.62777442375575
7.444217837172595 44.305229551761194
8.180609892847968 2.525874378167081
81.99743731402019 40.838659518688026
29.628787777451038 27.42395879713656
39.91605699401786 40.9472007377219
57.39933111385746 55.68835719940262
13.315784249565276 27.891576301568477
48.19192793255914 20.82222918719583
89.76061490652546 93.68201869325912
47.8284561572884 13.757492444890984
41.903414121150774 60.78000415128456
57.62111424485532 10.235578684728885
72.11127015067696 4.4048051228011476
37.71349341804893 49.212100370409374
5.197704231009393 43.726604353616416
63.55283195954109 56.31272229286819
4.985430139782842 93.56528548058876
91.3741245552249 16.341703461855072
29.514201214986613 61.40630394401382
99.01090331561139 17.623393934931563
77.42978714819978 62.190741530100425
8.055120440272079 85.16434321789079
6.8386760365861665 64.29273977004675
1.003496233115475 98.10627451464043
97.42413950827637 1.878329527927336
96.41357391468003 3.990384628265786
78.11192436098574 80.59707069755295
91.54484533131219 68.86933395814624
7.553641024204383 0.547077717207689
77.52775959352336 34.24415508236319
51.55816553936056 89.23851301825465
41.76203018395328 74.15017683751023
9.3003810757067 22.047903352681054
43.781235735708044 44.547987959132215
38.27623054228575 30.172125722623832
52.209527116661405 0.7076299457016932
69.21463468992361 52.65959458839271
10.068190964918678 64.21845703161576
96.42237120740744 18.847644290663812
38.387684486843824 21.162783252832472
32.022192533404194 77.46343925323653
19.110088747107 46.15126368451053
0.6056665548915596 72.44643599930782
34.26120708959197 20.95230076797523
78.2143714145142 63.67191561044463
70.41917494733279 76.60926610818235
72.4896021230158 10.648973618179491
35.99605917933169 55.722767972272905
94.47443596288883 62.65586055527781
95.65934576124792 31.121634939710052
6.599412959986683 26.939058560566743
96.39367376355669 94.38558363509073
98.15903825333369 42.84346113223181
11.95466586028655 87.34444887460245
73.63869213799667 60.30196440869376
25.380644773789427 97.8472385031258
7.325306530165188 62.02127918912067
49.908401461950625 87.38897940988136
98.49538635095242 66.64448823785389
12.34864707223724 50.679149871674554
29.792172000743346 54.27509113619752
64.8689647582388 91.65417807070605
64.02404748591083 15.85186446325747
67.09457493633776 58.93349383922355
20.76571002118466 51.92952745458545
76.68813451612169 42.33195389635006
7.382290724515639 60.43432887682661
53.419182630420046 2.156622560430421
57.58460484125193 46.2037906003778
17.982398827457136 76.90207337405496
80.42533574400102 22.92515717581267
39.22184637666989 56.191460964390686
56.44184671598088 49.49783343376514
48.582080071877655 19.87350578616741
54.22683831286922 16.355403335428896
33.069203639855736 95.78984893050482
19.948562280123085 91.49072575352076
61.03797774999337 41.07767907311326
1.2520595012656677 85.80145912134132
70.69260991255545 7.319949863470365
17.84076946775379 21.30092597424419
98.79326877642643 10.805717764844669
40.936014316405334 37.45384714992749
90.47510640769855 55.51703459479855
70.68589866178601 3.5447714956718945
99.92302990578933 57.51258169904406
60.269077746710934 79.81167861751929
78.75755925200744 62.11210650766701
43.478597841738306 54.67707294781534
0.7315609686601721 24.306600117531662
20.052096273280217 23.634572567910627
59.521015828698495 82.56999910535791
75.90686543438242 25.49056761215276
55.519417863636036 10.845276480536425
52.53762191260051 74.41539402512937
61.52261472760811 62.69838623959589
13.130567961395068 36.0734872760449
70.50097625226198 9.116055716399796
94.56866777303323 69.01132102532534
33.4056463180471 93.29181940135844
99.81164641738845 65.83895465207806
2.7241686057501435 54.5214834175819
10.983898738097453 41.63024884585342
38.337038091671175 20.546489137665947
3.7859186697661085 70.78602939831306
26.229169285270814 55.410060694435316
91.71524587420944 58.941371328554546
35.879531404047725 27.01372444384822
79.23163819797101 90.34125560412006
3.7817330185116793 68.2818646724316
25.18009759574593 87.33738198851516
29.443888746178082 76.76344693102946
20.313150665215364 61.963526512429986
19.008551689550846 36.68445918604153
56.338620789640046 39.32840864130325
23.411571612802863 72.94332568191379
46.52252749595564 60.324848154355784
26.49395786652482 40.067403724904274
30.053899469153677 72.55741910234245
44.2390702521522 54.3907761102062
56.37759647950197 16.917384711997563
36.82842633164497 22.8263760426318
18.166575942579477 20.69633820509109
14.44287637560151 72.2701771234627
47.998600015003554 83.48533783993621
