161
23.953100709259477 68.68876689184809
59.274927666052434 1.6058640824209602
67.71013019515806 26.30840928693875
30.46963063828504 13.196664855059726
58.39885708236978 37.63955853323174
85.07436126044313 5.599139728615943
94.65868856684558 33.86512653437889
73.07326866400517 27.052572995840052
8.78581828414089 5.472083637434066
50.34210035645334 73.13267204205025
81.218370356396 93.18356230300131
0.46406849309954534 78.95441186904982
32.7563291458066 33.766732964206035
0.5538372889614895 32.52520187922324
33.0326226256494 83.82172848313013
37.93505105445367 92.59494497926147
64.33197364036084 6.06802893448255
4.584808993428724 50.16137125434427
25.072633009785417 13.150326557809944
37.800063040839504 87.23755782131757
65.36161481006704 48.422357627768584
21.232944575115642 56.97193086208594
90.36111237026823 39.51258005068004
26.21337527389417 60.689820560551766
68.4347833937215 43.17493890187155
86.87168040545716 9.025041474958794
10.390916278048746 37.805048382640074
71.50018987535991 51.05419925710276
4.878617504075344 90.89181993553773
29.748540426533797 25.334193514379322
82.1224848932528 67.58906952131298
29.72047297037029 57.28076082133832
21.71663339795589 55.37586736534046
65.88608406491463 64.90957020747327
84.74734271110628 82.31535893025034
48.521224514877446 97.56383335869099
19.218981248648394 12.4395127866314
48.56018028896722 90.82064326490278
25.704103506316144 26.095064316000016
71.84017234723018 55.96041075855949
89.22417558881081 99.07543613798407
44.72133998769504 94.35882765557947
56.61949102607693 80.31153234258747
34.547476290889165 0.1031344254580846
99.37218518269552 33.178414010987844
76.44074917389162 42.00051994949299
30.290549030755386 73.79315880311309
91.64933469647495 66.29404185114147
58.67456805563806 89.13428383712292
78.70938947435222 85.15052291234097
15.417821503201468 51.85591485103268
10.417136261820803 81.99879069151017
43.246651506111874 81.70909148177773
84.87861487982032 39.920332531641854
93.35492901531721 63.80201140805553
58.67482515678459 0.9086492234350207
17.09123876824301 96.60816335215169
77.76946914460436 46.439794267185384
16.022005789527704 41.68425422170423
38.671488033976374 76.56063428394376
64.92534517764827 6.806889924928572
26.225325315755455 80.48884597648366
14.77319977406787 88.61951401369905
93.82248916088142 8.551817001723382
71.76755589973008 25.95018574163411
43.998333123757625 88.23138151885891
63.789573175580664 45.07744323646155
97.28175689260557 68.6919902820832
35.677207214384666 97.54547728976272
88.48256774206486 58.58922210906036
18.40928575430518 75.68864460743485
84.99155998289024 35.84587119836951
83.39888310203865 0.01133860448659929
45.21866431736572 46.98535127061606
87.3110671524536 39.190942658859306
84.69620144323214 42.45284448811714
39.10758936235633 10.984021247211029
89.72870823195342 10.25005400908613
55.45687879791122 94.3190845334398
25.733632978156372 64.3687737436152
96.63117990029836 91.85128963496285
1.4212754914187609 73.64958883442462
57.03732806218721 87.66735542505319
26.568241057214735 73.98440476484757
35.08466076722673 7.321337347103951
42.12265088037254 63.01303843350671
57.05151450640662 63.8241215238796
26.247706892239453 48.85905571109923
20.614423547668192 53.313521091611115
81.19692244193178 34.96066395701107
48.9998953484729 88.10171395214829
42.17984853364649 77.20808586933644
84.0126129973761 88.22821797429803
95.17637835018277 48.82707863518827
58.04720703096786 38.36344485100397
17.09356663767473 46.55637849541916
97.09073150606558 59.929431902332055
85.19804494856876 96.79793665391885
46.50757246470684 37.98333010586658
68.9864781543811 88.75447897775966
6.45328382777638 21.050034880658806
22.345686109970497 5.888599614219492
12.90193657735681 65.81171074002474
14.927950170518823 60.4585963594628
43.358226751955996 2.9345816048803153
21.585773974685097 58.75728619573758
70.51812466427786 39.003303445685546
63.746985008022165 11.123819467647845
8.108301691554898 68.67438603708543
66.6854021605743 87.658071498759
59.082579890960915 9.509524113876822
70.55093975378539 67.40227320536093
23.373991477876743 66.94405376925573
74.4960118760789 91.71630095311755
6.7015583694673975 64.52264984846428
71.88458742294524 27.580940034627154
7.846427871551864 25.73249051924581
67.6844027648158 46.45350464202199
45.26425393994727 73.3555738870484
86.41152855381999 94.72869148047714
17.72631772319159 25.496586019060384
1.685123276022893 98.11561062909203
71.22584238040388 44.42310873740228
2.0265427454165597 14.10993111723542
93.89977946961386 59.775011238990636
99.67676865175797 48.6717585402899
41.87382914960152 12.445283110654625
21.615793597545483 23.802555370129397
52.924038169600166 94.04221110175381
88.99942621776023 19.856214135421403
36.21270403353263 24.302910824745418
6.532441259921217 61.25844781721641
59.79636204621207 71.32411560262189
99.08397469798918 3.1484363433825213
10.290277280186533 41.66231779329126
90.11634703728822 75.97774707955159
3.6979815242749403 11.980641859747077
79.23970799557766 42.06457514138222
62.79097387748857 50.44271387617568
68.12182160568257 49.378185788565546
25.872351771185155 9.039839431958319
33.790551843823216 18.583922198649315
56.572134645397234 98.50872704667808
76.51100776855131 88.86714284091688
48.850290771221 40.896698689350984
89.41543511956311 25.18570602634087
17.686448582427516 61.474270401594254
54.86958793098162 14.50633954338686
65.42887507076382 48.486484166127575
49.273362817334764 77.89819104827174
71.50825109869761 44.0785147367029
61.18067658077291 19.924644627057862
52.52380889405097 14.24881710691105
1.5784716580745095 32.33984531884268
78.37656246580991 4.421900412627067
9.260712659005021 98.25842276189843
78.7595790926654 79.1855464794647
99.61851358280596 88.24721501824114
80.37130603817914 16.471608170538943
56.89281187320763 39.544731075630615
18.22902830016805 88.41383294225965
