177
0.38890797237666197 66.81602638015238
97.84954084007464 46.284003560919594
8.031988755628072 79.93672296893415
88.33749169291035 0.20530923541899337
0.9730801714291304 81.39440704739836
45.39627409020287 56.12077323470711
33.815105527700275 87.82687312973066
97.48703657546245 12.730522403435563
5.741490510423075 75.76866457753688
77.23051260105525 4.683472933107868
60.16997617717975 19.776107792133878
73.27752204224619 66.28268818644909
84.7943898271694 14.783262835424171
31.214218702872486 23.051352521437774
14.74204251856136 40.628773045281484
87.962761298848 8.288230003556407
12.84509553783344 84.69791559078134
61.86540256473572 66.1355971204646
90.53131317994547 11.52494913050588
16.123022354575667 90.54075526492437
76.32558411280684 9.137796133609221
59.88165268563386 82.99562419523818
24.106337210141692 1.1943200443016333
73.96657496406979 77.3054105070362
24.938970911390513 72.01705446618972
15.216398598272496 31.81620610018484
97.67993127201869 21.00535214503445
52.34473702222805 37.396256412627494
57.09279760003852 77.79671398166896
6.51262467406789 79.5377296305682
55.106824127996624 82.66102984196301
56.3131591807846 25.4530145291613
29.402756834937783 61.772733852597874
95.36035964496185 83.86191225024473
38.05389176077353 38.1384882261658
31.07415468447816 62.55908137502336
32.162712692975326 44.9294663682892
73.15088797283444 50.09878581235512
68.5859012771264 40.45727599365571
85.39642353184853 15.495958269363442
15.014172504519397 67.06086425225124
16.329122906480386 43.216546595879215
53.39352518634968 10.617550196276426
40.724744997274854 22.81209113677599
11.372786107818712 32.04658210216951
25.06616033818041 75.58991975582191
6.110476776075357 40.86719932082873
33.261329842182796 42.92134460246662
82.94924636799476 58.39479591299372
77.2776116613065 43.075693677807706
76.89232333323758 51.00725577298624
89.42542650441293 90.85565086723913
86.86494574101164 39.50919173076757
43.04085265321357 34.717861525276774
44.782506179580054 58.848524590507814
96.02127443083009 25.28266595243095
73.29072302480667 28.994312700225045
48.2462320945086 83.51674873404889
17.770960380628964 84.11471696002529
94.13459335336347 14.856899924941903
81.33295725036574 68.59895983465957
46.88220470731515 10.280681412936199
32.36535555214544 92.25441506298472
98.9299202125273 59.27202043152875
59.57760515700701 98.19744702153294
68.41124705998625 74.09679221812688
4.217497725918983 2.417612444570383
36.16747076672231 48.10622338058236
40.0303936080095 4.591321001349414
26.793138018978823 56.36475724704181
83.76018879892875 92.7565054223354
60.795595607558894 7.2158248582331215
76.09225693504068 99.27994587741607
14.739910864240358 49.90300953782708
76.20196341456436 84.58930816505882
45.64432072707022 37.5654659033891
95.5247558263519 32.61487958576812
92.63857222633428 20.84322321632537
54.54975762012325 61.90030192968518
55.45245455122101 29.206228845981418
51.83925370588322 50.47639494850574
69.73661869355364 45.244829966778
30.634249383052914 30.042285992457664
88.55321660147835 50.03310792542819
97.49762041452516 65.34217562916727
60.84642750711471 8.335952769799393
97.3458182627424 23.18671691128511
50.20734573100626 67.21123600526593
56.52919644646882 83.70426992440133
64.7911056685713 4.896768160447262
69.33521500865434 43.94937696652288
88.64811895603314 46.95707299174725
16.930996586640113 51.56228025068581
6.930726039684576 10.55262558829897
34.34218664656273 73.49206174005424
60.32769413881688 62.65301770839695
13.439891792516967 89.59901528596497
13.078681250276558 58.835654958869135
14.022124018932248 21.5525988479325
45.04210316984473 87.53317291646418
31.2234179951126 18.757527381430105
59.00242353164056 36.31505334512119
74.65821245165756 53.39422945055603
36.55388232503219 13.831383730556801
75.42167235321337 16.287156138736503
32.84927570545758 17.723332588853825
68.8708775537543 10.942599929765763
11.675900108839365 6.743909278875426
33.006537303081984 43.040087863063114
25.397349783096956 13.527220266205331
49.5139931575063 81.41051019441758
13.746513422324869 95.86709054118447
78.34285809822116 83.88593009054699
53.49253719798086 10.640827841450907
45.91658823025582 22.401149736367575
65.16871852300174 86.1185240437792
63.0589297561642 4.602673443129513
95.0951378269255 20.078680653694626
95.81874501967962 21.603450037958737
15.618952585398949 88.35416492396992
22.07624872547258 25.62165799424475
15.081064160206715 22.503637447684333
76.50990092491266 62.962984106824926
58.768832222557585 45.92870914813828
17.65239637844962 46.05985102225204
90.01956316019871 83.71627306541937
53.07613567305493 24.725010935367454
97.04178195493563 45.49439497025715
91.1690741130974 98.3672832965712
24.067288629704652 72.92553609925186
47.0485187364757 44.97108698085245
2.304506472442791 37.99720238959121
38.58336341223904 3.707896258881449
18.762152866711325 62.6145590564765
43.22377992962618 76.19631412321584
79.80702830676574 83.76235963297106
35.88434591678269 41.20562768578068
29.406406166898392 94.89325540562423
95.05774562383553 47.6982027200394
73.40463213577041 51.87554301511097
55.57971550370342 48.48665725661932
8.621821631566673 70.12962892941287
23.665975508943827 97.15196637639728
49.13068971519069 61.739887988823824
63.56558953266881 43.41588009685072
92.2846788906765 68.8389590410301
81.99443218986751 23.110411576696364
56.19885282472683 11.269954884328614
99.94264372726504 90.10210560918624
13.965321380598084 77.28839339124319
13.058288805369223 45.074064742836704
31.15949706563914 43.52147523617028
17.520890457381512 26.32371393760745
70.29940151133164 42.568468970696436
75.31797432082867 20.12112110931834
54.31366778918276 53.87041963299431
97.37208410321388 25.37254101379243
60.85924837367865 92.21278751326251
18.12382353996832 50.82660484779353
92.06472007076205 96.43327544649402
3.3587027666771463 69.73629436773344
16.663482684187336 68.85191659813044
24.318289343908862 4.767017895751657
53.37814721237526 84.40955399903622
31.20220331613186 38.65762652536742
95.80057542743064 88.78887979860626
62.26139665536614 50.85391737197749
71.2441559860267 5.858444876459778
98.83035156501987 27.632634243773268
90.0974316999581 0.5629402918452375
33.33921269778367 66.20102440828475
73.38893973573425 11.54586598624643
25.854269342099535 62.25684863298968
34.54570804009622 63.83750355055362
67.18111989374948 66.95251415058195
6.110955816643193 13.027121339840198
78.53260768526353 85.0493929477108
