105
79.31853156315033 13.28916384189166
88.7850601049434 85.68880657769203
81.81412470968867 0.29590672048903643
29.477369308300382 33.42735502475988
81.31268190622475 41.45975895972309
28.09423557666697 23.018517636816817
40.353788885265686 60.127389217546714
1.7352404075514638 24.630086713299036
24.93879008723384 58.34725228777234
95.19690521428062 62.570042778646325
98.18411159127585 99.51803071348684
79.50696357036685 3.0001977968686533
99.02563554148263 28.240582906434074
51.78534288694788 68.97509863125184
39.255623892844504 11.731306940231512
80.97798096647053 10.676541212426983
10.773837898927518 10.830609898706866
65.62470161735894 65.4088657048977
51.33403714725576 21.514317084426626
30.161216108132816 99.57032140022052
0.7833156231814464 27.11951292553474
82.30900282779979 24.133114432329393
21.500818084645644 28.30788051310811
83.98231790927602 47.39634028935089
83.37184185664417 56.850049600871664
26.14883433810984 59.848309754618
71.5565000652738 93.6021615309738
56.698866409310554 37.73519634248411
49.242615503393154 28.42740771511558
94.62699079067087 53.037729131464005
65.74756248297817 63.99791681905017
38.15802885547205 68.90994692829871
96.44474381164619 38.39252211919712
2.773592750437992 97.78902218037948
74.69080086856235 74.9065079675504
50.68826094846324 65.73604191904869
53.033531551604675 69.25689991994936
54.72628752748181 86.59006608106269
57.85780329173802 94.14546174745759
41.07963268871357 99.20430072641831
27.31852240821595 58.32444137937212
34.472853043685994 0.291082599375192
92.87500397950049 51.34556778824509
77.13753906702281 90.5384759960898
35.394432845634896 99.6368545783144
91.70469465132089 70.86966121419393
91.07932921823469 96.50598408536938
39.28675346275243 36.196579696794515
49.962554393927206 56.50254040226786
5.862353025220701 94.1999083025674
94.83485608651763 6.948390192370102
36.83342735891073 89.13238878349242
19.57002573065295 28.095007696299923
41.56636999854529 33.985391462625216
83.61751611310491 23.1859675055587
79.92527795432441 20.56949283307763
3.8710866148753187 93.24992299947186
18.083904291948226 3.5942730406718804
98.43272137921343 0.6498218514960463
93.893382388099 49.03714573172287
81.28746470010452 71.386738656582
68.57782388916924 22.90007194043292
9.568272119503952 47.842487549226284
24.161607747746327 97.6844522808938
0.008291265635673728 82.87498229403968
29.95831361699006 8.844537328507151
1.9334978893076782 1.6233180506425637
8.219608003682543 79.20748064003124
12.14901680944276 51.9274257915789
98.91219110722551 46.06773094407396
1.4250854567905646 74.33913900393291
38.079617242929096 80.35876803762288
37.65718308506181 70.57547591636933
84.95965017857672 71.06357979412232
91.93582123845616 70.19437189224072
26.363951531977314 35.06943444834286
27.633121416519437 55.24427936022135
34.16321420685493 58.86642967526403
3.622905164227297 97.68584412281592
34.83293364576262 73.66625916113809
68.64855413907915 61.942031462314596
7.067080725243235 3.8613320321277955
62.73778213577462 38.136025843767385
72.84454442368566 0.2726325072746505
54.09801284089097 88.85703469314159
54.959996161234805 92.49536990607
75.0266398649606 28.86411057678
2.7048753950063786 56.46306087906028
69.12152784382278 62.63254656718059
79.4563439976754 91.27954665048918
78.97534591767254 82.93808175849603
34.500440933327106 19.903003083576966
86.87388807581058 17.97869598604138
73.05456872376753 24.699861539444214
52.42969325429656 48.53949686861883
22.392676740310733 87.95102642844023
55.64269508292664 41.55216196010828
1.8168785400483611 21.85951534200231
5.3230376036439875 97.26122854618086
83.38398814187809 92.10331590365573
56.74892125062374 3.425545052107315
59.86182928987578 41.82415662985526
84.79378025912992 65.25993402840903
2.687457183382258 59.92687549558002
45.37191964336351 34.6483207690905
