150
39.90509465501199 61.755888034246844
68.39424914184346 8.249244163249326
5.301980607272783 93.17302680769237
24.84616439498347 54.37921898652035
67.9364024813502 28.46760396511253
46.52840709600545 56.34822353125241
40.258360846913874 63.267978319279315
65.59330465912481 54.46244292356812
18.313938598022172 33.297274461379764
92.38260121826771 7.072396681960957
73.19727416263169 94.67296637369908
0.946995715926302 43.045419407586316
42.41934001826999 90.01697003641146
85.99992790293598 10.079251792996102
96.55928930471381 3.024572678280879
93.93846462642183 32.98894168688988
5.9446231140935275 29.057626929747126
26.552730424376957 25.552272467901073
59.05565511004717 46.50750220481069
46.836174860256165 45.021606164986224
67.04968837758449 77.57743553134519
71.61877661413473 25.639558936397634
7.794440065623154 41.447381148733086
26.852940311962747 6.791820530703929
31.557175004362847 89.88910995328244
92.52454777239112 98.1637802174135
12.69937671034297 40.580679670365924
47.346110403495565 67.53951365111325
84.48156221136344 32.79836091676248
43.04958625447605 67.08748681158156
21.83460402203209 94.67624857381712
30.49455848067838 87.67645636938069
21.834084565779822 3.3218716886287636
69.19555659310961 48.46703171384613
83.79744744311026 79.5802273012854
65.86802211572105 66.76779147436147
94.15112321633049 99.62431501812061
84.64226334386785 64.77743269161967
38.82113512732433 10.656625910420159
51.19147088119287 3.3655816537008554
20.153392553102467 44.76105643582683
0.2592330980533575 37.7101445257532
11.248871853229602 66.03926115412503
46.77839425455539 6.26991767744165
96.73207902213919 41.94683325986378
97.27094632827308 70.81962780401581
61.01276074342561 76.06767185630885
84.10532233713872 95.02681934025443
59.567129799027995 71.8205225086425
85.53608728140932 50.50433117921307
27.41239554237802 44.445285032721316
35.94774663557862 97.07562225862807
10.589838727741263 67.30533573034495
25.039318435583425 96.15796331928425
87.58908467315737 43.41710515459495
89.10672985921971 83.95335005761558
90.09686479031849 88.15599843140264
44.480367596230174 83.314985216055
60.49752549334006 80.26262890639074
87.31685388637263 85.26081586581239
4.295583336788578 49.46467206172973
95.93924466734293 33.11495458432855
38.953927482291306 12.695599596420038
20.40905871513541 6.77082115676434
50.23612634392133 85.11553670386567
40.6124560609991 87.7367897444687
6.556886657568084 24.206631878228613
70.18196636733101 27.789102237737517
5.801766132019493 65.67144932283378
74.3922994061262 16.38742062575843
49.54249227988598 74.36198000662691
13.636145689713342 74.96730672883658
97.90531537419443 46.65413176873798
48.88066805728708 73.87510075156443
12.677669776812351 75.32385210225105
29.451950782817992 7.405468861090913
2.6251862226956524 91.32615377533907
72.44559197980472 1.810539221918761
23.654570209352254 17.097110611026046
8.115965214116649 23.264666645957533
48.61797461935402 69.47689881492971
18.015886948267802 31.61226489903848
69.7032333649593 67.00150611188815
13.863835121253853 6.8022126045022
18.449405462136003 68.90565886643361
48.778749521481004 84.5968890490319
4.965138024706917 0.5582789299910296
51.70752737631664 58.04437219757488
7.679639896624568 43.012139396224114
67.92949767243137 33.47320660276946
60.947500536049894 6.674131821963957
93.30259412276514 16.35266715555942
26.10241147047304 25.666294972448068
94.73877545691334 9.473444335994596
50.15721906813566 70.58822448229004
21.840780197984166 57.78464065494065
20.019513453502736 73.57964533899722
87.33177231522643 63.12337094782401
36.79538822336531 30.57432851360471
59.79667160628048 78.37243194794536
63.988715049805656 8.811015221139984
28.484940728031482 62.47893083908911
86.16587164863586 53.8160324321767
33.893276547775685 38.17002521648835
31.52373471129565 58.75924091807651
12.076029215846296 64.98008470366543
21.285997306386008 27.771164031295303
99.851140837021 23.816505244997
39.41547585155447 7.685864733587444
59.76119965975756 66.2845424899561
79.68104509124277 57.08618871654952
16.680547543119516 52.744502241789604
94.85887745986992 7.4166823114564355
55.091255250180595 48.7225105034917
3.5498644072815333 29.092652767884097
0.07478911090030849 87.82308355499136
70.82076004120937 50.984586237519814
69.80477366325829 23.57389264196521
94.83184032421433 70.34623959782486
24.01604486386023 14.92273039875769
1.252538194901498 63.15434606505439
69.03256280123648 13.640470328654786
57.01166292913678 31.48827319720543
2.129495234319878 95.86166583062587
71.81563886269498 15.207831820172046
64.63228533268239 16.89245084928569
36.4752539722051 9.47530448330831
42.964834955361944 72.0624834936047
25.71599068982674 51.223022072172284
81.15343567652467 42.526210581183335
18.977695144667184 27.246544092469527
6.841712325888238 51.5617747260191
88.8866193726539 38.82895008092155
79.77187849327252 74.95710322770726
79.26749310396218 11.934698132055122
84.55032992451511 70.90429059982732
95.0827602151131 29.12798527149789
16.67244486537224 96.84490886356406
8.079901193654015 25.432699679692604
99.2219968309433 96.16434631956268
93.19131382990119 48.62716339665483
4.596231856644262 80.21014829419418
95.14028170715643 80.18096454776176
94.01689777431983 44.68079385399132
82.78327996220347 59.683457108079985
38.52695589592879 5.107874574838811
42.339327365147824 35.64497890925954
21.817719318440474 83.8790796233885
87.89857718165018 18.40626875987312
43.05764825088776 55.79739194888759
