143
53.67915319405502 99.11857664330988
60.496380386901436 95.35708976725178
76.5031001494933 63.215124037403825
74.72671091578049 61.35283147103975
45.02024750937682 35.85077840492947
56.06985520453388 44.85988216439709
13.368631217535821 76.8104674825458
16.289432567790595 22.642794734006287
38.14605545867188 16.654075345431163
6.231102611060768 67.74427244886411
32.99121870949708 53.04258822493991
53.030488957552 33.45955655266838
77.1022907886047 44.79423369102595
6.940873335757658 69.84246893266965
10.836900916310432 52.87878542579614
75.21982864018952 1.3832168165728076
67.92664993330021 24.167262650927658
2.6926991196561056 64.76231996810611
43.73457933221412 39.13103007865138
38.571034261974255 63.21770344438495
28.31919290824718 75.44078610163453
7.2686543225336635 89.63080787026234
41.8163459551736 93.08600346963503
97.53010649442069 29.769788378818983
56.04383250784859 87.32145899790353
10.657426621520349 12.33231907816127
39.31736163499142 66.65342955267496
83.81020150988624 63.88256148925478
93.15375606167042 69.54791636796483
89.62355519088146 17.804580590206886
31.08634921338165 47.82773288166364
7.525934349621677 94.2921642229889
19.65328532369327 91.11517623188877
61.734014349797974 69.95862124970014
2.9421636498762394 87.09378277619906
16.831230826578558 31.892869123978386
19.63639570778607 40.804461656243475
79.73554900766236 5.149143810170642
35.69051559001546 91.29115391170305
58.00254960935737 91.12118353047622
99.92454934411889 90.24280456896993
33.418446163354346 70.1847400217348
74.6197670073681 97.6995678256391
17.12573889104383 52.39136110583325
38.273605633009566 3.7583440436572135
30.51357023938942 86.29471469749167
51.97014147338819 83.56111693022432
67.73021019450864 88.89945393915607
47.486964195556766 26.394987773827662
55.48165449900758 92.29613396704436
33.67105436804767 95.1408131530196
44.85896185215944 7.891441608212202
97.46214940476547 0.754190490686879
43.45052937803883 37.18900045172611
89.82455104532431 31.472572786411092
65.973514426515 0.89787180722668
96.14069731435774 29.920957750563204
82.77682950406057 23.326668834112308
47.94009747993698 98.03855398470539
79.27133755056202 6.657018532884829
3.599140177740745 0.3632797822433753
8.039330160833646 71.88583395153935
77.66806893122255 28.881059726494705
14.876316114905762 0.9258299827978766
47.28690037746155 68.45588088207377
92.04531719050306 18.38426145145402
38.779079628090315 77.29478697847806
52.576806065547366 54.6418953126379
64.77018580493089 99.89800216873232
53.90511493168649 0.503741038465344
54.50869794647035 33.69601580899953
51.903764411735054 68.66817779597035
3.837133065763909 20.892110288337797
84.86511924361137 96.23918663561514
63.2739767591177 32.20636589775731
68.62872735175314 40.299885837547535
72.4917673776464 14.236806441704807
32.05728769255387 39.27041986327914
66.20120273842657 75.19365447611511
78.02292378347727 67.17824773896352
4.241291492463328 61.10901242547504
57.810986768441964 13.3596209251304
26.476981617934904 5.995430712482353
91.4845479447869 64.25169256831597
78.439215954097 10.80855015389992
69.58795717272788 32.21159267724404
99.41971562007332 91.82086156417384
16.29790455558061 30.089033122483542
14.849094260847762 48.00667547934451
12.599173091421722 42.69965830437907
10.84444600714123 27.14411046382217
29.949508269841687 95.96618479044949
72.56912515427493 22.901756391174654
29.78441842086722 98.82438529101721
60.36877785381649 90.66019382602846
42.735623731258244 73.105464402561
78.1148714045554 11.370515709021012
41.31852910522078 42.86862135456999
10.888070307433562 60.345939117685944
60.96327537983678 51.746939643553304
31.03858299122684 16.12308146429744
94.92589186341587 10.239894411689754
48.23441566243169 75.8430932160326
54.00261862470386 68.26561584454367
13.39764116470079 94.96682357002354
16.33276048818756 26.18768757356498
5.806371153391576 13.928831420160604
93.33030189071256 51.406402156145504
68.74016567809915 91.92483718592298
35.82189670982744 90.14254857417542
48.13922361351784 49.415927174716444
3.5956688777083468 5.806860536446923
22.86286151738327 47.69943674438127
96.31150250029225 56.17402651616364
63.79813813509837 77.95717454823608
81.1686195161273 37.6836624094392
17.994536050438914 46.939836329647946
22.672247735187455 35.77937344536208
58.81139053448934 57.8274341873164
71.94559433258318 0.1664763502437383
26.436729090707654 97.35709224648822
46.020631037639816 32.151411631357796
45.989525097934106 45.817023186130555
80.18809949361804 56.296986479283376
96.37275454105935 38.818310008018884
39.68510883047788 37.95968372779789
83.28503897130672 72.96799749167592
78.0275671446163 70.5406564171721
26.991121141916853 18.30985821818475
51.41787206637544 10.35574042743529
28.727826758930107 91.63423473811001
1.3365351636576928 53.40381428643071
34.938201967486584 62.41291365169738
62.566141802102884 58.09043001598485
47.26937749668527 66.93531586605074
62.78739174337973 99.67942414483205
57.2793695013157 18.84719590290862
90.01059209082473 33.89475301643164
84.68885536732262 70.4506706536528
27.91588831965559 4.497722729372711
65.6659415580973 72.73906604882511
99.92895618488433 55.770333243649695
48.892120914388094 68.61475100532991
