175
42.55886244617866 47.128558855167114
54.13284676561045 92.12574843703099
8.122443672109691 18.222460550461463
76.13838672552521 33.71876878269674
0.7900595025596369 68.27156102384562
25.598141889070625 59.085665462221385
96.247400518956 58.17767582895962
49.46840829769531 41.67759271460686
44.60673449162507 55.01473442288981
87.54232331223893 88.37478942129559
63.51526664814978 61.24581050907955
28.199341323513536 42.47014375268883
75.24845300232957 60.33320021698826
10.503559097937709 7.641955274335666
24.983923175725554 83.62742311323773
16.5191342478207 58.77404042188621
60.7318172571101 94.721229559607
50.546150520544856 17.92043063408446
2.2652996557678273 53.90116060638912
37.53778047601216 80.725059602563
90.78018818160093 1.3790923321978177
0.5432651141780043 59.82941101569946
88.16897762244956 31.174726936188733
4.26855371175715 60.622853307029665
10.137624231990628 67.84585793832478
56.66815836885877 4.565531126425992
19.95782278954984 76.72295620974803
21.69496008144649 12.623249182533247
89.15972807528833 97.74946365188278
66.04314774723983 94.02957252835898
55.058598722941944 13.566136124377405
48.54509203387509 22.357438005848007
81.95752504899065 58.24758736328292
46.675605993125366 22.551581912810214
16.558880733458903 84.89828347508849
18.040934389654282 58.706734517792235
39.39771160749076 87.49980778768142
99.4695622775304 16.754518540579376
31.379480861549403 94.01464219153796
12.675411494754874 28.713254476643367
2.542786623353821 71.9986779394749
46.80066170086859 53.70954611977245
39.16439139980854 68.69654062483716
40.9733963488077 9.502755970375409
67.49584336177273 74.32330004419762
32.84345725823977 42.91941020639791
7.312227500744384 25.62220028864668
11.426533184954767 93.72437021095682
20.551603066808177 8.752017397948443
69.28486747664353 81.11989311140152
93.83144164529841 98.26788773931106
16.26669528521689 9.945432201949512
15.141682937619816 42.27922388283039
82.35209561515418 45.19715238981543
70.21853300558624 64.3688551996188
8.103349987874598 61.65210056675699
90.6590889597723 37.393881835747486
32.03082652368037 96.8262308662257
11.53081633513503 15.79813909724247
7.025239272371831 86.24787280356952
49.13945803157366 48.880006920724284
64.80950920681664 73.152408300767
72.83797663714054 22.26704126287251
83.8353825191809 2.845314839492541
23.984110640148735 65.3588644432212
32.54624022805056 89.06569982930584
7.050666496814695 1.3686838354671105
2.0413886579630836 68.24091645027059
11.265440645329306 19.764643138655824
12.470728833948597 79.50318959344814
64.34077452301189 53.41938642856648
67.91460283097113 73.5900927035634
36.92341902411713 74.90821867071232
10.465518403223495 4.433362587419698
94.88807467919465 94.4666912118346
13.529862254671233 61.82289970111818
94.28909677219625 60.23617063851885
7.684138055658707 8.317361774477039
15.619934144205716 85.5524912530033
21.85953206551239 80.61207082923654
45.14643418044019 18.42186502177724
5.740258534659892 83.94528551444262
17.33285081480711 36.63474219133512
43.13744555093623 23.57798841095484
80.45065963319314 14.963727891871159
41.479381783611345 20.90973907359902
94.46694856852722 43.2855242683874
14.03028503366891 2.14546919616897
80.02654741131245 61.24271654576634
86.14244864940478 52.227334143142066
96.71171449158777 69.74593302325891
40.617485536097966 50.13532930497689
57.78933860621008 72.71706191949525
42.948922660573984 58.33297306073919
36.65166298534548 13.81181390611278
11.70416085009095 76.47477512610996
79.77932045172173 36.60676198635389
69.43505849786722 1.5487569096219178
5.568325330764756 59.84944441249196
39.92473564971585 60.16606622947053
78.42716249854101 20.398024176870997
31.623910854675742 77.05986305481073
41.767934375046764 20.64226316313912
28.833015529990625 8.82646760397996
45.70108286659488 67.07206015988787
69.78047860963612 89.60384695424442
38.304255668158106 33.35461905052037
48.962238563716696 98.79448659416798
82.73854985004576 45.14289416526077
62.78854463239079 23.119073581520013
54.92811367001935 46.1947732436928
71.41891798445184 27.504466440916953
47.289101628041784 31.58361747737529
90.37562008302493 48.41918749270623
68.75606629070916 79.9306888906887
11.79272727999512 60.16977474981584
29.349509534526717 99.35779685458618
74.61674003098415 50.074183965145295
40.51712873661951 26.08366409021835
82.08081068628493 64.59373718468642
42.28983013218263 75.55210560109013
83.35401332803582 75.02221618172966
15.649167085549587 13.822202702965447
57.25844080697892 30.695484633904403
99.84937435185327 17.87215010076234
8.59627094660167 46.52483870192492
10.218869552469368 86.12515020182627
59.702432049358265 74.70452170152501
7.516412263708483 29.256514565199055
77.1186493433974 83.53833128748707
46.19131887060145 48.45908949444249
81.79539567354186 58.78514472188805
52.99736070580659 61.96658626380101
14.1060585832253 38.80227408953508
84.58885024291814 41.900978731507145
33.884997982600694 15.271448316786351
21.805142733093817 67.90151080973911
49.51888253616751 96.84662119592721
30.884522428430337 97.67856987327337
89.48572057884894 45.63439912478309
40.484734446336844 15.106647799794393
21.093734026924437 48.25118137689542
71.16176094701719 36.69368023100332
73.18994896566346 50.478091455681884
22.522435932792984 44.71676166682109
88.82256532426129 15.227830698507116
28.185573292670586 94.13384181247663
67.4046251187917 99.82120795524064
68.70322235049088 60.448011528188964
16.26466061708818 93.94284876941038
5.867757232799143 22.331145683501706
17.592191526797095 91.62907063549761
66.9858940287147 65.3671763234066
24.809465138664443 47.80330709355999
34.72488296528661 6.560609087234381
54.63715699368474 13.678055481034946
67.14527910912304 41.676055632520615
69.68803738837472 71.52829070687812
92.07245538513108 62.349864256513
99.2427086844644 83.52315968482242
71.9137142274761 78.71304764907111
10.738341826998587 55.95247902197815
45.406606259668756 89.20602880524254
9.572051200201603 58.374083645304054
83.88131261217059 31.07575275509572
44.305434523926024 84.92505462725059
82.391650644178 86.60152436262797
80.11448501046655 2.3362352613410686
61.55790832592514 21.966071677460196
2.458085600413895 33.60883934639659
99.38043821928197 22.092912985782164
81.75128301580376 99.95161470344405
38.06900681008706 75.10877447794341
26.028383461244033 88.11321033669
8.114996627067661 53.62600602803504
