184
55.774558789729156 76.51724361877396
42.638868326620496 24.07840032717843
18.261821978379256 31.978615640115038
35.66321755101329 59.557230268877845
15.30057945540866 42.62478272266915
62.593307282769025 5.14392219809231
16.45596081656854 90.7649445228628
68.67539362983909 6.758130726237798
69.69748037389688 33.97069786144503
68.02528959766364 10.31395476506195
64.79844361763747 52.73110534164378
7.601113671489101 71.65609129299253
72.10440969329811 36.95395520063997
51.056165470515126 2.420205182294466
60.37537100756971 21.77520042512402
92.86903232761561 81.44202002581589
91.09053252089623 81.69519529034544
45.04091624091201 57.2190895258322
83.32806085864597 35.28142908119667
26.859514359452984 64.04707677846682
7.345787454677799 8.054038012450683
8.522378725916491 46.770578472099466
25.88786870565175 46.06226669809798
85.39413282951536 12.235837157078954
53.60116053447689 70.32644378936872
93.6881799548271 96.96845123368837
72.7060032780754 30.350410635389558
11.277185221305363 75.82336164382072
68.05189404648824 36.55927158457848
45.889901121101786 16.962561718948667
14.06759474066197 31.048535178718073
64.93330018210125 8.154154995961926
95.41905998652895 65.76036892039185
44.62005826942753 6.271082408034545
94.57710573061533 87.98839148853574
55.50257284599155 60.272439806401735
7.18051424029963 76.5202647845148
13.182349708487317 80.9716421379461
24.50110975342922 12.166892884931412
48.7334796145319 39.0958400797207
83.73394480470046 52.41137006845206
22.09919076396629 50.3880298398927
25.72830312984301 24.04594196022084
50.15133956162002 4.748744578054409
13.020864583467107 85.59881884206352
69.75579562049117 2.159549118625659
55.374236686347786 74.69068990092815
2.8194247290613483 67.64070962890383
55.8444997140217 39.940428368296935
45.03682037238319 25.408405727212703
99.38886454814828 70.79649168968307
73.88203485572949 48.75019667284406
87.52486315856865 91.42374555767933
48.52830034195236 34.64934764053707
23.898804640805494 16.65107535905348
7.15601141140686 24.546981698750713
67.51961171020419 61.053992289417955
3.442584457652198 10.113814933670573
76.5873453936902 51.569852700936615
42.96320927422646 0.48700601470963445
62.4655639225856 69.75788297215851
61.53765421149768 84.39680426665205
4.97894135244975 77.71952504035089
12.995255796963278 39.706247548408804
80.50354775695071 60.85678957986749
42.955543472055844 28.661006146184263
78.02210794299039 64.57255386871768
24.029552217110407 61.43066967550875
83.42900098548076 23.132012599038386
67.2704954008415 44.95441754161163
97.43380159937495 88.171296188958
11.407246466038801 74.58773821007169
99.74102352711162 26.509313811744427
71.64049630846637 29.262866247552076
80.63274523437738 18.69977402628483
29.956530413977234 65.55169654345481
50.59786090039392 99.42907368666708
79.21601617247626 26.38827871204663
53.38166171430311 20.38751809255158
31.437610087792965 2.6469747041574454
10.955677997322844 17.059261635343447
5.755677149304461 64.42845378378667
43.001140993209084 12.267891730091884
85.81423560901393 38.392909099421104
88.91203933907326 99.77070993275022
67.25031543603176 3.342879765440898
4.280211069072626 60.470309286429966
14.782876320110605 95.91998190061835
0.901501020376172 80.27990266772508
40.690209618098294 66.3304048256914
51.47728037938698 88.12399845143106
82.458004688023 9.677973216968304
6.588389092262514 84.14768899308456
89.01453851457993 64.07651537992074
92.02776628354746 71.92074528809275
85.98121885652219 95.41397914821371
86.34977584075783 71.08922865394078
68.89260530164299 78.47108375641079
95.13502873830899 41.324515266949824
6.142466446973938 76.76532252963719
19.768018655318865 62.58658193442581
57.95819290406211 90.49217870837425
2.5893674135690325 82.80854764691784
86.65448098714421 11.952405496596318
58.85977366560818 65.15765860561427
30.904588266296372 5.009955908359098
9.983247855276101 5.862414126048099
3.9783542562732976 9.148866003703748
1.1391756698700184 54.64142424240788
11.53584631491289 31.196377819175304
79.7867467527022 55.36241370965238
84.36446573560973 10.47128504142899
4.586458125995274 3.4938866341321706
33.65516006419552 27.29973967345186
22.635803916556164 5.125439105020735
67.61777488789991 48.87841439185387
62.280812653589145 88.46742206189762
17.551434094723216 25.073104030485872
56.46189119832985 45.461428324013056
55.71378279569601 72.67302581991046
13.057045623438379 29.211072784688785
40.639522480101164 79.63052921296885
42.838014497950084 8.373577040911439
36.50560002138089 39.37996613613491
37.05284879413773 92.32500263466548
12.995415484387552 61.61743227496274
71.41793065424352 52.92129980029719
79.95649015469589 59.62398133994961
28.66902122591124 64.38140074358625
38.76701163175756 0.8815478493319651
4.671763013384278 83.88033829751161
18.475432001902583 20.83010265676506
43.627376061574374 12.082174374200482
27.22259475934784 87.05112636639821
95.08909168042719 0.2153233878142924
45.650771644044056 32.866391070874975
85.75874802171849 78.75966893575284
92.25688784419458 80.6653763601902
96.29070784801235 89.46682699138945
91.1310586115369 12.315705864048887
50.96996166971489 63.90519064850052
8.821706312644972 56.00027001957858
73.66950316797049 47.172912964758936
35.61625068696058 33.26691090563757
11.462223986738396 0.5995052147242275
74.76380125399189 69.28003039336382
28.56150617920291 69.41513708743415
62.66991184141364 73.91699306836594
50.58172649757415 3.160395556482676
73.12865212967085 13.329390057339275
13.46689833031891 86.61876751287757
94.13633805659016 58.56881703718406
30.79201724720577 28.193846740163732
18.130573627402725 15.44060438779894
57.227361087472005 17.892172225578495
5.372093959045898 96.58922405551587
45.69605825626449 8.60106523892692
92.26760850054205 63.72009071075468
98.08979463984599 92.55378560314162
92.8041976021108 1.778128348560959
49.919669329534436 28.272855422622143
57.74266986971202 81.44448496486582
38.39869941941457 53.83810106096918
6.294967717867761 23.445149957639366
60.66987014926013 82.32490239894561
17.726871285908175 8.594822735389563
92.18986100016681 35.34174618576051
4.841085401383394 62.17846181541704
63.66879916318913 22.964666600766925
61.62931071330381 60.37254647074223
39.66773231945534 27.153307650911472
30.742651666931675 76.02089442973227
86.18997292157108 75.49042359701002
4.56214575285353 75.3748320415746
29.609815130326155 2.381386690044174
20.79489190520558 26.6920507990275
49.61992981196581 16.369638140606845
15.536252099676851 62.12448538461718
62.661490473702166 96.4378349577562
47.54805792960405 4.967549503491975
90.66539924468304 42.01327478613044
18.86982972758333 8.850242392789298
99.34475064674785 57.133736099680775
75.91284618009648 90.3025995316703
