116
72.9073823480148 53.40250152612245
43.32806705729627 68.99730194923718
93.1256456793126 61.95694211306401
96.00003905734992 24.08343209715961
24.69145840630026 35.015503745001055
6.512288635155594 85.60102911716062
12.333353019134485 70.94003747843506
35.800706000889214 64.23176672278737
21.209083701830412 2.254533352054311
8.614823875751243 94.82179554794237
66.57603959175607 4.528323847132376
68.02197996177863 74.37358448556698
95.84383722609836 48.04907350199319
40.08777182154386 83.2866358283928
84.57318951159506 15.261352243236715
97.64536138027171 65.60780024712584
56.175620221905355 5.502778120199858
30.932404876346986 50.47578484983648
85.84083474526383 79.83003717711209
35.22475363537424 50.24285118273094
61.80361532078062 4.541284317714012
91.26012806264562 84.79471393521388
9.936429490640608 21.268632412203516
2.0864929554612055 64.15930039983994
32.11418575664163 25.079203645960202
9.73420599361442 3.7498750704125783
11.254442615959059 51.722113117285204
58.48482571829656 43.63251871591839
55.949302837580916 10.194679411041108
73.01253491200725 51.86968238186861
55.41935483015552 67.81569470046611
59.166547629097444 93.4493562844202
41.730515793684745 17.753087315599835
29.265071507982356 81.60344535589634
42.820820364683776 50.88812910140803
64.6434884053128 39.874015329616284
98.1356084344126 82.14295366117477
74.28409720324315 43.140054706730936
3.832095721038231 96.05700119953238
82.20940923230594 60.9176707401327
31.831172040889065 63.65310397112349
98.42004261136412 43.0275284399504
98.65713669620632 60.39156790101077
97.9155561010164 84.21837593355768
97.62439962932477 0.903735816820217
26.753915197950473 37.741039176117695
90.7885905753628 28.281953317921136
14.40940316638979 2.438702666873782
79.054025425232 97.53041391922547
91.23493363099307 65.74419117265278
61.463319689114456 55.31156262047446
11.746249873884418 88.21480713016938
2.520777996379586 88.11751372324387
94.74411223608634 98.18205703275135
22.44501765173432 18.894182676733696
90.91867793665179 43.84399111557145
74.25798317761964 0.8733864257860158
8.730438864767965 67.0570642106015
10.524937953773373 61.65655438349542
72.89125603924008 81.01435012129978
39.36208066855992 71.02367900134003
33.54114616512398 91.3994255306873
35.09978875405362 87.65232093532434
60.34496365435468 59.131663566307644
48.86016444605161 48.55973632144729
23.49167307661032 35.07116409920346
81.03427954606462 37.773133202764186
91.26779366339673 76.54302965470072
70.55225569818033 89.40271200005763
23.71569866925396 79.78947175233594
76.56171499017941 23.596171006976785
41.915435087521445 53.638877000785946
35.97724915367817 0.009680220743890633
67.67305402273038 4.563741746816752
5.477153659106593 62.525325679435504
85.59854054956541 63.31726035741008
77.54777943056467 35.08602675633921
76.45759083135458 35.067365941471884
87.09293744208033 70.5500147278814
78.72099299167931 65.38109201274183
10.79628547138265 3.8741108311732053
62.542088522794174 16.744563770918674
35.800693864290146 92.29229965230414
62.37305012251865 49.353898283780275
89.4614445550772 24.570126451409593
50.263273784875025 11.810045961199878
82.32432626467384 75.44131017988832
89.29516261006442 11.440449168646039
9.935911373129347 64.96062408998812
75.25428165363716 13.139864025272008
39.268683853485285 47.81424973599061
69.67665434464585 8.338674935420109
40.74556100053219 67.03467673546525
18.683169579456816 13.80384884454483
15.960096623741403 71.3736302976786
92.6942003350495 25.412088769575767
81.15613268197902 10.026576556954204
38.55775330140834 67.76705966448425
86.0374640624898 64.01507616577081
94.4846445928259 8.794959981908645
32.425969950313615 8.492894533597717
89.50446398617132 62.76406556704479
71.61639592497121 85.5600370576646
40.62739113481925 5.617130448084351
0.2122719754830915 84.67811471849464
61.14293354997577 68.53335476116827
3.8329486167540283 13.63926214498803
60.29504041276892 15.155818660540277
55.71299690220539 94.93656177202585
43.90642265581306 43.027483304241
25.26924393252672 62.164816813189816
33.69083792051213 31.442144047157385
73.51805506268819 62.21974601758073
65.54408469954149 87.13323855048876
40.06646483785443 56.046191731235986
41.73275659130549 38.849191213864074
