106
34.506115629247326 3.342586050035057
31.487271687420826 93.15285278505577
91.26032170804751 24.569427708807112
58.18316941992351 39.731477674850304
45.9058554835986 84.21123850039776
0.952326455109942 46.481412639090344
9.549755411541872 37.47133385635454
75.38221359542105 55.81714835792224
7.408128787621793 45.293484534106874
52.57653423047478 80.81614905074639
5.583292726537059 20.026825266426773
96.54715701705861 80.8364740426996
44.51265044138283 48.35945923709911
70.30522106591299 77.43679636405015
26.037028823144016 39.938308771907
24.91081721488866 45.35356604494406
6.387927054958686 31.35753981821955
73.57142779553124 4.900106439642138
25.06159488430092 96.1714111647279
65.77447906464701 12.110382305485846
55.08301692916251 58.346918264188574
61.51940168531868 27.106841902116873
95.01007375040757 88.71030056453394
4.67393224585424 35.553821161243434
66.36790183840392 33.851786503863565
86.73417022839254 26.77460578390547
35.99783986121883 12.163134933764708
43.07781590707156 4.001640172014264
45.14387484564759 21.713083274446397
36.72414318944499 36.80514513696574
80.27792043152293 42.12109564748435
43.916156501513925 3.26181195552141
77.24345835965669 47.495868794009255
38.022814720446064 7.927341979403435
37.45709382887256 77.21224274562236
72.4352026443081 52.4678246733724
0.12090629051670909 86.58500035999272
32.27722247887152 12.262343181020508
56.74072183998997 60.936046290092484
18.63705269822099 86.30561493573256
1.4986439028578769 67.37057086965532
6.061048503223221 50.65038356406131
76.99185694103703 60.98681986814795
45.60200109146045 79.0049975581391
93.78848158068229 28.19206825677125
82.40795872647422 44.67404130077012
67.18316334979055 27.700506651731704
12.930527714619611 27.931033078580413
90.86940930935204 39.21900529564485
70.1439786160874 42.12122209625119
13.086040874433436 15.125344687376352
82.404792256568 59.77986009197267
50.895705521867555 53.062125378257754
84.60982255826123 45.88183676304512
34.87403097174732 42.857218598364746
82.99560459497917 20.77741232348781
95.7562611027418 78.84666276887067
76.29690834743724 92.78739434366757
64.39834603014526 88.32667495209796
23.9977501737885 41.489031185554246
1.872551650193488 19.068682108603387
25.47936490580146 82.65059359006716
27.99126279316102 37.85948771792056
1.26005888605919 73.56906697470065
82.54722167366431 63.71136434464908
23.729511032215388 44.00003955764499
30.28870902888827 50.790342453748025
69.69667665445063 34.74154682400062
44.89968457000209 30.16738289642239
29.325249072371296 61.817608079531574
53.073002927179324 45.676152164104444
43.41062481263946 58.03992120692145
36.4213110169847 53.7850273496169
74.08100383334596 42.89980964201817
60.107745923933244 86.70635681268354
18.556842402190576 23.292615371865622
11.549455937570963 20.274689323755336
51.84401550670963 67.2930484295218
58.59580760726547 64.90665771575568
39.85634209560109 59.12224888452739
25.748287786693947 28.59434344344716
23.78021117466482 17.50960141208351
14.17598185040948 97.99810251662461
99.4943950121913 45.72095485970499
67.21223467828078 39.193284940389375
41.654652405871175 16.985612665761096
79.16765384299327 62.43192937699341
51.43295985071505 51.558319353780924
35.15462613064436 7.0547794886563375
56.8770892033854 87.19106172439346
52.870811065657165 84.26616811905903
4.730791369603049 15.395719876180557
66.93130407610896 69.17941997679611
38.35253319323817 46.80207770886273
35.730140607649254 32.528249093521886
88.47428846785765 95.34476491087214
38.95444442107638 74.06812460194065
50.1476071559763 16.57514279615522
91.09736631094873 96.25662585230059
60.77845988424819 51.645560108594914
85.8059163355276 30.14142324205621
22.594853016176376 32.88839877875163
96.08231292496049 59.36287181036556
16.589044494839523 58.14656521264495
36.39711108767174 75.03643645515206
67.48213933551199 80.59477971697888
