129
87.28773190470449 60.860852494673004
76.36682458714071 60.61999886277466
8.006524207084487 42.00657258422632
58.31925639826745 21.05375478780114
5.953562509168164 45.48717385463438
65.49374578491565 43.26818039333733
74.08280928543394 98.43750438017925
23.404827848987985 16.967108658533924
1.8915377189928306 84.78481307960652
71.34810998503846 49.38874301442583
3.517147021547229 85.25239183569828
57.53444019772031 93.1946697154771
66.32862941811545 98.41864077626435
98.99227825825389 61.96612493268658
84.88798731377894 22.103188656201855
42.412006422730876 42.335178606987
37.37627608835915 90.71784118998455
10.534204963749138 92.98493224375255
61.98484432250672 90.26093959622916
43.28751568120022 60.72370007800565
66.85545123384419 11.016738287415684
1.757813558594834 59.041141730859934
77.65274081468529 41.74549311935246
80.92091240681147 90.90913947788339
83.60396715084748 32.46860498084738
51.35569644011213 98.49878480178667
52.029064624280394 3.134528199296338
79.90793319351124 80.37496674658303
98.3069900973761 4.279238444782418
74.67681248414223 26.943053576841113
20.258426748907198 6.762233652439031
73.16272901770795 34.04943390132772
39.98096843915422 91.99158881641948
71.55114902678406 0.5862135154607873
47.312331815126974 59.97388891054292
20.405698153915075 48.173476883662204
19.877348412111072 84.13827428277362
94.53048885717863 18.372031733793726
61.30901658900202 75.9325207099996
91.65048446005258 14.496465085251831
81.10878991037471 22.219139430885438
43.3626991485459 13.730927182294582
66.88184758861006 0.6534693183440465
65.23034381614026 26.073764614394747
70.19428871623572 0.033236977468698026
65.65472645061826 1.0086111247121665
9.799681505132263 29.758948938426542
80.21708699020485 81.27056774918513
45.19122899429628 58.707920109347036
93.15288498311894 28.82916810524264
26.345030035689664 62.98951431905887
40.52643407183139 56.68980057498661
82.63685459778186 60.910670047228756
3.622808883331774 25.691875172187682
64.88801354927409 94.00150136955963
70.15571598436922 55.236089555813194
40.48273153094652 49.08168716893363
92.7259880147743 82.87072907746965
95.74468066023043 33.76196418639172
68.59651979285566 43.84319965204197
24.34257237439801 11.957301877518622
54.581690452110934 27.999760359220062
14.559922045949525 63.512907181657766
87.06867319787219 32.00796275802953
18.86571363635775 71.61365856333686
95.19577287350458 88.24417543396972
62.18848515024729 48.510063122707635
51.08785409904889 35.886581315830156
52.54379055269149 18.155130845487044
11.805245923433084 47.50637911669207
14.764033535977394 6.923720886257656
66.84226244751169 73.22650261657806
59.28877835751809 58.91325450778615
27.3642739123343 27.927900533554485
87.2279718251197 57.54288771545477
50.960212651306456 5.0505546836832504
21.3406720592766 66.05289606527097
9.754973004517552 34.44185827012176
62.88436763761614 26.6454355445628
38.861800032100845 91.89752264762946
40.60275859436874 3.5049547283087623
56.288111782862046 24.105505560302674
13.119785376475534 44.70001551668664
40.77083651561995 63.512493726397935
83.81099073170572 23.661908389980148
8.292941334160385 28.280281238976833
90.9645660866765 82.48627509635939
40.06596160878517 69.81167453791015
34.37419231196392 43.502962937056736
64.80549891598763 15.347331299890543
94.26173497570899 82.80850524522172
61.49245609771754 73.91357827301992
20.6386817060879 55.898005173295864
79.86593878094334 15.684611404226946
55.688511510263574 30.747406417661516
74.27175650661482 12.841419700481904
4.306815729426605 60.99861443559722
91.17520457381933 58.40373402203943
90.35365030840656 66.96411815850006
52.23609281121482 20.508898355060047
71.13606167213703 32.04764083281605
70.40564500756017 57.229869549682064
25.985534511774134 6.520353094841003
31.82171744500796 57.96142859069822
61.93837487816754 91.0752350591848
96.66435481206337 69.91420994266538
93.91631859994311 5.068435807131566
78.24788646012738 61.90688574912026
64.32500134833846 65.54962847679539
28.033276639817608 36.265745809233266
21.61698596965237 50.49685122609001
99.92398526660845 4.879246837077956
92.76271551908285 3.5724943035885803
24.071412030885075 1.3810554273507858
93.05787451839022 90.34441637081058
95.21880302372605 21.055106120323675
39.94906252278394 16.957764731381342
16.78567789896225 36.7496268877711
88.46870637119986 28.47048976815397
70.9006682662391 41.141736699523705
38.09486517535616 53.612007678356456
59.40791200242721 5.1899142267391
10.393059651439273 54.34965377187966
63.63751787231375 30.176930176237448
95.8134668076842 30.72914599639769
94.34470423656013 49.528940266337266
1.9048943883366642 91.7510912975544
19.46086267961209 51.983595910619876
11.852840007431842 51.350514253661764
