153
21.810535559621634 7.0179145574619906
9.04733091566512 29.78883886307866
10.898294028510236 11.937026939951167
32.359200714584325 19.007403497506715
88.32789693342659 90.08873409843451
30.96476736822602 23.05622973335435
89.48050951811122 90.24602102876987
59.49301933141834 31.09439569551138
24.99408010210564 87.47586023657405
32.44767797291737 18.294144727164262
86.64814546114489 40.37817505871891
27.22696664874319 9.89057614541422
21.330281396666418 63.08392010219459
65.47631881046435 23.719803604276436
57.67458893702452 40.22328663027276
73.65683796078012 84.26954603705154
87.35102249067005 87.34497298176824
73.12053821849153 65.34200438986231
97.8572816700589 28.44422299022824
56.873286327692895 43.877760056250125
12.911789280640606 82.9502624138799
28.7115024174564 8.821402392065192
82.89231151466485 67.04496510272105
35.18457030551214 86.14745835847725
15.38715618272779 80.14126005488609
2.253891463555069 95.06808548418896
26.834071841318263 35.70959459292212
89.35249560592405 85.88712181723875
51.12527395751433 99.11322429590133
32.979945940650865 60.38219837019471
35.20239380308464 69.61149685481566
8.985115503849384 0.8999350778408743
95.89479218756767 11.007774809072924
66.85994395890428 37.12291428786153
34.41317072315261 9.075559481081818
23.223251944946988 14.185456714789513
42.82505323066172 15.856840543245687
70.1208151602689 43.07262457751108
30.254002387122714 37.445141687114344
18.537306501791186 50.45039117747252
41.01768294600831 75.52583904445467
55.482717638594515 44.361234913011
29.266190894111897 32.23524378580538
72.41936390484317 54.52550549005333
3.052526145821355 90.29360636268973
28.916776116120246 70.14677269480168
12.718117136566953 41.982605626050194
5.346665637656489 35.172296582073784
65.55458776363314 84.90191588280625
70.66250166029052 64.56498493434681
8.061776213736271 16.85409439608034
44.31892612152908 76.48970916875444
50.25907637822545 96.10147156098581
62.02411149243093 64.02184676696322
84.54351810370491 38.12774723130282
1.1043123851446235 57.5389965326213
81.22971191393616 58.91885138433209
18.9855887714652 39.8351992247412
42.53209376726647 23.550370638717744
59.6216657692615 14.684324061583066
73.41327744809007 89.77280313570256
10.413595139446684 64.64907632870973
61.508742318198614 96.25021349601712
80.49388136942106 46.053075864318494
11.529581209653339 32.51067790865589
98.48298704569221 59.26584433116959
98.18474273584104 82.7503166915082
52.265077921393086 99.76471347456543
79.85160392575746 84.25884682455109
68.16167897415126 75.16219399514445
76.66473106543006 41.820470501792826
91.83068943651487 54.0013989583565
4.49888179686061 66.52347755099954
64.91410039111047 62.82302827226548
37.31377271135761 4.7059244162688145
21.273379103645762 32.85741270185617
97.94606339553245 45.13352658236749
98.81015945548961 47.862972084754595
73.9645968003057 24.79742870391202
80.72063654050368 94.05468217792811
48.00666559088395 35.22206230450935
88.4008586396693 38.35693151517867
45.5409917038694 55.86045995005344
61.90011307817607 12.729435188785986
44.70363973575802 70.96841879235691
70.63388315526134 84.21116911129674
98.7793777105584 14.611805408419542
88.69762322913456 98.87773458117618
74.05757225849634 37.97583634035181
91.17121762642483 31.382465303478856
35.62350667902858 35.654209544729476
26.63972258444206 72.03162488704706
57.55753548514879 89.58043022476049
89.06489684206167 14.484210849029555
88.68502201826072 3.4240496308476476
67.42767553884323 49.10650657061233
18.924994929503058 23.652082796065223
75.6168070045647 72.59073763779243
1.8319701779171527 48.940364123379624
50.97966230752085 86.69075213005726
77.814757864402 13.307639310518205
18.96942728972545 45.87011706781193
83.24482820552444 22.404470285312627
83.62739675996983 33.877642497873936
92.19214350399253 35.05239549718085
35.521440485233 4.971584196050061
55.38138832792563 36.31220501189949
62.657695178287966 77.07828491467478
25.810433056178006 50.48246253761127
88.93219884467001 63.90292424754244
26.64364211550545 60.08376481366157
17.33979228778181 73.875144398177
64.4429365753267 41.29830778389577
2.152840084731489 23.00968625675891
66.1748251444133 56.6871358895485
77.32226681776567 16.48084685786635
83.93942317519851 89.53469635044456
45.80876121834412 83.02436685162554
45.7040598601875 26.564195826798475
59.82637510334149 49.04094795316523
51.47303163746717 15.354758774001187
20.35103412608532 54.290577441758124
11.822112625487835 64.8510447981041
13.413103857338415 26.401403200570538
4.185994505595514 48.341681582442575
9.051573319464456 33.80206657768318
3.7818635672477896 43.47808541621695
27.927923199663084 95.35915188752318
58.02829029240767 94.76253919385658
95.89450442866585 44.76273018062449
73.41721820771046 64.96685837175595
35.453547589729986 46.41224728650833
34.4602907446218 47.282743541013886
3.692977439308176 77.59519314311369
66.22271467876854 22.924570126445374
29.0948630844597 46.90329559262846
55.25358345989908 65.8056092594441
67.40751124794035 96.75000224490658
84.83554187299288 55.39103056207574
90.48322482687523 60.69186974994813
20.12094072395013 75.82531196354661
53.03692077322447 96.00724349220164
44.14578729594485 18.0121978580662
29.016052357226265 12.08596969191358
75.2920938634 22.425229531089762
65.0114864532428 37.523269633489996
6.422905436624893 7.201240985714829
83.46589293544838 82.38431378528263
46.95504735940901 37.114737728227134
0.7715325893256852 99.11859360428225
30.365206981842864 80.79374744204881
30.827322033400527 67.54736934226355
54.98188467425899 42.70542165930649
