137
95.52733334756984 69.78674828907371
61.73588850564661 93.79978239477234
65.76496330203383 94.22920647250729
46.81847678500556 80.21681338212392
78.23041926272806 97.56563496007674
85.77118922995673 58.3053058348453
68.5090359818525 3.29761049704409
47.389440168860894 24.197116020701547
76.3023471415007 30.085455633072744
49.408072302217384 23.623016744080783
17.088636538850466 33.39342655619917
12.534001450218234 71.93201415295844
0.48103981655472916 25.556330873194955
11.634254601514805 81.81662093800789
83.98252860530786 6.854878418692023
37.20600937116173 72.78218836640487
83.50798246882869 26.399784554496797
21.28655431162565 28.316534236628254
26.327293166880406 53.71473841290618
11.341992183200865 18.20996093132482
41.46868752229138 22.16151427007186
25.364036898432385 13.071773677840481
51.997803417462116 62.58166110852472
33.73074307858575 48.39526980800065
12.662708493269449 51.828674459384885
72.06214925723027 9.088587663865066
48.56072323375823 34.398871037347924
52.670052460523834 43.40166344328025
49.08097416494732 75.73204171688333
19.943025090339518 75.66131087863812
67.22922202256728 14.975475670362314
2.618451159285251 93.15364526757757
94.7462163402309 18.157938920357886
29.206735192956923 30.505885148773093
8.030016693666365 64.91537741518432
34.10953230218116 42.37833161008619
27.969216376852113 56.13326938721956
59.77427058056599 91.01143026272058
92.2217249785979 0.5370106259859453
70.80062676957988 89.4410891814689
4.3877685790269965 45.92449691494988
54.69126779126719 98.58673391570814
91.10100861335808 23.29887915068233
26.50499896255959 86.8498184949339
38.61582369710631 47.41792930407325
75.09322682263405 63.47135975114472
93.76629360442305 24.841236643167253
57.347754460063385 65.77600180700661
3.9853643815041973 85.40336992969124
66.29188397140743 51.360408159020324
91.98348702816855 76.32970290249416
86.44386340465667 96.88961599648438
9.540440653867865 36.212657578919774
55.88521146348027 44.32538607766683
88.93685544614833 81.24854775057251
15.221091468225701 51.93302710666463
84.70437004152724 87.7993125053095
23.929857591071325 39.071403333352805
48.91762026464016 43.37330668432765
93.49212462218826 32.65440367971988
78.48536172079184 61.51529627154713
28.25009172670192 50.70789890857878
90.74791723445928 85.99430007485087
11.084878401505627 2.326404071847221
49.54627663500803 99.0190922644558
98.25168503901952 51.56691079127296
41.70982554999614 15.16405346532499
32.69200294332617 64.96647319841969
94.73650250975668 6.052386007311206
72.50605078058932 71.69701782794844
48.98428914014568 5.951955122631169
82.59458955901748 4.617145207304551
47.119486027008485 96.34080953792176
87.5783689673979 59.588187239778165
56.12321698188285 88.76957788399775
22.438154901473105 70.57404059039573
61.859684401627035 59.796534640123824
61.09211618100212 16.597137464326227
65.55143685985314 65.8203350392272
9.610749663836183 13.569696845658353
27.10712193688235 86.15444495784207
74.10658731152762 97.20469517695652
0.15839155090495716 5.629429089355364
51.53042632295596 8.53452503431974
50.233603716038964 14.623482792045927
51.28920869009554 38.64570135042349
61.20348200192298 50.53860299315349
39.217109425924534 45.48016414599911
6.804091530159139 85.82871878969287
19.375482821266253 20.809308385144497
95.96738850696227 22.03807249187838
23.294828337650376 50.6593539116779
34.75223220896987 95.19506902823433
25.215552830142542 3.533813961755239
62.02692597576579 65.72601124266207
82.09045970841396 6.181685323869701
59.88529606694606 99.40849101158787
28.40640268718454 18.15028419289122
76.92204385790889 17.377514414129546
16.97355886009939 85.24597276220621
76.44781733330704 61.83069937031507
58.236332824472946 87.34845961832652
19.47387318886714 4.83728053471677
80.25268306881476 53.47643242948082
82.80386181989573 69.88701968497084
68.36648699925175 0.9511308996918211
31.43879147153251 42.75239207942858
24.9657925011455 44.141181466267874
87.52875087256189 12.680247961044167
38.20800457065041 68.64811672240997
67.31546838592752 77.80544508517492
36.002400231646966 83.14545639495435
90.01349118192694 20.494391475542695
13.796956036339092 7.84388755136729
56.10891767050934 4.639451194018829
4.14104251285925 68.62227129549106
68.64079544627158 91.82578322513885
34.37006100451848 43.40213553013969
22.547117615718747 48.20104080847758
53.590189807521284 74.3495685314318
39.33403041397515 10.789021999711712
30.68315035780895 38.763708013718215
82.70641933599325 9.379082384752667
78.25315321277539 58.57873353743105
18.582312739441885 1.0052121430377703
10.357540257667363 17.38132693477431
82.19269892429932 0.42889780815564826
54.30400587170381 83.77826647683035
78.56254619760007 0.9510419398267134
15.710987067247629 3.6445267325988517
65.44160676720904 30.67067146011754
34.99610423266641 27.533066713576403
66.75353529107923 67.4110186474523
39.12555165715862 38.66903250381064
81.07240739639558 40.01721358084591
2.9013529181084463 4.53723029113704
80.43821487071436 65.51140867938138
