131
83.1198262155273 58.67228243926299
22.726959855691298 0.06422772678149613
47.19129347383878 33.15442923348086
53.727463432447486 76.17981936270533
42.36197587615339 19.428119188257853
27.136087097448037 63.81732752063666
36.6123943727081 99.35868986341977
11.595039998783484 82.82661936774338
89.3380417589318 24.287241184927577
43.65951329697146 41.880216431772595
55.89404154785177 25.940130688693685
65.63158812923923 17.05034996833964
66.50317626169891 62.51260431151074
46.63786021374072 83.33542539672297
23.824673427752032 18.933634245983765
89.86972765311366 67.10113605067598
92.87824717217778 37.537811749708915
15.881360255726683 0.9680867716394426
71.66799419181712 96.83784943100973
41.345988921265764 96.27198986253609
54.73113012439722 80.51649881156315
78.7242373103062 39.44640480160366
10.04683980210961 64.27336152180065
51.72600647800819 0.5996537517931388
69.05635877746789 13.830514519224678
42.21811600780877 96.59082674514259
55.994186520970544 75.03181278275157
16.689796700710392 82.1426034331035
19.117274799358576 67.4811239623779
60.46972141186892 26.77932932330892
35.7832071195589 44.344398224318724
54.21947476182479 95.46205643048408
9.77962732836396 5.243677293341154
57.6497480782756 15.519313405395163
96.43665340442192 64.28107480155553
9.618266411870247 7.971074368574927
81.58547664141791 96.32932343397668
49.848917838846184 64.00768059046368
92.64314809205776 28.78526087946385
46.86167189017677 66.58931183252419
31.718743757709824 14.316996250206204
71.69245227205572 25.825697492815912
94.40975856025332 78.57716595279217
19.596998895794172 7.315067020938038
88.96150741984228 43.465137594606894
20.28751192485928 66.94232334052958
76.04044267197075 61.80403239975196
76.13428361589479 71.56529879182692
59.643571698651265 64.5536311506536
30.388914737186155 20.65842928846355
74.12114910544851 11.035208625931137
16.639744140002243 36.61742430640732
57.30011788576249 36.33052188680139
56.37607147027308 85.45763642065998
14.942151699627704 21.986508921833558
61.457741143863345 80.34689012011775
9.433691236450969 29.227194880756933
39.642693040033095 72.16772263776899
88.85069681202107 25.682238644623634
26.320386520512827 91.50601873910988
6.992599055771464 20.927001728838402
42.77999100820994 36.97042981044213
29.437229239202612 5.7268937998139595
32.24056079623949 1.6514134413920134
90.74244029683067 26.312966919648574
88.61400624068077 88.76784518102605
42.90963613777701 35.502824115245744
90.03958708046545 6.093673237229846
31.092270714714175 76.72361980112244
78.71150945955513 60.520934642926335
49.074317771585605 36.136617209585985
68.55484411867737 53.74084475941916
18.995910280935256 10.790122527065993
54.31333822657054 13.890038465987375
83.9423471737437 52.96859382478713
87.82952708304869 11.169091968895007
89.09964534610685 90.1669387463617
76.80258099001274 78.91441070521483
64.39289825637337 9.271787924417197
33.48933049817163 72.47437184107434
2.9843425093560194 94.92531396833557
80.25095860295174 21.865090766817218
57.508600773067776 13.852476354960263
19.024433832494204 11.162544065242175
25.18218832803065 37.68099708097643
66.70292321590603 95.92981081718047
92.6474794298051 49.84289607260077
40.112882884610634 75.23349613184537
23.959726169148087 59.95882637443688
42.090079684181106 82.06777733694247
59.628203205736355 4.067932696246579
39.45530099052995 52.57973977864727
55.701999758901465 22.48022382740119
80.14842056603759 71.97576827279654
5.782852804407657 40.68200904452925
25.303288581076664 0.45709756558540704
3.3471370772669817 30.445751098686358
30.00361522115381 71.3023206925705
90.47084640818012 91.45173719993906
46.99757705158645 64.20743113372066
4.309925769644796 18.111648592526265
55.419465160038584 12.758431816591731
19.001884400293733 89.75097085161855
23.819299338577427 69.08608780464755
90.09136256654571 23.258263452775918
52.831425133494605 4.876074224908466
45.65988189065533 66.87739130796098
8.091397791872623 84.7252786621419
3.5631480525304626 82.82013067301017
80.16051833415973 49.094525953185844
13.561639138997105 34.83408785341409
8.632449526377284 61.43369658680932
16.578848119764267 77.41081074099652
79.3792457758324 65.393452751741
47.86978821241439 40.44950252536825
87.22513426754092 76.59326488398315
74.55996962390584 75.20438779113854
42.729912534175895 25.186784588207967
60.13865840635558 69.81268928947432
2.6573813763993703 38.23386240724636
49.26411484799286 26.589473461726975
54.608589297552456 93.9292502232787
51.82794753849688 47.00098332727723
43.75072873109717 84.06072863360767
67.34665281836662 91.1790296826841
55.481978016185586 80.21174395992443
44.92282783281198 58.22686288730223
65.17447079768036 69.83454504132644
80.91205338241272 12.144990210354646
46.742250408772904 86.38785159295715
7.957308334708091 83.40416712752229
