165
37.57500376335635 20.277803362030323
32.710719311567715 28.520460390845514
97.39618689710166 46.11707254553139
48.765687540833824 10.103703392459218
73.64622480826137 40.788398468493824
54.81373949849366 17.52057412533584
78.86698223908853 61.99495805219934
2.9799733407764983 33.91507579673425
13.652673026082551 65.74899260035481
49.8318135527417 59.55898280380858
11.837028313161902 83.26726131795921
80.24438418674599 53.44302182815307
89.65733743325251 24.856338148783742
24.091377646060806 45.108863487848275
68.18431405641043 28.772636922930005
56.94582528681323 43.3666594940737
15.564624380787373 99.42656493580088
63.66726346582109 58.326279738833264
17.314851521603035 70.38400033963919
25.44481052810309 90.59184170282956
92.15089120054148 0.8770519913207209
83.96665742453487 75.88558458883693
87.14171621600636 22.989320894800834
58.79108009323808 8.890863366991574
4.0078132818386685 42.27832474190627
45.45321722000748 84.69706637530538
19.40680867680882 58.117579011242384
22.211145860186686 55.15480975455004
93.86228771551268 89.46992267833646
10.519411596683526 75.80796674941539
85.6875593364935 21.500704341485733
41.75905109387163 84.04066646530075
80.43226971886322 68.3127275581317
16.3645954928217 58.087164833761186
72.95696463525053 85.22364843124933
40.401787527935454 50.37111528626836
95.19496667729908 45.16663903471394
6.385842911815997 18.904504912469633
0.12846778060024988 9.194159821319436
6.0980304716533045 67.82089169930507
25.14948537115702 8.064563911454092
15.426416338298065 35.80561793693844
67.31420629464617 35.33983599099433
49.14957507869414 2.604720154525697
23.929174575962254 45.889896494156154
36.673945496355195 82.78662373603166
71.47886164560825 24.395336709519345
59.02422144531664 73.86062862301547
79.2492271941334 31.351989019528503
76.29085878267361 46.553491610201945
25.02509873147779 33.98306252279377
48.29400113468804 4.798352629308833
45.91456146915477 82.05993989444464
93.85639339778098 21.8072459098139
38.34354963719762 15.219403077781934
56.6172638415029 26.557448458465426
70.38447190348764 88.96733442385197
2.807540972207312 87.17536797071016
18.340270198504736 26.020762114224627
27.46746416753575 39.170657335190064
76.78437983694005 79.02221907343338
17.194550535129704 25.93187205939017
73.62744942858315 9.487532360203854
41.990083574474035 23.027132168751553
40.02793593457382 57.391803644335035
65.69373189394 36.414848694376104
99.41530941715267 78.96591578662296
29.425399855964685 80.93457615101968
72.07793688949329 63.97382896686777
37.0990183506132 44.49221037254336
53.40414536607266 45.30943139455872
34.938375056278836 36.03902001428872
33.09411824029894 5.456127546773503
91.33390808507231 79.09337742690361
1.0753203424176405 97.9787727490572
78.42344200709188 62.57912489265384
61.966490284115075 10.318221211247591
98.5047722018354 61.80695073804298
10.17533565385368 73.13798426399678
26.207185789570076 47.742193520904195
54.06995696005548 10.461612858616064
57.132495661911896 30.54395453188341
77.53517384669162 37.71776556249606
36.50588443054439 60.75834975897886
23.799928334071076 40.92546895231314
84.47711444183315 7.7953494715727984
43.95860818898718 60.85241150003362
24.91143396991482 87.10196266037744
76.66652849448077 67.02634696305226
85.18006980460031 32.1552181613199
83.96628033968462 80.72911667313826
29.14036901409367 25.6812441608249
44.08256336548455 39.05479744797405
97.53883334613911 43.60360943755926
44.13343600839079 41.79246080125897
7.789789894461519 45.363194336576264
31.995141076854793 46.6400451685816
66.36999719070626 74.3562435117302
46.50678550739897 82.50227449062852
14.784516231304634 44.340528514641505
62.91119701566171 41.05233277228445
70.70242185350136 52.82975648507314
67.35616123530943 43.047615763082725
56.213271907444536 24.10593724074802
66.0574866275159 79.87070996215564
3.9268293967967827 80.20596544398438
43.84040755648309 45.711631546852885
64.64382651860132 1.0306921205739727
50.84783264779734 23.608588094160034
82.10207751127092 70.45235382474533
96.97627885590133 54.918800976961975
85.70737068017704 71.9332573953839
81.96173262273496 1.5497085100185992
78.2371796214084 70.91294561236978
62.710006358052475 77.71319024892077
72.98793325926187 90.0468495580442
26.129589022475198 25.348525063594863
88.42637526813863 52.37121256935193
48.701274597027655 38.543836757321934
78.91779026139405 39.571301750928065
28.24439132977097 44.87819255636263
46.436683760605426 59.55300274648513
21.142838939830533 88.60551066115252
73.45470512881037 30.937169818868682
4.609722343409817 5.938555441586891
8.99416920467393 97.8984107393704
45.457369024986285 75.12507726959512
67.51269410258291 35.50037299091986
52.26726219237747 81.82506836472267
38.57707158444642 65.2681801440674
90.13401635301136 27.986710932239745
44.72262668408202 74.74749498923707
84.96559207938917 35.27514621408224
28.08628053919967 81.57747649455038
32.720067437823964 78.84783786005627
84.26873204754611 32.53794954765345
2.2384922806758745 88.03777753351399
89.47897589876787 40.6669468482837
1.6267897462923342 79.70329426975267
91.12512025153823 5.49742584305114
72.04314376829564 25.316710857229474
37.827331347324055 2.0357211328667413
26.590501134195243 43.3774087844484
82.4337579899748 66.39747971142688
39.062686424900214 42.160546935139095
61.43155350755768 96.83627436687746
41.59214101194577 40.58213517188874
85.57641699221206 74.70141025729644
37.691566713474735 26.455408086726994
53.56834777700512 37.9387870192278
67.52974721381422 61.0264093286639
50.57705833675523 63.498800279146685
50.69182386340636 5.981839909632869
20.1545726951704 28.388575960904237
67.47754418345394 43.28073471779251
46.71614320682672 39.369728724600236
51.41568116354451 77.92967205666426
62.5944296415592 87.35200164324674
65.24239349059428 58.63424311649366
10.87939777180078 69.41985885888586
32.852079965723604 36.95698402401546
92.92563540278395 68.5044094238597
23.223119957903016 13.59795241098929
9.331983843995106 53.31455290483408
78.12817634106966 38.23588431496281
