195
75.41205711422923 30.788064798527493
59.15638287596177 21.491331029908643
18.637757268707876 2.8448803586126004
23.037554843552567 75.4106017952773
76.87360830925695 56.58848750733997
37.22542806242474 88.52099751044487
56.27976299261172 60.18707653564117
21.417824383661177 41.40635702639081
44.131735763482595 92.50205842453431
97.98508825438152 30.92204863202249
83.28673116073897 83.61717337752475
22.85178173551562 65.2340846883429
53.78126796892363 78.1834684802092
79.6752268532214 40.030554542512235
58.17185339746324 85.69456068043921
46.10165945944582 81.45936333331612
59.69865708961086 3.2994046778926145
64.54660211440458 17.97574370628895
50.53932839040122 8.722023585265703
20.26963771740743 99.05064050316876
9.308976683118619 14.48343825976619
37.68955646590548 45.3452884428293
68.34413794417861 87.10374191305027
23.98653042553488 8.80147102854163
47.7841429118491 88.82460752817313
58.92334397577337 37.10185270173903
23.55106815456891 80.92735736515871
23.10719526539876 76.6673046879573
65.28932712219394 88.27865120705665
11.80213931617191 84.20951039978897
75.47814957540412 44.755533785103985
46.348271979096786 73.3969246013919
86.68242185694042 43.53961658198608
62.50322833252174 35.82260332031544
58.38114022656775 32.335581642824295
17.811479310343614 22.320987694083705
28.555837051958832 76.7063356378927
24.79061883113287 87.3733544827021
10.580063493887526 59.405441018132024
85.69296162855885 16.63408092590948
38.86716304016691 30.570801160736917
3.386081077045988 82.20067504851136
4.944645242736079 20.04310700567469
77.75802364827385 10.959511552665957
95.30330349893389 29.35284719770629
94.85700412568927 34.518105451429804
4.058917416803343 15.565690816152877
17.884087907928258 34.05248258026866
33.84489009498455 88.63107745901793
4.645025955038074 6.359579834788853
16.433719915575484 63.50705350579787
44.91198665326912 38.06029452418309
71.96818184827035 76.97178542573691
97.14033099945729 73.06570264499142
40.82518729028261 20.703353630410692
65.41830517826693 96.28909216081206
21.98203959028354 0.37210295003274885
71.89329540559261 46.63698695346001
98.92213923287545 38.86689233051449
2.0068422438875744 71.2966557824812
71.70406052686455 94.79278854048623
34.98398402908347 14.540217492708319
8.882162260049952 91.66116741310906
83.18233915805882 69.273517973062
2.5191025234989395 17.48723001176794
37.85010892573166 42.80022065397117
55.98591848243697 66.74740725050424
34.467561533505 93.9434899369074
65.56739893410236 3.5476538826736848
8.052381061375035 33.13320878456386
78.95104746235289 41.32494126957258
71.44467510085092 93.52326899733508
2.2630852013592606 28.791039548246257
73.27509154796662 97.64805523832803
20.626283824327352 15.286522840610829
62.894827525989804 60.16227610076682
78.89938819995986 78.75129824143828
48.5711487896333 66.9676851476988
9.052906566908659 21.91191501090821
60.27367348175087 93.00278224528918
77.50367188506274 93.75107714177079
51.78275352477228 68.00840029557133
54.914639527267596 32.98473719199437
41.574280001577854 73.59543604547154
24.938901382248403 69.9497036120968
67.45050031053573 34.26967859909051
63.652177609492846 50.89521579671125
61.918589806341494 18.75109823476544
37.84306187861901 94.42879160518657
14.025695234833025 12.972873786896999
65.85024308625857 4.597692942980414
7.82069960913625 43.91991404830806
63.12503473666121 31.611114754344392
1.4785117028524142 53.897916216676634
4.200775102038612 81.44239892936007
3.803728044434873 53.15971652059059
80.62232973500049 16.233052310799845
2.4781849726215333 68.5079145273802
59.93174628935362 97.7686632079418
6.0070346230510445 67.25940166192224
19.16466683771799 65.55947252797418
18.34970351939281 24.39081733564129
77.53005477091095 37.04446388354812
59.52658292681592 63.346535083310194
48.73932734790579 92.85318097208943
85.37006643499913 25.94921883481287
79.1214663313333 90.75838798944729
13.339009739816687 6.67942432824219
29.05164300497657 86.82553567660716
67.06967529623216 89.81079092994796
56.63727570147968 4.583850696939673
60.63537352850458 70.24334862611722
37.40263232993277 26.159865246327318
98.21862223004611 78.1845096871112
62.00142283824538 0.24326078512462157
17.51000840368252 33.88875835140561
76.09306327962842 77.59394439746373
68.0620324604548 95.69523249098516
11.342377608379916 52.642302048067805
80.14179012197519 31.925072693335498
31.80494248265774 4.532591329529145
43.70066733344695 97.63138937004697
69.43483012085817 71.22596403465703
31.535589454395783 62.0989531814375
55.79045992253394 66.70297284949346
68.0483675310294 17.62869505701903
34.14667890655488 58.223703148666196
3.105292830652029 4.900700598883045
56.48453452067665 38.02889361534261
89.44140545968311 46.41990160543939
76.14403668974498 57.90250944949923
82.51513728939388 81.14139614560108
83.39162623300598 45.78774933685258
45.31610931565406 53.488111921682346
25.936058921011817 43.09742197162023
47.54757026747408 51.09040336265029
55.08763454736728 10.020774361520136
72.6730324477764 29.264433763251006
44.06685544059252 29.066676516126133
99.74939682881579 2.8187045944524147
9.7440454402842 18.010662607008566
37.48598163272868 35.18971026849733
95.43170419710391 4.101293183028753
89.68995389214489 13.330381905394217
34.773958774806125 23.153716693826553
14.733053043752331 40.31308681017869
57.61454644155847 84.3976787946799
80.09647612169269 51.33788391973493
46.62006368963755 23.754902925268805
94.04020841050827 21.619612996133597
51.590781221373305 78.30814193724478
81.10511637435589 76.14197676028834
13.68402533538815 34.05921935728635
30.95291302781439 95.24534450078312
52.14439668171957 95.54398080336108
77.22023581536638 14.080547456472182
82.23908020704323 91.10617160318944
99.04604506697943 92.34744980466574
84.54649671551651 8.37568159133626
70.2422725451324 78.78871581456521
26.190012297652665 9.859184032567558
9.114925656331074 77.5214001796307
12.25736726164084 18.295389417366415
88.62697850640944 44.465747220035645
4.513966355354448 19.324334534972863
0.7108098917204653 14.76454506532463
28.111721846378334 28.304536594533324
43.21690925795577 28.804588088435914
73.53730417399706 12.06416918240787
1.84162416267587 33.49684059412888
2.525020392569055 75.31466149287701
67.72337239474976 19.65895047936105
48.374852668718994 22.02457019662446
21.50958195407231 35.32445312236631
80.94663884417821 85.73979489399737
16.530179632656505 73.42610897992749
44.30225365471894 41.111812886237985
22.892642146807862 12.877957064241862
58.822943431868154 92.13303812368267
79.1481228467495 80.15284679828446
25.615666912826697 7.43945276166893
83.56234386120612 32.27542203600363
6.071137676204652 91.48565003401154
33.22165595539875 41.013052897677895
22.838196169526537 82.2588159398079
54.89379013469837 74.53411302525299
22.162791589435205 97.78608561918544
64.13765923877324 33.31424939047114
55.538307022971665 22.00553173277967
39.39048683839115 93.99263077417405
41.46807700928575 51.18436427764684
97.76831650912773 40.820216422285135
20.87301927969818 50.578259791661786
61.521743649391304 3.0265392825158943
93.58484320571183 50.296684736189654
