148
9.771071338094629 17.89075000495528
43.988568275773154 26.835914114888105
73.86539977950405 74.08523899761923
84.69235788769089 69.53424075758693
22.795346319230735 46.627875331133204
97.70792551479025 13.868761594675272
47.38246111487433 62.13571248545791
94.30600212687013 80.80323421059391
20.02814748220989 40.408803090554535
83.51352136205828 63.31495389544983
46.02135845869989 45.127963607136046
54.755274821063715 59.600279253618574
10.35617628666392 50.522225682432854
33.048516060579615 95.00984909972546
69.3983340563209 41.54698530738271
71.35726804188589 32.58617547489212
84.86733066129617 70.95558747545418
19.803150271954685 25.78013511348486
75.35197816668622 74.79556687680213
72.46711383685944 78.98006216125633
63.81286258810489 32.42598804582021
19.55603933054094 28.054425253082826
6.501364620660222 4.419824632857139
52.32936643863363 33.2796589297394
58.49437041591673 42.207130819491
32.60887800297593 45.32683230379596
58.008972056854326 58.04463258480945
93.40488020777738 11.077789355124956
96.72535349443446 49.294933514866024
83.5648739416108 59.761304076832836
80.01022090729805 40.90320162313744
17.300427592780544 43.043707374613284
48.47691518998326 19.85033059615602
14.63237714377874 6.428574619610505
87.5348782265466 72.40706851644984
82.74124098327549 68.08691473263902
50.78251378279531 67.6760487212795
87.29899903782841 90.86342929784418
37.92863628266111 13.648681833647947
62.9861364132829 79.57029682177867
4.432801915878926 1.9872163985789393
4.172801097426026 19.550113453221808
5.982616048197831 30.003389602964546
26.926773659983294 11.222276313708356
81.29885160628415 2.6345454488397313
13.246023488486136 87.00337486264232
19.733387686147996 6.194668728269914
63.796504295164745 36.950844087913694
97.09044767339368 12.32346138453575
93.08490226984047 20.09871410929017
58.43743928300604 43.436786829467714
23.95054435512258 76.83079732539895
97.9106267440952 69.75456554150368
51.853003534440404 92.2930310496786
3.8004929286630684 75.8335245853455
94.76951339282971 20.68992960156706
13.97179124885357 6.038379876718514
54.90007018395575 12.387684712374048
4.503810697587096 59.623866154608976
55.7758546641826 90.32406385138366
39.039837867207304 64.45556488272932
40.7376218890967 48.12454900439257
20.362331509461296 32.86913773467104
31.210851479019265 45.4537171785359
70.8762101167436 77.70488895496479
30.841819802450686 41.61292719774248
86.20653549482897 18.353710322098703
23.210961806771092 62.731664070222216
69.97477171657664 83.17091721841689
98.42525789510971 31.106312247540412
37.38492353376848 38.9219483011381
26.20708217300085 80.53178434098645
78.47340981329405 36.37686912602922
88.22720550770136 73.64351268890125
17.18427658586804 95.3212251007266
32.43081714588768 65.8962082344506
1.859435937706666 98.07948709168683
8.379849016479469 68.27666638614708
86.08826871745275 96.69578577736591
67.82093323081834 62.89218834621123
39.130870623149015 84.4273377197311
50.45307082223843 43.69153262155464
51.82543295047128 90.11676918319792
94.03562418919947 14.381175036729587
45.76308730919207 18.305193547881004
96.30232638066558 20.122897010504815
55.9156114260475 53.472924863206075
39.39705438126264 94.94203049514503
54.66927654628917 34.34916734242124
22.520482749520866 77.99717938194468
4.578573372412576 56.501259004127604
68.1936447503343 67.16519462933394
30.71100824207629 26.409314507535765
72.1834360218881 0.9208517425284168
68.81460943908652 22.57886490633012
57.077545785501584 19.647153604287382
72.80151702490643 86.99212203998874
51.47635961416789 87.04692472226023
13.386424295175846 1.415395386104401
75.84524601091248 8.964618107778488
9.659213576564408 2.709913969755884
43.84391071263115 38.24042332975866
58.75729843272188 44.7092447648467
99.46637005365218 15.732334502310152
31.304274048497682 84.357118664787
69.1831489542104 11.2984644836855
33.20106714025609 31.905623683779027
39.0534014859658 1.54664439715948
94.31186379645257 82.18477282986431
41.98112355792646 62.25417952332294
76.50637364624502 48.19723654724083
81.19206767418714 52.927187729627136
86.93385943338112 42.70475027257077
87.8814756836968 1.6619213215536055
70.43166049147975 0.234625103765973
83.44519299639023 4.97601087896391
67.317765252085 26.793674404126055
92.62470451115735 36.50927910422029
26.586831146058987 11.631192074455598
32.06389694453785 8.8583492237162
83.39158887556107 59.455481557837096
24.987859623171627 4.078500348449666
40.89265085123056 15.820153883359167
30.2074807134902 17.420514531803722
45.03799173492171 0.7273404776819148
9.275887717484254 79.32654069352344
4.50430564399209 80.64852133084591
47.57763692777963 19.535524385974867
47.91535872667983 79.92135911870069
9.583133054466641 15.96685956068561
65.11656273946377 41.97732341642397
5.702417450507702 28.717541438849825
97.66542779329487 72.9774575579313
42.48543317025315 4.133680981139342
77.34094829262509 63.814480638517225
29.12351640653791 51.66198916130674
52.712490943578516 33.068693695040295
14.348026741750397 56.24179424631689
57.65828356505287 97.20109467154934
20.240000505362044 2.0859493089387726
59.12276758129097 79.14779436642146
95.98406765418562 99.05318561514271
93.67426141162288 57.47767505202561
67.8210999083197 3.9698611933581374
81.3048810512938 16.988556739410697
73.24384258260301 85.03958451337458
53.253246248451525 63.30550206896074
34.321051152627746 1.8792708082568055
