19
11.927340988941637 79.29688624615956
82.24963061149221 12.34909493422489
66.10640115578586 37.63119691672291
47.550293780632536 12.95646920355431
0.7813461723209514 42.96682970840793
89.7210269043518 49.09009668601219
85.48623548709661 15.758098575893008
3.4604958900567806 84.96454686685394
98.62837387925717 89.44972702223454
88.1345679780702 80.48769213761295
31.14597135256284 82.98704618101297
99.7719681468683 65.30140568786177
26.34721443038299 48.034252410389364
83.40182598396044 69.55907376133223
9.778799486206502 48.40018120142145
26.100938330188328 90.20182533707195
35.32800826697756 53.3738240707051
64.2923936001089 81.60146944127591
44.0003477450678 52.852323611826336
