215
88.21020605430719 8.044716995804645
55.46344832395752 69.22994277830682
79.55347952591492 62.53950582022193
79.35137387129141 34.92424400516817
48.61883934497715 73.76233523110196
18.53584508755983 93.19858261382021
75.02398803124458 3.5783553600195583
58.22523524690173 28.36616956646054
30.965645928378116 21.827369505320405
17.66803099837859 54.17267120344954
60.344753506061835 16.57046835527233
84.5685113466868 57.06081502024679
83.8781308286111 41.01157612810288
99.20424793175528 92.57894387303818
76.81133304122072 76.65139855334868
42.34659271418582 2.2180845832342144
44.25807139767108 67.9547044350555
74.34442171645014 38.69392423970866
23.14411877508482 59.8243260258041
98.05135310519981 83.34920339824183
12.631756674224114 75.83908531964664
16.319628545872433 90.5830344308519
24.05963881193619 13.149716027677805
61.850898092268615 51.485831270367065
60.75466664220905 86.68681282058105
9.553619582786844 65.11285590584876
6.8754387952392975 39.79056244310021
3.9498462142984914 1.8726597688239033
91.50298929457135 49.21201938735847
51.540651253010886 83.472456920661
27.29194224830852 95.23773598061094
47.857776781390235 2.7797885095054986
12.6024588405514 90.38749457661639
39.726005741507386 59.366627411735394
12.962616801981408 6.435132204459126
90.08707292807885 69.91508732210956
42.283540415997045 6.447475415636472
48.06327548366508 86.84946646847732
21.515534476952915 6.5682295687600085
84.11914193941398 40.922530042168326
6.476780871521914 0.47840297666960074
32.155310492368535 35.15163849741079
57.807173216826904 22.37707757726126
42.72804091957018 89.8242809704181
73.21055680131721 58.43940235422146
13.32421784054566 34.86834121326351
46.23023646578115 68.07058176090388
75.2597079770719 69.99636053103482
53.00274687970209 79.24924568656702
17.121984028531333 48.7360040298339
18.53592531900581 3.482624099473619
70.77341537649022 69.4931539801626
74.97444923545011 84.99810668225808
42.80072644134558 61.112643482694764
47.53627791062751 79.21189292898848
13.872261194856206 95.07090089296558
1.74444029623676 88.45035233111776
28.883694250342764 79.438165799216
95.65064710345294 4.290095459087794
51.13426603080582 8.621055082219186
60.63459719291462 80.93291535968969
18.329239168140564 54.77923864732362
20.708667292475415 60.56327249894458
26.612336055441798 93.51209784821428
81.45861501296963 79.5665396184042
27.520448257561426 65.39188543375151
23.55384346575532 44.9405499587694
37.49900305174864 19.969836572100053
42.31576005892504 82.29610561012154
50.53411465132557 70.8772550760023
85.62963631585694 31.230771006727366
71.18584644071807 98.24590572453448
44.040381704848365 61.03978375969954
4.577517277079968 99.37621439190384
61.713092061594246 79.17231117354639
26.560498438753367 16.531307291893803
28.658055952409555 40.30703546662917
35.925009601492796 2.803664999486699
39.79479071634452 39.06536731151932
67.99072828282057 91.26344807788013
25.187325121974624 30.838076371558955
78.68299082742828 50.215847437422646
20.36976004807891 82.77006024884348
98.60714170003135 86.44696643252188
71.60000664097564 82.18254759444919
23.821469921052863 69.8219375203334
48.17394239592673 53.138342818730436
30.1775890863212 40.90387427309521
54.63765898547239 35.88514426469354
63.878185530548194 45.558838523155266
21.085206563812687 84.07395172300747
79.30637453527105 7.627790875846207
79.42086293736784 55.772432890403486
13.028940286278178 28.235473541619882
98.81832111264991 45.62395537817038
56.5617342547686 69.56609415374344
28.19737511504349 20.738904126673674
81.27505050365198 11.993428465596045
89.05293834984154 77.8025295971356
3.821764478135592 28.108850076232027
37.03063024153285 84.69831444746612
65.6074857313367 37.335191241249454
51.620686567101906 32.679633125218466
38.242700047750446 14.003004770037863
92.43816454212856 35.42652025983114
7.444587288180415 3.750839604282652
78.77010494623971 41.53566689146248
30.798745529782845 73.6254606806457
43.20887231686573 52.202237696754885
44.04333861987967 0.28796564179003337
35.21900928515509 34.097393415452885
70.07634956088285 44.70934964315506
45.19929960610963 71.58845010215411
47.01432771833899 55.829934824014
44.05278621728917 34.69973210510018
8.642441853638339 89.4109903533307
86.04233293718616 22.561095191933035
33.10615869809881 48.406775683299365
35.15161189237893 80.9079071157972
13.226018832958886 78.59662425553266
44.85389073205334 93.63250675525023
84.59155424515255 83.79068077258079
84.0300021488989 40.17328570233639
74.31438319162427 69.73286252325435
63.066257354478154 2.7618808186019694
95.76636120381131 51.05458180512705
32.17942717569139 20.715337490761577
83.30708903224455 47.96333592936101
75.95624168047547 11.48798567747572
42.917974838953654 97.93140147205345
94.7989141280167 28.075000963242648
87.33975450377692 49.84162459049241
84.56034155770529 28.859601672656275
69.35825122949161 61.88112937071375
15.952291660200368 97.07678044467907
32.12566538761419 17.158359454963012
47.4612612376077 92.35649538249133
32.50134760697865 37.82391076873224
12.932701371353039 81.14717332929426
8.450085178691246 21.171874391332267
85.6395180972113 78.50395364884703
40.66520420698983 55.3697016467663
40.551873572385446 16.019845878191173
89.733648727271 18.921020989925232
76.11166211164262 85.2525399810708
26.871946056556194 7.070790798043991
20.21360831167165 52.783349486856466
21.53058113668115 17.626709067797375
86.75735603615061 25.788119494148276
30.306056979812734 79.19350875924806
54.77741509916493 83.00193981665294
3.6666165191660993 20.1145057618182
6.757840478180865 91.76884557212244
37.192440933800164 14.358256890361254
30.90875811730204 11.48789936610719
16.757730291134287 58.620097176365924
64.52913885517839 52.09414233870262
36.36769027543797 77.32551043914371
75.04322333006216 4.855922914264332
75.84003935135922 70.52334859477253
7.0739720651213815 93.64637751336882
77.64104727642098 5.019056167908009
3.874310141890447 48.69580932827638
51.34570431953771 4.597443817005131
71.08412532372542 1.0964542718267856
96.8768482115683 64.55660407467187
69.39650029997854 30.610172833474614
10.285017720055734 4.223636408485099
43.909987574147436 0.0515988000033607
66.36076722258271 32.378699704848614
60.45499371250463 24.726619726956322
95.28326865922429 18.547875368922128
19.01833089248417 12.389867181046444
95.87968798631599 96.68072463230968
67.15694453726884 23.746523275369835
8.829299457138784 2.7438230345328107
50.82722029618015 97.33846497087369
36.25128283437348 79.62218665344167
49.88745288320481 99.41037534027627
27.42828974792777 96.53412580203306
28.995812620354087 4.692028788213243
80.0188725558116 36.608066997187585
27.284372648816515 63.550240537523784
87.92597975018302 32.81401163536284
30.70076490607646 29.319733016842207
15.681785049912122 77.97454618104315
77.56252581127879 39.8975567549828
79.94961295699852 80.52656400060691
75.75040616001309 70.88263643785265
88.61945927642654 36.40152353350453
11.287813320301343 49.26828451744267
13.220993101749201 68.44248566025078
45.55535420526512 54.37106332869993
94.7269320776914 50.440715145476986
27.555164877754954 67.49794204694341
98.5818191350242 62.38524304192467
15.770690941690923 10.45678974850629
1.983525845423173 47.02722518332184
85.95878023591833 17.894174021285714
0.15417790931990805 63.25840507557858
71.67995716436906 32.46916928581728
4.265883646272972 58.93315361678438
59.17684954125657 24.117346050642873
3.4595831911329644 13.975827238237247
49.249357758459226 65.72660395127922
68.48998690451387 20.504441491768166
23.164978509359457 65.42329372349137
83.66905231522121 0.4329469299982125
45.12865136528828 40.3411298056138
44.04876787713531 17.720950064338005
96.59642869464956 72.8917332826024
17.90047946928539 21.513418279908425
51.61065781167024 21.58823651614995
88.7994521779551 49.86629714454677
65.6111183121979 61.799357037250935
