224
64.37780698257978 99.25317596280861
59.13942760800458 23.014723502860647
80.85512163369351 26.688422251921416
27.848240967897897 72.797686908486
60.56030833989311 17.129790364339314
47.98043570596744 80.42022734401559
60.253582540810314 93.26212383223414
41.864715382218606 13.980647993380945
34.76849579144269 29.11294640346607
3.28639519070536 28.089246777601286
72.51433059534136 3.1399460603790508
29.239523700749924 51.049615354914245
34.08015646940933 3.9919143939289414
42.491794849122144 79.97049431883319
29.29457850316095 98.89587237060628
27.488946169402084 59.02507656326922
39.78978709534009 6.413319759597059
21.24979448681541 15.04785214826142
56.17235836559844 19.49652934308417
37.14320118593092 66.29837324448455
14.215388936732055 24.564672530599307
63.565287287121365 5.702834357980002
4.441778388035367 92.11175137776809
89.92330760240601 41.52370628351167
61.02532471441552 51.85878495357191
38.880233683556185 22.42052090615202
25.345962282468726 96.65582427351205
59.36924001681842 38.61139118195307
40.43855785090511 55.972886976905556
18.706819274178866 53.107745647576856
2.5327832720953403 59.85800357332734
20.946032353889322 90.55918239037725
71.65515304003154 23.878280527306238
38.339872983170075 17.226830426228357
59.85574224727909 9.217765937339884
64.05181395493264 11.744065636103784
7.464436677289587 33.39997767976776
87.19983044918617 14.216561512438297
57.042385938645815 40.55711665327525
82.73320677552279 15.084182289658376
42.37983312444654 92.72293397060216
16.579529418472305 58.51928357966235
31.305469567188627 21.900690510938492
74.00481772639603 58.27268029063828
64.30136360025448 37.73052413365628
62.10635143863479 43.32532987861515
32.49622354433307 11.451646846291851
59.46181307139234 11.1096814488294
59.96324215985324 57.05947369383148
24.78791151918076 51.165586069993196
35.678932457089815 45.55423784116596
60.6004894863034 32.77402782553555
96.6737513561426 67.76757441848954
30.409557555030354 41.18701267056858
66.418988850017 91.10446610158385
19.630888397578538 16.110677203068725
73.45396547674271 27.69860373996159
79.53994373585736 44.33265075958309
37.450687336037994 66.97453695414539
11.600271482420654 86.67145177520979
89.83346250337124 27.577126473850733
35.044356029954535 28.22160220447848
90.10160658349065 85.63481379369556
29.009266110683395 7.035907091556615
44.3201289859224 24.119998754120974
68.38661804139585 6.02775578443101
17.41786675226715 60.94751050080451
61.56926304125945 53.74241679496533
96.41917820970379 8.610412895759556
78.19670052511223 6.092549832054727
81.27612189305269 87.97849440371039
82.8724979613447 74.13573918628543
88.12676617383829 69.12714214310202
27.611542301373817 41.26487179995254
46.35957483272301 51.012951290415224
50.34956982019374 23.670064957418248
8.749421424241788 87.93875989211635
36.09439538888359 63.15365141222068
48.90194219708046 97.91407565699912
91.79582863560974 38.11209517863677
62.14453497106474 84.52887554443656
8.10731108405075 84.44111758073338
97.81660535545934 58.13281917529469
48.993478374532515 68.36361612073742
5.850310818490467 80.11921041190756
63.06092923574349 99.06266521152138
73.88481779564471 55.82095187567601
50.36362764440392 74.02457751176968
1.381106449111813 40.90060246248846
51.16620813688277 4.34608976079388
83.84020232238095 79.10523465521848
14.760047328268822 63.37900322777319
40.957338372843225 67.45695001240499
31.54115315098709 6.654005327346013
40.671825973994444 34.652678741074205
92.04402275036504 44.03158362974828
68.57217067095732 7.654796566589406
87.71321359689537 14.808995430824623
2.70805909663715 65.58673942420938
14.32821086760747 11.230733369140022
84.70751300520945 99.9265332390186
45.02792095374729 62.53051567494552
36.545143934000734 14.101417051712184
26.61195318379448 79.05189029436816
9.175155274211754 27.88616611617637
37.9888983965635 70.87423184564786
3.7371959256698895 72.71502985834897
96.43779486146146 36.32774197649976
66.36828235234903 87.92954368718141
42.91785530518333 84.44582933872533
61.76094403612803 96.17750633206963
39.28937276589358 47.61107913624397
56.86292912399233 72.2403322671061
51.365775508842695 24.318723851101577
65.53711059502562 11.303185351746858
9.937830102027156 96.89775143120626
51.99054906936439 34.40718152204539
62.895523830766166 96.3031813988549
16.432956021916358 10.217335420059648
94.15801309663807 56.02459312232736
51.9416549042549 14.945251502897372
36.76928462242748 70.3861263088661
16.23799025519297 69.91838942865654
2.847116059195176 75.16587091296081
33.13917631448121 11.56676560821801
63.332025016504105 64.84931067283703
43.06005747214973 69.29387788929718
66.69335853942307 37.51328023743109
71.94683692830027 37.4851818782156
70.18568333744327 50.988423269130045
41.25252645427187 86.96570799593242
61.21583953608546 44.18869996701517
58.910404411246496 52.7641979650749
68.70417311033002 49.321677905240676
66.9489805738391 58.34304790084125
2.961295627534377 8.907165456771526
87.88317441138979 86.03655077376483
25.1346802906536 97.7638147602125
80.65269725101236 56.582945992033096
28.21079309575657 98.54240896601463
0.354917854631287 74.27991453991676
86.81021113740475 5.324295383419031
33.112553562496196 94.31354107896142
99.34226378291945 79.36027054911482
86.08869618919205 34.65178556855476
18.897911346483433 5.161938112797648
41.7273206382481 33.064886835326334
39.16790235158939 89.23866926480184
0.6275212393144214 35.835532866239504
88.85622019322756 61.40555355351693
28.589681816725587 87.92046630735017
2.2279551496414363 3.735926300784209
39.1623864438579 62.38136474102169
81.45970003833149 97.41788776518989
11.367281636406867 84.34290292811987
19.79417074076293 76.16142979826758
9.620791805803641 76.50056295388133
26.73847617935593 8.512211586033636
20.71224695624866 12.273055419114542
92.95737791319796 90.9541852612427
23.292736041693797 33.572201170724114
7.075822737539806 84.06196615752464
99.10632763069545 36.85421498973346
68.95857228525063 33.36464094376296
37.57712545454164 89.15041490201214
77.06159546743133 23.257260449005702
34.50406155136279 62.67153087626923
81.83869945408792 57.31958482675997
31.657095330099516 25.067038505931215
19.714595175202355 76.53430649107669
19.684996471450532 54.68770650317217
57.30444156605764 81.58776625375756
53.9233289334039 49.45324683996607
54.63219394496971 37.32450696891797
55.41470116083875 25.5243031807888
84.37271437472955 3.831012582236626
13.841021069999137 9.701706867018666
36.63360005173902 6.215554228180475
96.93569990336984 82.95252665950251
16.530882454348085 62.15613740872994
96.32935038392539 32.51741761251557
22.383845608590647 18.331752890263154
21.777436402330753 18.79741158194261
10.587625122964239 14.021957439328482
64.61443536478487 15.84062453065378
21.008199334347367 22.576945378962744
79.01136809163653 80.85883089674817
80.65202931366329 43.96315512751995
4.252731257517084 77.70108302977253
2.214630543618512 52.47855427488495
96.29889838166316 14.797454680415967
96.1786856754325 24.657840918012063
95.12372233302109 32.86007536510974
17.115113529888916 89.35141299502023
81.61023929105058 5.416064337969928
23.97720594566285 82.22959996158457
88.8782614702543 80.88251186422768
27.57682361755989 77.37484526266104
14.416746986569395 50.444394861882614
32.28903279753822 57.44914126868428
58.40764713097569 47.44276260693857
45.907775668593445 12.426641582896957
94.79802946620683 73.59373581664435
32.63636635456071 68.39170755786468
55.134191701971424 94.94226045940209
21.730071066522093 94.19141024329937
20.193142048118553 43.37348062693606
84.71586669021785 93.78791216361485
72.95584070077187 69.8960783563603
22.904431719855044 23.156366554029084
90.46230772567769 47.939398491811936
53.541958323109476 3.6430488387338977
72.46526659411072 20.97099738181869
14.883974847642767 39.47331913580913
93.16883363280046 8.449282433064486
16.219674663848483 69.86919325955327
87.30797440598992 96.42435146097182
31.68403358768289 67.0849558863952
55.469388015801776 66.70136488108739
97.5478031219362 12.267867578248637
23.1903547615363 73.47708849345116
99.60218896912264 39.1426376547267
96.95509918587251 75.0978039767132
7.364723292486786 76.49117603207905
