227
61.05584634152592 67.75979790212878
26.96744121155602 79.29506745752408
68.88881935412016 32.34022204002475
54.18589104478401 26.604691324743758
41.69397337807542 54.55299434186575
97.83829035367948 28.48121040263184
5.661816978822875 59.76542781967377
31.52671254576157 2.821465417276281
40.83739765087429 35.02854105316114
98.42607731556777 10.445850086741393
54.414174578967135 3.948170958744801
11.462217365084948 87.88540280707907
40.5257856643464 79.12948845749625
1.055095864694655 33.42841824607393
6.419073093585936 64.18692113687943
57.30786824499737 99.94014103386242
79.50253129949495 14.93257252080169
44.130775279741144 68.21053571201958
54.98672531105954 51.5640009720922
11.701363252045294 48.159630264523955
50.92029122392486 18.5376553720337
12.420108589871425 53.587862630524576
66.67914083325942 97.59193015140531
92.09788364619041 80.3908634016116
55.500261756810886 96.12446271220787
83.16907479416096 88.70084425331713
36.1725261747329 48.1700287281571
70.90932968890333 61.0317796356742
37.64501480818083 0.16684909632541656
42.55425238642222 86.3572007455587
88.20414559581573 70.23025519818414
10.152501694086736 81.74675663123121
96.98322763670537 1.7262405425145788
63.64470732014528 82.096498454642
8.725722514245348 90.05226385578207
87.17594547720721 70.63717188337671
32.25882348785779 51.1998002681431
12.730237309448222 71.8376193420076
83.07825639315139 8.958731910942907
49.79312887199994 35.16201214838883
96.52584338670465 6.845479194490888
91.6681580324725 48.91049991406994
21.881519744094447 88.320253825569
19.005181882732046 52.769816484537444
98.83885486539987 32.39496197312186
65.19341192268084 93.33122137065432
89.7940243876345 18.029736763867554
67.5370565684152 1.099090270443237
55.62198304480089 96.55609960611741
33.644109249769215 53.28050108946915
34.279643609929856 6.14712117520384
37.66474182332571 42.98534606506044
21.54404060245315 46.94730562088492
42.79126280685662 63.94428668145113
44.70569418649143 97.75068906736409
93.69352267844756 25.279621127065045
21.208721810541988 99.38819140523331
9.376712219547578 66.58855804660189
21.11640044382884 36.778097026842694
63.44033985407832 62.5890561906669
45.4798614517218 87.32683611565952
87.49760167858311 61.58508755451659
78.55865637445906 53.880022364150435
3.5274845202394878 15.90317212205543
85.22557588628577 4.325941626974938
40.02863760430447 92.23353562086825
23.070138767534974 86.02144313296783
0.27964477055235637 19.399468244591734
51.64485165579805 63.94326810275436
32.67016609644592 45.107021907179465
49.18555145667882 17.545055528592535
76.7662693653061 32.23871605224965
5.646119437915265 66.37193638313575
27.189006947367446 47.11441737625258
49.373297906751965 71.81238647895259
71.31532679663218 66.92526216179637
95.99214161716208 1.5087688880349948
67.32022469519741 6.942187654792864
32.80609228503272 35.61847965329537
72.11519998828916 0.1742707942270938
59.91011855883397 10.31876878145136
91.51857262519137 2.002268837641852
30.674340612485285 82.17649921586356
23.249547085705725 79.79754671023744
6.737687005058158 60.862927592051506
97.99735658372225 40.71966893399646
11.603656372783833 34.59682012752698
97.49919066568968 8.806897972450612
49.76468256025544 62.363358407869406
60.41457933557551 28.953560253808597
13.163296800905556 2.4220834849494555
92.1702366476376 95.34043236631862
1.662600296983896 23.228015314263228
44.63565998776253 59.890524094069484
97.44821608878333 38.39108704365069
41.7837435193041 28.319155172780885
58.913531019362644 4.527984330464186
11.962923263915426 61.44740310219014
86.5709038905757 50.46666334851183
13.574515080785854 39.1555356533057
67.1286649196398 63.876706260655446
4.47963992228928 9.395707225998805
42.208934880286066 64.07064640895321
77.10727599757486 96.16941696420055
6.155312326726037 52.22398743033694
82.93765718841375 28.42877981155634
99.03296788586276 35.79021083471432
28.697766840973404 49.00906465933728
52.232568887777795 41.06020328553149
15.535941634737071 98.03208409476272
95.91794216780242 37.08635708294688
36.82618938130633 34.35507989627099
46.80352127879737 6.580107396563406
99.96724098418147 6.200548494967951
64.12998003819655 68.96615209779789
85.98614899273662 79.70738907383092
31.805666375137285 69.72977875716792
22.93112690368365 32.897348988304145
24.88321120564102 30.29341478944462
23.2598785330582 44.11410569485421
78.09218515225372 18.549111375469074
34.294020682112915 95.35909584215622
78.22016467153526 2.0505294329100088
79.65445986376342 24.47956113652404
21.5851249974374 26.872748749351526
80.24992552813899 37.51652003610785
83.9393288690958 93.4953167753953
57.407643215892975 20.294666387530725
57.483396026680666 26.836571540604425
88.16108019305715 50.39638187633395
51.596939619240736 42.81977785549213
62.60547724985657 15.523710095740261
3.2879631538673126 76.03155127026228
74.87800470375964 79.50225622609712
71.34067996887669 93.19777668924385
13.048771675271842 73.41409212319988
68.12453238321159 80.22636740961816
66.45931845541496 50.89694896509762
10.598762847978893 46.67963824717019
98.39966692130633 70.83069200874988
62.840050910410724 3.717421410525279
3.596453793644838 75.03905470644011
89.98569921596808 82.0065566701023
88.53768782349202 38.48938730888023
7.609698421415512 60.25161790216602
78.26246067867693 49.37644183639458
27.437825224205547 21.32510156107019
91.06156746448379 53.90347789457187
40.15343990328448 38.85577787464122
2.9781738070120634 91.3587454782742
91.67691683625884 38.10385801813298
14.273166636663658 39.23894092639172
36.304109413212856 93.97967365089922
2.692249807992164 63.04874989524919
5.861783916572105 76.33282201279285
16.37192620593726 71.92469198354262
92.39412579685592 22.769769672342754
44.06273063386323 2.282785389176434
30.48288005657309 78.53602960472944
85.72398534968208 74.25930994747823
43.23834124606787 88.68212641928919
17.843951148869863 18.438760116197916
56.456221397549946 52.46422519547325
36.949740571923904 64.6933086038737
31.399129108557833 87.4499490124873
9.250478804891692 51.09457352908029
24.23697958980381 72.78926951006896
7.13282689118897 43.402020179015956
95.73753038960442 66.63388158433521
77.75209091434702 56.33467439637979
4.8185133682547505 77.39248090354415
49.98053020817611 49.317006630756886
27.634741438056444 80.69783481450268
38.41135156703198 48.85211006908581
49.12477445244784 84.16975973678463
95.6099271627117 12.542508116253748
18.17191361714665 43.18678222147994
21.67079294663874 99.9817066857872
30.607731502792856 58.17071668867841
39.65880045246972 58.100335748243495
84.30258192307139 47.233426958268666
84.6930461152381 41.43980359250206
36.65707064582461 0.9413399230531083
57.79844377219734 39.66521855258526
21.585502020717428 43.86594172234759
44.32539869350629 75.36713529799796
63.710170119762374 46.354511896959686
54.63912381661682 82.22720312525955
62.42412151138846 29.983410712112256
33.40911494901365 80.05951952400243
18.775390593489895 8.65847484333674
8.065010801272765 97.4797205120336
34.91811704247808 87.53638587017105
98.3005768583024 24.019502129527737
26.04550488594668 85.36697033445478
72.39171494381978 30.168798851917156
30.95813914597597 54.222536355440596
0.8253835130900611 11.109463105430706
65.96511374150307 33.165184612247735
61.380693994102955 0.16554759826000742
7.578082610795023 6.040921482130457
82.59483358771226 53.979080899314056
23.324438374008604 5.628127280000217
37.78305218049508 49.3348007034277
44.05175608294131 58.39259949671995
30.17589358086836 70.42182666337881
65.25394016384334 86.21937369230143
3.163552134485892 95.63261884971064
27.282096909801577 0.26930971064036413
9.826752849261034 37.79983040450987
32.14151475547731 93.05398644877884
81.23055184481602 7.881765154660902
4.0786295097201775 15.73191252206877
83.90733394879885 33.11506439084453
41.78614421318566 73.65804508494122
65.8022430646133 98.55460893473187
10.131614567923819 46.394129444108586
34.22960616529254 32.31684728348772
1.8208916164124123 21.365180040694597
25.19589255506871 53.51725617442767
75.43608813795288 84.2889243200114
93.01620394639669 71.1285371327189
20.298343268449937 77.95986831167086
99.10027547914422 30.83447342354627
74.21834208099453 88.94056323945118
12.372179158030761 80.45961339429147
61.58502816889821 45.343036481852195
