204
38.60543755273671 14.9476616418019
22.870053490509058 80.41876536524776
70.93883768954386 29.89673371032818
89.36690656088996 78.19403439166217
77.97491557505192 37.64996829286117
21.375916863963027 44.566754337009996
21.5620541761298 5.018292822134018
76.97440704233264 90.48538455369435
67.01556974853321 38.34410432019577
33.873373786985084 37.300306432398
97.72712016889157 84.33283649519994
56.728016688494456 98.03553843766461
98.18287289170624 98.10070344658033
62.12712914688004 56.67666034557496
55.484598585292 16.09444660591577
96.38910760413015 18.97125014603469
43.34777241917621 25.82958275204612
31.973525281680516 4.255634591090251
41.88244362416755 49.28203780644667
93.5439133328559 92.13615286747473
41.98171072863055 58.07620070505797
71.92644874233264 99.73372539864795
19.543973274266534 34.691031264254754
1.643964724009661 9.505760648168737
92.1791553164582 24.137813525151053
84.86837191981262 3.599220618003063
38.97213286182125 94.92038220000506
80.12564929494788 96.19080987559444
91.80938889333233 82.54021078448189
2.621955143598642 77.58691334107239
31.390351134993878 58.98330204396481
50.14615681033988 92.93737635332351
44.87641060972987 98.93084184188571
22.47303174153349 23.223497062417874
60.080191137646096 95.64408597886144
46.7139430230545 82.2287046968986
16.46454381119935 14.762663160060697
52.05386340374951 53.9615753992841
75.26447245388155 34.62019406971179
56.50893525133429 97.13404925520035
71.86292142451867 71.25518400365168
40.84102357975235 63.992206614506465
36.943627176335546 55.40936826409124
93.96648564626611 48.86263104375007
92.04630083197655 11.01247450552595
61.538003101643035 37.47649761267684
93.54950437996963 92.54454932422438
42.62234195986988 84.29698706882577
84.50484273213782 92.87866061884579
19.888693072044273 31.70558751783956
23.64268316964262 65.48762301124552
98.20250230912274 18.55908520480569
35.7180828980911 38.460179373493965
64.5634300774923 64.15770651936958
44.89139052237877 23.88423693745211
42.37432614690284 11.349845977717122
93.89444002937 45.21163772210986
3.982471769674889 99.05328941676116
38.54545748800242 40.192001282249734
0.6065697920613511 22.79322281461792
54.454747831053275 0.0755168254617633
35.23281982610293 27.87509859693541
50.60649646254639 82.66116923582857
93.89748668705298 78.86322719908438
66.5243011040807 43.40591001338212
5.495445286095335 30.565660637143534
39.14767838922608 87.7441296452345
57.468290050646964 56.92875306044621
70.194374972095 8.693549415793289
91.600634784339 22.6642358236711
1.8137096598092595 99.22546398537453
18.996871703939156 69.95560411060112
84.17088413872308 14.089063760297659
48.55578311924897 10.21635940661879
7.152989194998005 12.46084639247098
58.32543449081502 23.511282960718958
78.66871218577998 33.60991556269527
96.75549147994299 23.053351998382876
30.445816913536117 31.289529325568356
40.439597741182766 38.810930815198596
32.22908134141641 5.809195436009484
92.80738163356095 0.8057144681219652
91.4069128357026 94.05099807112946
89.31556784029327 23.85651183532852
58.26428867918367 97.70083001337876
61.938304582870906 10.65818005750322
56.798484625406445 47.781240395087366
34.04293041017278 85.67526754808773
10.100177796296283 23.32820930736048
54.21251181273365 24.60453872928545
86.24828323271431 22.605774061301776
19.39257243534427 48.825958657467275
89.44995041188302 6.82019206180432
77.70792941055835 22.906894284612854
24.199059603893048 55.20900644503459
9.214270004268654 4.292294571017763
37.60620584951775 92.23746116088778
33.874000613962544 87.81524450127365
12.349669208709768 82.89855308123748
50.15182526094127 26.822514441735244
22.548353354841733 95.59259672535697
47.65134133446723 34.42316766461264
26.05467653637018 6.552651047642044
56.42267460585663 54.58928816768361
82.89270711863333 54.051021240258144
6.974965428860502 16.696336530244427
26.052651964435203 21.692843223955226
62.96736093430447 79.57927150698218
92.10304847911983 41.784662910794566
27.338257028622948 76.40912814604712
0.12079136717032535 22.874085090130368
70.59238992522013 76.83072790012815
63.47614336067272 45.28435494003875
88.57855949982286 77.87161689542376
42.564774971321015 71.46513007285535
64.83344494123696 77.27811338507217
65.59942850119084 42.815222271867256
14.047461838725672 41.756687389868766
40.765665120466345 7.327642576721427
42.25939595170769 39.65958537815092
67.73760652490559 12.071966262594557
87.89782319162494 46.79515218959316
90.7007252787225 60.636004587074474
93.7830921112086 4.403535444404216
93.2099532100521 31.47465455118916
42.937896468829976 99.50440218683191
4.624212741077494 81.6817102926468
29.263731961926187 9.821186435067652
34.20328478964494 89.82720346303545
19.945058781509182 89.4262856034295
63.61816283858302 18.96105040155912
29.047516361200366 6.141348729238249
45.48673165453725 51.76592535837175
20.404090098812976 17.53272529236678
11.734642550451301 46.776047247846044
54.52873493537835 33.85401568816321
10.46017947702399 32.30096167456706
48.75324342948972 57.34708596088139
94.97490391632323 71.17969052392293
57.209482752538875 31.837308714492053
12.348831395121174 9.455575344945599
58.67742718324161 64.608670984445
63.42074228682275 49.30307788444329
45.53695489209522 66.66816617989963
79.74042212943861 57.41215392063589
88.5796347402831 76.58836703406956
18.434849936499177 10.645503579124771
13.854070450462586 99.98539337449795
14.902315545196409 98.56755795758919
78.13132955857608 88.98335505125046
6.262424953864043 14.548977519818918
65.10905627035342 66.75151570448078
1.2760177081230117 64.12338042401466
79.56409843626112 49.3124847862882
32.59748824312364 44.69281260534754
23.32284894418285 26.80629799315495
81.24213900368596 55.807429013983864
73.94726301999104 78.03448709644806
2.85305710390521 88.76197602505513
23.803684698262195 94.73070356674039
84.03590632704562 25.79398290282464
13.980888685390358 60.765821743118146
25.59300216465318 37.76478287234531
99.48829618750116 33.878193486329685
89.33670780121699 91.78528933449518
42.21537857479429 23.803343434717217
58.45829499702665 83.16922384227593
78.04585411566242 55.32231994983589
51.61661421364768 11.924359962200015
85.22157386528087 52.74381590455209
23.249596605138134 98.15923694028459
22.41750618678182 27.50931328253231
81.47609167763044 68.78913271661668
15.04239862103498 66.096088500672
54.12823184868583 63.228012875174336
43.0649739902346 27.330732855617455
55.476293613945856 29.75211458594842
74.40208975690726 34.56243865661832
32.81245199583115 26.664212268577636
80.25516479614436 2.8172599349592153
42.6049553413977 98.0993310222371
94.39167189101619 70.00276062811413
74.70262981737245 56.641218015604345
55.546678165058594 51.40925175968367
57.07875703156788 16.679471492257047
95.16156961710655 72.18590308437446
78.94777159241457 13.485818580389408
30.29050688092759 70.64486148307729
78.09685428964556 35.96795619898485
58.45314398656735 0.6581013579045836
89.63379256792643 25.55588607032512
94.92718618713619 49.90950973077513
75.1720449523872 1.3052900910888399
89.48951709053567 63.61698742484821
26.747368190623277 83.08208305132007
34.77525954005072 4.856974922722824
34.072302811458286 98.8161243681926
43.338414088063594 79.93644594332832
60.047005110713435 86.58535033891418
34.66618939515019 18.570028342349122
17.237048490942243 83.71348890924871
51.320463451503684 44.25419083092478
57.388520216450104 19.546386136099926
90.9817173832487 95.59343878687145
