223
25.74266496558395 39.06299480159463
41.896894160143795 5.4089051136213655
96.79097128220586 21.753500377826896
16.82350709344046 6.275024232735293
9.09986208835446 35.66613204717125
46.853445854121624 28.535958846175035
41.17729475288326 95.69015346457017
21.430719689279787 56.179155779905145
5.257459506266249 6.82886386684729
41.49725761563341 48.77239084547404
29.64505291722159 79.3464843347122
79.55285873304095 16.128085428472094
80.3356032820974 19.4766831281594
23.440741300426172 97.84304582960227
75.42567072941961 98.22295234038671
62.18914028451283 71.84405012623888
0.5182739841736117 27.41104377185877
37.89728798612996 18.92344480680905
94.78694579541292 50.117892796768224
34.05665051415644 15.80997096115797
25.195783421814323 94.60422430054824
41.62423214161022 49.99185440336761
48.36401379914276 70.28730806159703
40.867061620457235 6.310136746204131
52.29316595553587 92.69927072517447
72.34266192092045 29.297962918732047
21.92745235123512 87.7924663988555
98.41635258101745 8.834768794225612
79.6896563479984 79.98254359051967
70.63946348555388 9.214592813600886
42.301670834664684 70.07627164672718
98.19361738650639 6.943855934140397
15.908684087330304 71.97340939715654
52.85539416028562 89.16827326445647
4.532072817439136 9.458250361530329
12.997817881716989 78.87906210623571
11.903952415265929 82.64146763900723
19.059874219491835 9.477187115858799
73.39270578810549 3.4791825138618893
33.97844741568598 54.77551244726453
98.3926863226566 44.058229145502345
63.99418035886066 83.36705759858684
21.29349659104318 87.27901944278358
51.3915937172934 6.218410491014126
21.78077240257058 21.139409380304574
99.7028616395074 81.6659020191145
28.97654061841508 20.811627531865973
52.89839911860733 31.740360228961872
1.167970526284856 25.567174662652903
46.833642613147674 61.034711500696936
73.28872440453999 66.67593400523324
92.58148013251976 67.84484897445931
0.34124732659429613 92.74147877328217
49.924343849198515 89.54451367518105
25.309923495932686 23.994727975325002
55.735789896139934 17.648365429669266
40.471590050188645 42.851573625948234
26.713442517814777 69.93344747315359
85.16569672557944 36.8108761561457
16.050066422584187 78.7719027989402
91.72810350768967 74.42763703669203
74.70335391673272 81.42577211661505
44.74231092297409 65.00053760516941
10.164100087440964 49.85776045133101
35.95013294679317 24.90390306107696
67.40205925181651 32.90999943367676
58.54251754373535 0.8850809300157692
94.21747247249573 45.59848541744649
99.6242329511685 48.11788185996
97.77636726229805 18.8867794915091
49.04144574678495 46.7794183356213
44.276033114416315 90.49841747598163
23.957353147089776 47.77673780015306
79.07633695134508 64.9367367551591
83.09399449970225 67.21649845477582
5.35906012460261 86.57201199232549
58.57334200667199 52.23789349825413
29.49540498567462 76.05043833164947
64.68893682266985 79.45813198833245
85.82868785098098 11.70516870821201
81.23408903724506 49.92205523089276
64.40788566099062 34.42260303466242
13.791918915012157 25.38126422365673
65.31138332328011 40.77832089048432
62.00049130469966 95.89751429313492
86.601729833247 89.72175724544317
63.77554228498398 97.03304617947876
63.44726559856251 12.388783909284594
63.214709971029905 63.03549876006046
3.586027828505267 93.02515359600758
16.544083741924165 45.03157518652207
9.856568397172882 84.64608422968864
16.906687037402733 96.11802336994727
76.3327391273871 58.11304891714124
82.9348145783317 51.31220698438788
21.089741276150377 92.18292110244037
63.28685830432749 98.88335304706104
80.97503910589676 51.58429763947792
9.993717087361166 91.49583500462622
7.514169868432341 53.11079228199408
78.8461230351072 81.96787132806372
46.56183484128809 15.36807795432431
63.5404104009764 92.56970614394642
1.1428713260201895 21.239756447289004
95.05226774202865 17.298141198148
65.45328008434907 92.11889681443508
77.70307572566527 50.47669131083897
42.68000383558882 91.35228143208631
33.342740886145315 51.31141795846721
98.08835816858414 56.88004189222995
50.78965130715817 2.4883063256490368
5.22576864557418 63.23308432143181
53.622291832662604 69.76808448476632
92.06519787758066 28.70631762580681
36.70296022984388 20.95868095105501
52.48224762722303 8.894620731672697
52.81446298628529 32.536097102987085
59.420243480805645 64.10458854689313
77.13571851234447 75.7162081914581
88.79904489339748 67.80285318094091
71.0779629862095 32.36320923639592
2.5624275049418 76.42186211325195
34.486580828649174 28.801338812759848
1.2243135422576379 69.47135865443622
1.3223658821068573 33.84067328237123
75.76986518812417 51.30140494819248
85.69412485095049 1.0827575965609237
5.070107736392249 1.0257478744356563
96.43233770223324 91.1249858124859
70.37932480090664 71.27163337080586
49.99959245501523 40.80724496468454
37.786499307198355 93.37600895178477
7.588738995215049 31.299118163684003
2.6606076457645567 40.248064469243296
28.44154682160813 80.10903098851941
39.31385885274423 79.47724162732919
96.78994041348939 5.027424021180494
97.21009683329804 93.51170200099426
65.65871370456908 49.127160511479715
40.66460551403441 21.22353343426675
36.79576001216765 60.491728933435255
50.33860610085188 17.46172123131784
99.48631194804157 14.489409732712744
41.619075688696896 10.269754304239886
7.171425736339387 2.4441773511530984
12.669964232036147 33.10897279630369
99.38219183468762 34.62694110604172
10.62004223442593 24.664455027473753
22.74326463670684 34.46750241340555
66.93137941987159 67.56442906952182
94.29062010684667 78.50779605304487
46.738626220857306 89.66155262518174
45.21472645813773 46.07107623220782
9.202607270848572 11.451253770388048
55.80201454177762 85.7310777499665
60.874287916365944 86.00054938677948
8.286347700712671 41.301269104403005
64.20420162814708 45.84850334886188
31.783402445893337 86.04315057384271
64.54244941605121 54.40922647437797
38.669547154433324 20.78170157927115
85.1692182902672 74.14453543644632
83.26048851023067 66.28740249539878
89.7426204109817 99.91003385377022
63.96705783396 57.310627282212536
3.8756080042864904 24.486690229673513
64.72300516330493 57.24755898965752
84.73359902254906 41.42327845297298
3.614603317257381 52.87737646104675
31.328397079796687 40.887120637481104
21.88425793024802 20.96266263648765
72.66592676120945 63.01575594165335
55.24747895433737 39.6037683438207
28.428221278754386 4.396235058808273
32.18707054981381 82.64915382145546
26.35998961375425 40.600686749846716
42.49866398248467 8.46482576931119
60.52531683293484 25.13167055576614
10.944889235361298 57.02549276157065
37.265675469505396 69.68100129296403
28.502945270288784 14.339586775300962
18.057171395930183 81.268466460264
45.296633220328964 91.78683566336443
84.59333337769796 91.03065773474516
5.360543129259254 63.61810851284638
47.32221422706871 67.67849713160965
67.42253615880905 85.35628326918908
18.755379688406926 24.332023129964885
48.83397967465939 48.70776875487572
24.76562506838471 7.074174380374309
34.76205547022777 70.79275515675099
47.811307283001724 59.50156327819484
17.967584827617976 32.31538371083139
81.9678772475137 70.53973521629828
84.91405045640056 51.86012206076068
16.28289584957051 65.71078512002056
83.640258436062 30.7412540701568
98.90196467965113 35.61416246721285
47.10609771066325 99.34443301321497
35.43738470280139 59.2334472023679
98.62155197508682 63.17524795923536
11.147581182155387 45.91296106007701
29.22679427450785 59.42520207614529
86.00699743968308 95.72726051431479
13.654506552655842 35.34479783153691
94.45736342984618 73.40716891715617
31.53648618874896 49.979883776143396
21.17327447910973 76.10618819489663
21.20791533501113 72.77856514770994
6.7193779789550545 79.69563208182124
14.635159717627033 80.62145228120559
22.199313764259287 8.030916976547452
51.881530010360265 8.18703017959982
78.55819755938336 99.89982378491355
49.978690443082705 65.91009516607754
20.71087186685413 68.9756665272518
98.47633362231751 41.77898646875714
67.617141834322 50.05875892500696
8.47427546919487 34.784051878653365
73.18206689291257 61.05044665498974
48.72195030368983 20.167112369176433
43.819871584835305 89.48473463459243
7.554586987803424 82.72112892183196
