203
25.188154153763207 19.71535679273211
90.36335115531226 24.866356959976144
55.29837103596793 84.47511061201114
21.448168980525118 52.14607580503967
10.342637915698983 52.13885117011052
56.94522236402686 82.48793341136454
32.99134916114895 94.32534029045313
34.55581004232043 98.19521348697617
59.95152842281504 83.52464625824386
61.97899992630569 28.87220687970786
96.20706345487623 75.8625053477872
19.465095953803 13.718620756921885
98.21929321405241 76.38659712640244
39.782899781416944 31.68769409229173
24.353619951035466 38.000043153352294
54.865884434617364 83.97587073181853
83.90721900407611 74.5283782057212
84.29319451384953 65.47014424450875
12.07960108598991 87.38814941969542
26.938891297883394 5.663102971258482
49.65946732782569 49.820347834971315
59.99400313912623 7.30774407985616
46.06714296980713 14.478713878824722
27.264999571946447 30.068188481244217
30.268341006818034 89.89836703021362
63.61306747353302 88.76093342659901
7.180323009920264 36.063169144236
10.580602987741205 28.857125934545667
78.4587337236296 14.682216133187254
86.57316001189827 47.466113009838104
30.86708805738253 67.52106657294877
30.49468457062854 90.04074256467275
11.088843806076653 80.80757473688077
70.38788430862812 24.32071045845111
87.76554726654476 58.96080768688977
76.81867080898473 81.443173630481
51.270696593117805 93.66553107311661
38.94024936077537 20.972120401142845
53.46075337855372 91.09321454214296
67.98005936814786 98.06245727200726
46.03375657532431 44.25254535723304
87.73037515625948 25.256086153362933
19.280510256175255 74.32431304250603
21.312531707310246 74.22610481430934
83.1683800548649 78.11213155349498
67.06546257518174 40.301437754068544
42.10326761302968 97.49150894879003
92.42994186419335 75.63040467880062
78.2216038928122 17.161149495734563
44.32526862131958 26.803550692793376
31.552317999810576 39.100598423873066
55.63618152783357 98.21552900751317
10.021451425009042 78.31072700083567
64.85285689395035 21.13752034685431
85.94830812404406 56.89547269375858
62.01839811006828 99.20237534071383
67.71248811801101 43.19304080099019
17.47374641376408 15.104942716938774
30.47215041341825 66.4877288311739
99.34181875533685 14.238388053559714
46.472541834752136 80.49840543948257
20.40714562773419 1.0814237882898592
68.40761520392579 65.8933585642359
5.229015902406619 65.94533239006098
43.19046930864447 51.09551889362215
39.70083031108005 20.55046012104015
89.77212153544465 40.17446988525183
49.219529496655724 5.293090226860642
48.25793578179282 22.737012131906052
42.42702981835357 87.65737191926746
86.45095805515892 55.7782251753848
76.86775955188598 72.94522409575028
32.24843957324436 18.849745354759484
86.60185979695288 84.24849129618033
3.531537332163226 70.93200684925743
94.28753017526665 76.669514957382
32.80044591967697 33.24925809344476
5.084042993655324 43.98488447786655
70.2805875481715 28.54646166658654
74.93564037280626 65.97561960844536
74.12360998767231 84.95477679083908
93.07660225086289 89.55707900306892
39.87931671661815 46.949388732395924
17.480619045150426 83.566788587
99.78192237869318 76.60861015750908
68.90770870492962 40.22169343542637
62.58301128951543 32.115580997437945
3.6180303770075195 39.208658415953494
2.448999112388972 27.84493329993366
66.53109869388328 30.722355446511806
77.10706083955137 42.74392961329549
38.430893167642864 14.104395495584864
10.736752416749361 84.36776043875493
50.07112960920897 61.82815689527512
14.750342223156398 71.47807185076873
56.716301997273234 61.45827611321183
62.39542783242764 64.76326977985232
70.44294820243117 47.18044154137699
12.865599135266892 30.347981025912574
29.584946795733412 67.28411481205805
21.374952451708896 76.6543879714522
35.8548339958793 9.339918464672747
49.51098148271838 71.25638626599435
59.15347793604984 70.72625899415887
30.140626708020413 48.86031558324498
94.44498487916168 75.66296932023508
59.685772041567105 91.9906295278297
2.567693953690997 99.19999383511174
91.26001300086689 86.27371162651647
12.657849148834233 83.47512795450365
53.796203062536286 13.705427315149798
42.055286281877 62.41141182684792
64.9754768721908 20.901920669781195
76.36894876335371 89.52705543707769
83.22700218793814 65.08641223945544
17.751898520381904 83.09603077245129
78.37910273502283 0.8358747841811343
49.59616834266822 33.331809446687075
43.753332495295325 26.222043051183263
48.90439802756158 90.65078468004721
63.788652586482065 79.19944712773017
98.14747286610186 41.83671278735147
29.726599178188295 15.26040628860137
12.803295655288316 59.93243385017561
0.3611560655624957 70.63685293241913
46.287405277044925 38.073456108420125
86.74551362339635 45.785279603277864
74.56458976421962 55.3294759006984
92.32230962601626 67.24403832469774
61.04869136928731 2.247027484779651
95.12782534366242 69.16184116029208
44.45721447541191 50.37282661808662
96.03185768763403 72.51145217598582
88.80395537424938 82.9496332564559
87.6604817650313 43.30506956800967
21.804810305487223 84.19100182861999
34.31547044634603 49.49222119070501
97.8266535445603 5.993754155249309
52.797758968346976 33.42142954716295
96.87973914801978 9.053239425122028
69.67875229998177 57.29657407751508
39.601476887143924 29.86668295979221
9.797313761817072 12.125820215866966
3.508936659180939 23.756976939104433
50.61212839204507 61.848246819021334
57.98696100236963 61.391660308591746
29.064486764148832 44.03725593609931
79.62044844862733 60.08898838471046
15.211129317877637 89.42024722753608
35.40079562626433 14.422606513819513
46.84526323258053 70.69617642746299
8.316126546207725 22.785240197829427
93.33083568119802 20.965648281574712
29.865954516024463 77.74529448594933
27.74839252552446 89.50281314641896
95.92206150885642 92.55047232102008
85.772937557038 85.75999275694284
81.20425583217016 69.55971795938363
22.979942041303314 67.53972087203095
17.092938802525904 12.024375417969734
28.55538407719518 3.3090388759439926
87.04716250079707 17.042315273385388
65.25381386772978 20.884637074899747
49.05424790161852 93.07028680998778
50.46991156681928 98.45518837917004
87.96089589799834 77.85474564248311
60.11624742705853 72.25525479802997
33.47455284354615 53.86762221751085
48.56312920192749 32.08979234965167
51.99153579832287 46.642344287363855
12.791802047265477 68.07172443284377
1.1862118613879313 72.36061906932694
83.8493523202245 78.88794164658232
51.150109301960356 0.7695701573426583
36.75142631960504 69.23633764084131
30.47936117400666 66.03812756633175
84.91176994854412 14.638564523918996
48.29257028090561 5.4757755056678015
82.08398399646865 64.90637254701475
41.17707333307435 29.3526898501427
87.72262158941751 60.99232214943091
64.81969669577919 10.698652475832404
21.587791357626372 76.39754275008367
60.66399520023149 45.674670617047816
31.05801969781341 24.525817554645236
28.378363471499956 86.13713531879948
76.9996456441636 57.762155029212906
30.89573511541188 68.9403127390275
38.81175432978456 68.71657704033147
89.25229304834201 30.050457428510857
19.38755843857435 63.04189133751015
45.18117403653776 32.15118298343328
13.065259524986939 91.68320044305182
36.92925414678966 45.57491399901294
32.846496984574614 16.635049393050906
51.30934157191339 50.69918756488783
96.94367723287728 51.316368591414154
58.8206439280169 64.37586487179328
12.71688781357213 90.1461091095073
28.948189824329397 96.98501504366952
6.531926505552754 77.71431501341071
91.86151818869313 1.8937975098888282
25.505489463570953 54.28000489382239
