29
61.305597158190075 35.89522482965619
7.143499111786156 62.850903764770635
22.774123545801572 13.292055758189647
26.757562269605273 86.8400951984435
46.07316591348084 5.914027229674446
12.365891768625348 53.67028171970628
97.59255590054214 27.575646369360307
13.321428498713829 52.97357333374937
93.83702540701164 81.83368014298745
81.98726557354335 87.68718141942061
57.17253514995121 53.292969604787274
56.20982222207692 72.36030526353784
24.050030841058778 56.513107008081
86.57423204868861 84.30000405999071
46.42357576054755 39.12939823837432
38.38740823864325 53.99625339038175
65.88056399493695 38.32385578515651
4.511144693654911 28.680194183942444
44.65330097519645 40.38662407039757
21.51406530507529 20.030549390112874
39.3904207770804 93.71731407274645
40.40005390098843 38.93792714381682
61.46533361580473 24.967881978444627
77.45814515200449 34.2806663249938
65.79757480086101 70.67638020678545
39.50534250723348 56.93366814773507
42.19333141859954 76.45983568133
72.60536603502462 4.474973784378788
94.92851595828576 58.43503837312481
