239
39.32564521891745 61.03274252217169
0.14733330233820396 10.728697335715331
38.90980169829271 1.5394438596881277
91.51899077032988 79.40867151369268
31.05248503735173 37.40686927115519
23.19224185562806 72.18587869501842
24.876779274170968 9.471176218209166
54.505584453825705 32.736737304786466
41.52809501273717 85.57670429616317
18.57039733943133 93.77268655279029
78.17424411152876 56.41448839719293
48.81919804089302 82.22313673609206
54.326059310521465 10.17514276316568
91.14751811752804 58.59153241541026
52.667713891242606 20.10830239699232
42.147725842311104 75.56385566271409
4.280031350932623 74.63692359175518
49.84190419389027 5.9789563049577055
68.53966052241961 80.44448154040083
87.83546166315995 73.2213517065008
48.00970219246473 44.574668686849115
33.72437102070705 73.38088851473123
70.06763631161814 15.17401202093036
61.283115547039 25.946469629644486
79.25811639913762 20.098134394753863
6.906885703902743 77.5149325365854
61.07017887797682 2.88637790014894
8.203466032732209 77.77624392985777
81.13494725256655 16.74732320878943
26.893051645251344 31.149381980135615
46.84067670891773 32.67589208044854
15.001739425967786 42.15287992340683
69.28722629540471 46.89725836788118
78.8700549318458 83.67220543534314
58.27392791496522 20.90616190837299
97.7334061652826 89.08791914213646
77.34808006201665 34.29776688076828
37.788999372878116 50.77140257495205
33.23693846139274 81.68805721708193
65.78083037563485 57.44037627720201
94.44588660134754 50.049627924564724
83.66581845807198 25.793588061683092
99.52832394370083 84.22909603467355
68.02757630916035 99.19339448373407
54.38744880902259 99.12733134319065
80.91356344882134 79.16749919161717
19.777912235513984 44.80624299307602
64.74126058507062 69.41874232775598
90.04764763106107 85.88754100514687
79.30682583069193 65.48598136781348
18.143658068770353 53.341691940646065
18.941851295634027 20.11863681380033
58.90755114374188 92.30258200949073
70.50470879712614 88.5148399335452
7.228609131189989 57.617007406377795
4.048803144818458 35.79926994706255
94.41310000074834 34.81750261984672
12.94864643206406 69.84406885306792
81.2497156859899 33.20595368133101
93.75316297944265 4.3217872608342205
82.37776229158662 53.258424267889794
70.52869358919227 43.48617365687056
83.12760110781052 7.194727325589234
77.47563646332357 51.43806017047301
70.43347494665703 74.01547478913842
4.521365637650687 87.17098336090142
54.92181420637235 58.177945890163464
6.743910721772616 8.412982553447378
69.33321788833604 13.003730365235134
25.042778910821028 71.61091128726144
43.72960178605347 4.031159752216085
8.705950226675018 18.457470700102196
19.52741266487894 65.74779610012665
13.096619387432472 74.9595276967434
19.5894647119744 51.40276165626464
43.60014397500286 0.8031485467979937
22.841819031303668 53.77573847787488
99.92665323231107 35.49616672276299
12.168860104301382 47.364234969655094
58.57670919473694 95.22174269122817
17.205703572529508 93.18861348981396
25.80106463190618 44.51391342950356
36.18098994405257 57.22698141320372
46.00385907506772 26.54589881237923
78.2780485436283 76.47157287870672
83.48312468202866 69.35144928210678
46.875132142690035 88.37115520624738
1.643274441593101 63.81618353604915
88.862000235205 62.42890872829891
75.25220812928119 2.487371441880748
3.7182858767776272 98.59931389489981
3.4351544622009067 15.094049381627839
14.622348612870939 27.12858360196372
3.844255668928376 86.62184678456335
76.23515899546504 56.92597396056911
68.39728471548432 94.26257300960775
99.93382567443106 3.5023000854091046
61.5082963005923 89.43102122096816
87.79709309721603 49.881517334321835
92.01698426194106 67.70528918431928
98.16327955470415 58.63050659337355
66.98433036096287 37.90833350550468
20.299202720199116 21.943127867197287
42.38536454267459 5.8617021858034075
59.108152042324534 46.47614817794048
87.87371632187634 21.600025190145388
14.456386453431358 23.15858880078133
42.63855594397443 37.26866998009809
5.6025027598165185 94.66802132696338
41.42163462501767 41.27738356675964
78.00167827042488 12.448679464719758
49.92367052274594 33.777014751351864
13.177824464957943 50.28757679338878
25.985153665717398 71.8854050695964
61.3712942507288 83.58946897167205
42.98209105069225 9.053569981629872
49.88672056394602 21.375093001270727
25.35102347739314 64.74463476389502
40.857654254970946 66.0007109942014
48.153141524773105 89.78495977883676
14.819266526275253 96.41967022453512
12.788763897310817 88.41057578598705
72.4949429678095 38.82297742756824
56.42650519614887 88.03123596022542
29.50565145595241 84.52638380163656
33.82802220465092 67.49518032282279
5.4690632901614915 25.69454832571244
90.57248184259274 42.46702708947978
12.825950241026508 63.142306406875385
33.69417023051007 35.7597299163246
96.95839608039515 51.555976757019465
23.49523833855356 60.30715956757362
9.154841133734703 33.79173980684368
74.40287149516703 83.25483090229898
80.16295944441161 72.69323390753678
46.61306634217806 26.11784473056067
67.2259530447914 84.26328684724304
3.9377922708228263 26.23854710563386
52.445832627497204 72.7803011711383
66.19860030161708 25.219441495074545
83.03520734997917 45.40526752991882
7.268494460405883 14.534928967369199
47.214895639908995 95.27428397470808
85.23449484954034 71.55219297906494
90.47109500752325 25.78918110584947
14.939320154917834 58.46304075799319
59.35226492581474 77.43615702269982
5.148673199575482 40.19848326505492
92.21007468190092 10.38018400740336
81.79800671826479 25.374751021147844
94.89802044425394 59.79148075730597
82.31418880275046 10.049245450026056
87.05698529452854 83.73763364926128
54.386167305705015 86.92435598169935
77.74076579745999 42.09573068442176
65.7550876562997 30.89347971922418
57.41687847772394 35.744100889415385
85.15019096646932 63.1592409943742
27.568314373916113 52.91519895728859
56.085413488153065 77.96637540432839
51.95326638039541 30.357736343083353
74.9997791988718 79.53380444566966
49.328455860072836 53.08911080048916
71.58709963069185 27.110268516965352
3.5440603637821977 73.01836032348112
63.37179360247974 64.11387926097615
99.14366713502997 39.27413359662536
59.34788042340012 42.0831593434571
45.952044883343305 4.023596181553035
20.326337771437654 13.594680468713738
86.72146700779807 20.638573617711543
57.539316308949964 63.63509078128138
29.707535343727 12.87577999246211
93.09431055932201 60.96667654733929
76.32942406798648 97.86897931863808
51.818666743645416 63.81250571643978
33.58341653141189 80.75280581367225
96.45920959060304 65.0137679178096
14.890044874997855 29.93747900469176
73.83023611466079 5.33363124782591
46.95766617055923 41.26984703796659
5.250407138692481 81.25827835318384
17.040947082849634 21.09493947089025
21.570012915467153 70.67902281797787
7.827810072014085 94.00945541573316
19.252033059478546 29.546845561944878
2.6418369761436744 92.59492044614994
32.30243523000357 79.31558097608676
91.58369420056712 80.89264174518432
53.889482251825086 57.97635265721458
32.472660298701385 54.81418613222622
73.64354412448174 30.976490522967126
12.241929091741955 7.375388763551238
95.05043120672555 35.93324058572129
14.679074612781996 99.28507130391154
34.30239103985125 42.54206639685876
79.40161820576283 17.43165503137918
11.663534842870982 58.25925645990404
70.29990195973458 92.90682396315833
31.358306580012496 75.06218508103427
61.35859026993339 48.27263157867283
3.5008950375694847 68.44885796220824
68.75419229348418 91.47188507712059
24.542485740455245 97.12528383669913
21.83802400878885 24.584402673653972
34.15124698264114 54.73750103987989
98.90478706037705 36.238703771141346
75.4352019359864 65.08447892920782
23.52041565166609 62.58846060251633
32.74790161532025 2.8737709523357857
6.464492938026156 84.92873652813326
17.901969440851605 97.18786097094427
77.72783934868815 27.720674858522543
80.72749486326772 90.76116139551075
11.997139553417801 79.86327980003307
82.78188815437231 84.1802396123624
86.53540358384984 82.77984851129226
54.035472107122075 91.32161099595805
49.30114497457229 60.058783509141776
67.92608722832641 67.75245853542066
93.8100283745684 9.179109329551105
61.57395951968111 67.3967189250633
5.98932804476644 55.83539033060452
1.743129789155884 45.767382428863904
76.92819228009094 15.021006057095732
37.42631004549415 90.36221721200494
41.570581319642066 63.42574931090177
83.31481807760623 61.47303950343227
9.611512310681135 0.9055358694960103
72.3043575804008 37.54804640513591
78.59665290562515 6.450727527386768
72.70233372485274 40.2024707087631
23.314332779333736 65.56846770133113
93.40849788563375 37.78124197948771
87.78173304793685 50.54422741747211
71.05451067413833 37.65935288098255
68.97372108275027 85.69187194583859
90.9827285772688 23.45812161209182
92.3329836913436 87.9673990947502
