219
51.96962842542894 77.29754133038755
86.72068392837971 99.38213507059737
80.63811757215578 65.36037449314239
15.79767810765258 91.6679159143802
67.87780005160785 71.98993310245046
10.753868184024151 58.777854161790884
42.41536633093631 65.7369553607568
85.34481093986656 6.508709551181324
32.14610865056464 16.44456413168166
99.43195411695514 72.76924391028385
98.3226680196429 6.03070837613725
62.23772919653142 23.76326101566265
23.622875797070385 72.55652092884898
63.79490036589722 78.93825595132962
42.69966128462316 53.2360243189154
50.05551949747069 18.131076377202227
33.08538895737153 88.82911210117256
90.90325589279387 32.80343973422448
28.17370321799092 3.4922920528244084
50.966620669574645 13.50188700316297
76.61690626792776 56.87493040700474
10.706378178717745 74.04395710773491
62.23578608324532 54.14097588882611
28.217483659222953 73.11540352370459
1.365883607519236 52.55185709755955
89.38422097828447 11.30043581354162
18.22587071545676 70.08303412751506
43.0030300798014 19.58640561048165
39.4578822720224 78.4204814681638
90.8371941617609 3.4306868786000755
32.96329425639154 29.36596287370392
93.67121406756688 44.11269414255129
40.24043882421717 52.522239429999615
54.10494145152733 82.05578771742242
55.793091359432665 38.688368551728345
17.696176299001177 19.523708083482873
1.0203024702254093 90.29785273545907
1.2991999261559584 49.640716118232
59.02660042198702 48.09658033993468
80.87941419102847 60.23284600577939
89.50520187069473 88.32634452266416
52.01192636976507 58.76038021286821
91.62405070310132 18.823627063306436
29.365982482072685 63.6389611020701
30.389118258552607 38.83926457602139
62.3502506534766 53.46854470918997
76.08248548707272 26.868621919754155
36.1523562620498 12.955206491423032
61.49593086278028 59.065061553259156
42.43632336359856 58.06488217211425
5.299118298256644 69.55903789344934
80.89534219095596 22.849630027193268
81.41987415006133 81.81507965892781
99.1836974779405 68.41245889586486
66.34092970443321 16.24923656478462
13.695157147123139 66.47991120378033
27.794712717649862 30.602545442077577
36.73090750366104 81.54485726576245
86.77180282214076 68.00731991400946
79.62732242639444 65.50496020703758
51.92997317533268 43.26393944986563
45.04392316482093 97.36201353123361
48.06126593216858 69.60785988364384
50.281233121294875 54.66321214761308
20.28951797103592 56.52992386826736
35.29204524722819 85.1093730754391
97.05834742827804 85.3235089011428
27.320068776260342 44.7443399964492
81.38172798317387 23.148867770743053
61.46920129248217 30.080196160805116
10.78423003722847 49.51405897924951
1.9993902997093027 32.29526032839616
94.51282650352428 81.55861927667371
16.326143738254416 15.908367127128342
61.280585055428624 84.87765903382704
19.898653232716544 98.52882011128939
50.90682964502826 35.46014064319783
41.138330823196526 15.340699020191606
49.41794404501204 79.0314866800892
60.500556544252845 34.95446291441875
46.291783166440524 40.66101711331933
18.345591482662982 91.3789373219393
60.666024702677724 17.27482589728121
92.99824830155552 76.33341806284245
56.409399213467445 19.12797828159023
82.67295139462738 97.22406592320142
60.96925348925527 25.468859469456117
73.93110589562859 93.68496728302027
78.23513277176706 69.63358930003855
78.82994503058735 3.486025758866129
18.056887218224016 0.7897972637266992
84.55292189815866 72.02770563215216
54.87842223916514 40.21986425363158
16.187061669464107 60.32693764555549
56.69082021124615 76.37381452124905
2.2928700711913774 16.284738196335212
72.9787575537303 81.67266931748317
91.06343624580838 14.040690216703911
65.50707141362525 54.0418949888882
37.0895644409534 96.74594888839266
79.25669186746404 67.94377442431397
6.989955195654507 62.507665433486615
7.734551881216234 98.14107928515972
68.06847876759451 96.1882387418795
53.00907415073299 86.01933213274793
23.009788607314263 74.69078856768417
85.18456810340976 92.92193739452983
48.04741435079038 38.74096986668697
4.8323394656705325 4.773969104977827
58.95456340443839 20.690855636198624
51.69952047581967 16.664947937296315
20.06081886517296 68.28466961856643
45.210795659218796 93.34335933490183
23.53645045113414 98.51266909158738
24.010029973832182 85.09407020343494
55.71425590358723 9.86463906742624
3.87857481146312 15.054347758647102
36.28660278810714 57.37735597501836
40.893072355593304 48.35980932502402
2.677929344894736 73.86304308313278
5.131034964513848 55.27915621495243
95.48626154472805 77.47459192250665
19.550271572524704 88.16130822782009
18.329103172119186 50.67644938468301
67.36733714598466 34.263823595765764
64.25254804146219 46.10024817169274
51.84353206400917 4.621732754414632
60.429215694694406 91.05340624259381
73.32006922919844 18.005288540634346
10.233910218520014 94.12372197019177
46.616923955851185 88.35201108609155
85.56236717924087 8.097793805904397
56.97392001295297 16.179269033586728
85.58165916943462 35.61118919803267
90.229874816966 61.16996675613743
14.282234466707266 92.31726062790288
27.66065253951433 35.540184140498276
41.22310203361167 49.02984531186242
12.148278152525316 4.638028338872147
42.94096443553559 33.19647756908214
77.01166966685638 15.73818079088667
84.51493697172435 48.86920537477069
78.15918902035878 97.20164711296589
84.6950844834081 36.02403416463896
60.82539366640592 16.596694033676762
56.26646313494687 83.09337577888756
8.331429136951286 54.76191574708864
37.611519605179225 74.92288201459779
97.41578568239055 49.346496351555835
35.95528583399715 68.42072610999512
39.05287673777524 92.88869480882502
78.79220021363659 92.94619686458307
72.22628870594538 54.452974842551924
82.61425875052734 3.6356853861986504
9.3612081964923 37.8017449563073
41.137326233455 10.839298222355442
92.88298822545299 67.67142100671097
65.47198308384161 10.071485961835558
66.47854070591083 20.838752047046583
77.61636766479975 27.952727522625775
25.86465939502206 15.483726617325388
18.868342969552142 60.32024494709485
32.66788946629059 75.25929405226456
84.92505798067732 76.1869851543555
27.818428647207185 15.240220761107448
93.51939020105041 22.700876939745164
18.300463870601156 37.574671507419154
33.351039019554094 79.07596071094012
21.585494109258207 99.93328334342128
14.141366823916169 16.520747207034358
31.986374539158035 82.316977146832
78.26382408802667 0.1269541936759877
38.134916931593885 34.70438855664013
41.91196413957745 11.896488262622606
62.498998538388896 22.269776656867137
47.645445853794286 29.49910723483574
86.12775612277325 14.21813279618801
57.50460121311397 85.11598093700555
54.59356362348138 38.737851520681176
49.91496640281346 84.74621414898377
6.638329144752686 76.8031429958992
91.3998389080759 30.353235863288663
57.92430831109394 90.78186897404721
10.407568331201345 2.5186538527332436
74.59629898200382 25.827806040369694
29.09501038254232 93.4552427655086
37.98991946856559 34.34762316817592
34.986011672616215 64.70138457330006
50.74531310451126 64.42572391129737
65.93234219656033 32.74224858825252
76.34937072573221 81.37664167070908
56.90623313816118 40.1178997280876
61.432276611255595 5.024681534069186
20.11607708693931 94.39717890301667
11.670029708503094 89.38473092842568
67.20949878007923 49.82211614460511
28.971273053545687 50.63316319003629
13.383409386533419 63.257893288355824
88.23713483994706 43.92011011559478
76.37643907914288 5.377479505311333
98.69591446332822 35.62049348835053
36.92889131146922 17.82690845709025
9.146296107418085 89.05194556009558
72.66585279653816 20.075390762327682
11.201210152458485 27.74555471054374
19.230983273115132 70.02996378314923
15.858882933671726 38.05408981349938
40.8872574634258 96.34751943682689
69.22603001344002 38.491823471376094
0.807803492500303 10.922992580389435
31.449386734819008 83.70943084912149
70.93689110329305 92.66899477120883
34.28892961771442 18.100435403038695
12.276711540318052 63.29345779869622
35.628958798091524 68.59662388272511
73.90267538661513 97.60122807864391
79.60256292857481 14.371677028582997
14.349018968512716 0.016854701107049674
53.61157975935178 0.8314977144957769
