233
29.41979032583635 86.24857438362348
19.32927651876858 6.261456219279859
49.24438852716179 47.427091584295496
82.78975844712164 67.8351795447427
34.241248360082025 75.94082322090762
55.01789530460933 28.324428648417598
23.121306292454125 11.701477299497453
49.04663112785418 70.78521923106102
77.92729264701327 50.10411340972413
56.50984299012053 88.32961940554911
20.363018087623242 24.083135578096616
58.624017087802386 2.444512435362556
31.93229267329484 78.47799285628163
91.36708292326577 70.45677285763978
35.839617182233916 50.11208440232533
71.56350419820875 51.37204626155819
79.39425447981885 37.75140724327982
11.672702753000962 3.562061620464696
10.721442418142734 64.13092413497111
97.82523407088115 54.16295730980206
86.66937641557291 96.85463093146299
6.044467787824437 13.24704081884951
49.76573332973005 33.81596021002825
81.5586927103245 91.71758929085678
36.22210640043825 34.456491170911384
37.35339732863532 44.86689948375672
43.341343900169505 61.402267893282115
43.84416205094376 25.815696149322154
22.64602724062469 47.284472419966114
55.96628486752921 90.81031835574198
70.98367694577811 54.65814828040292
38.27682114243191 12.71626247844797
15.17808941497768 77.48611291107255
13.817901083836315 2.855308975658799
81.08833401937954 31.437373887707754
54.12661588489315 4.712703221813264
74.5775166882525 85.97067539528656
56.83450169585793 10.945363598110225
24.559461494073574 60.973980633124555
38.33498162755342 13.526948904725455
34.23080268201547 68.04575516633261
70.98043118448591 49.389133827955554
75.90405882319357 70.08832035343939
89.36396040773309 83.35726549201944
32.14101711292169 36.2387453202761
69.39571094699292 51.131144935305706
59.70585707002512 7.944617776353158
46.62512687895807 89.87292572607286
85.15320240505704 2.805822783952039
81.51236488833527 43.238678990801894
68.39999021542052 87.32772679363067
21.218476412975697 88.41255209011662
92.16745886578286 64.78752800083613
49.70923306853092 7.160982010178096
31.985508038022193 39.01863681785752
39.355208158384784 68.42083547548349
78.25281630096866 49.38529616307322
34.64195341377931 90.25634026003354
79.72482261022424 19.06038690402241
66.31280736107927 3.850677341825637
30.807516485758747 79.74433773276911
40.99244815109097 72.15746675655726
4.599392662784762 76.9584586116413
28.689856107064248 89.52190216673608
55.38156314225924 25.214824892755217
79.61993275452744 18.384682774353468
62.25094752954355 28.286245261475162
29.60132379432866 61.236103501120155
16.10560569552659 5.073443908187247
28.47801778269282 79.59558161353169
19.0456555325781 49.80928004563865
98.30525859473937 16.88432422829881
46.97053261225591 85.93853558344178
76.22886964267542 44.529151472781
34.5160781555244 99.42082900436608
19.989345431866678 43.40521403534233
53.33490352528063 32.09919641744746
84.59566025747058 97.17139809828055
65.25503886926691 65.4224258362089
7.202964126550815 81.71204657747644
25.768309133710844 37.558623906682996
80.45126725295778 10.633673498658657
96.4893626002644 47.401427747529354
23.791044707328147 51.29232030035791
65.45992451840925 44.7688907065341
69.88297845357549 56.22126949776658
1.3702998653319698 91.95902069670898
70.26564522022052 21.809483303805422
54.56504382415397 55.1664558925221
54.7075245944188 50.26166646626703
44.683540954471056 85.73474822240864
43.91024855663673 90.85708789696567
93.8027538844856 6.999431769395881
94.49305745926993 13.037275022104355
45.99778571935808 88.09116964854792
20.421762250723084 26.537376444733408
34.15052211127569 47.82798096982307
30.606257041565186 38.41847007047845
74.84065991145218 63.25966212048812
45.114165228415104 87.0377945397898
47.76046165537775 26.281263992616065
71.21370254460199 0.2423251623076106
42.10193750678394 28.22541837020277
49.253278766101815 3.1694180258361904
83.22304165070302 78.26416657943825
78.35095272005545 49.78263242321175
67.07879622159197 5.010088916039324
17.480148189699797 86.76973669984346
32.21418828118452 85.73732748462378
2.912042561557704 87.7233542569071
1.7742101267332444 58.284016390539364
96.31931107215243 48.66251860879901
11.72851414421089 72.95765336502129
24.116346006392387 96.43117068038963
28.267311344802927 25.569149853296334
27.15425346340481 83.69981583998684
23.320187925618786 13.429266774645354
6.486606908752124 9.945996722996187
30.061567552066894 82.60113710999354
83.05366480121785 53.35528993363504
22.10804738543004 61.27809910701531
84.40656393271021 68.79509310583234
22.22840235096024 92.60937310705644
72.87802139228688 21.009679526039328
3.5713108052947695 47.37328335943427
17.189451512710228 93.32693952600131
80.9125209694234 52.54926672918523
63.29254271685184 74.28232301264858
69.98140604077659 58.146342217138894
66.69600800193396 30.124902952054143
19.450124757285835 28.72736819224957
59.89914631944563 25.703690415262535
55.283420118657276 29.127124782100054
94.49545400103676 53.44415520214362
25.485059806888533 40.59084448857482
9.937222988674055 47.35739082128821
83.5362171252311 67.4889440859981
67.10594891943266 80.01017448946868
70.77656611279674 99.48162651494474
22.755578281887146 8.785667958200694
13.879676691341459 31.602585479747813
31.413548120870725 5.302210259923079
31.465535645750975 40.89250653865065
0.23372647210555542 25.93682725352464
67.94625396394765 10.266145144993322
83.81812656033821 37.970701361530956
80.35820172028059 66.00590411782899
28.205761849587162 13.50712929095902
63.01705946982812 82.63245558588027
69.68580534614335 91.97205523417422
32.62358005689342 90.02123048350025
39.37540810254355 56.69314645801844
97.9277650093301 17.40051752484574
1.9432819553788505 66.26880811206223
45.99105429171759 64.37449337657392
0.8453260720867273 52.28224575603282
87.87833123029752 65.20506029809854
12.103374519625088 4.627631809340005
50.44881904826354 20.039905746620324
9.224135284435974 7.507657644410282
62.878725598011386 67.1983472678508
32.650578547684994 51.736748003975485
98.65215512513034 22.159987940225978
28.950266544251324 42.051950868986665
60.89198263663499 89.02739234218741
59.00357541072836 30.383535816634467
0.693320003928577 37.78577663461632
27.036449811486772 48.03524997814933
38.87117437958384 98.91443062228149
19.970342324738468 5.331726860563979
44.802034555603456 87.30907309929597
51.02440323402336 96.39217374757835
58.2657556360838 45.274453938423385
79.39220119748374 96.03967591441933
51.28289779071854 73.05276827821106
80.5797905059819 88.98124381826905
50.470657299023756 23.412621702563296
19.65566074484122 6.12253247140967
48.776459539521845 19.19718563030184
18.787972386117914 56.92631646057986
77.27579662575712 69.79355587880302
95.53689978063554 88.15021110909773
75.71284705151412 22.560756457603592
93.75935109062236 1.392481904953491
5.927835886500632 59.188828874144825
71.75368887022633 55.77323574388268
37.86677152613331 3.2280404157218223
3.31714018542395 8.99694540034346
58.65864383810916 70.2824663492033
35.114770676793185 68.46475489503628
19.006949585575185 87.6934370516373
24.198449430839375 23.574533835768552
4.033165389171645 31.645277819581207
31.604523326748012 85.37456819440335
36.683399806316885 72.79963416359006
48.51945755511545 68.84973795916467
39.332408501103046 27.5393096031335
34.64544021522741 52.60273337004714
32.780824204901684 44.456016681680254
98.65621588034662 35.780782219163555
52.045666731191645 30.602314733973866
93.24781460643744 3.698781689237207
40.36900890070936 24.034168638648012
94.92887312441539 73.50237527930244
17.955700253479947 95.37614279142183
75.44813930062227 90.9850536413768
53.44531583992394 86.37990478994207
71.4469678774012 89.64669242953731
4.6055225950781935 45.084859543300546
16.40586682574059 56.989626240019916
91.77851964935083 88.31721207840435
25.572671944810953 67.6962959177987
97.21436960943574 30.603627315883987
20.573273748014287 26.670273027490467
54.576393456925054 86.00964319942643
76.54803013462586 92.39896807815936
3.4865586606685595 28.11351761720049
85.07161473497415 35.25739401548081
65.19876048942977 2.767005618717866
31.022412733249162 68.01719656883503
82.57710351221267 28.832448429612466
37.587866785365584 14.365845674196843
60.19728408747403 31.595373023394878
24.947523286159857 98.51581365546468
87.81522084852152 59.80168549002691
16.318889264068336 68.42896980201549
70.07087646768679 2.9337711686857837
58.13798722457253 71.26700408637899
11.621317862795532 2.698470688066479
38.36141110452003 64.11260959631018
99.39122893741286 87.91142533165925
23.963083234463866 3.3618049721177212
91.12927087914736 78.13533001215144
