213
77.31087708825845 4.127763789207961
71.70042085600656 84.31185997307502
65.545260471338 5.302925379174872
65.00903462522164 6.854639211276547
4.026732551231094 94.79272811847927
42.20284860268726 80.58035753947989
65.75766329013976 95.38400661224041
12.15877216095167 82.90666250404259
44.128872492887574 61.55749645777263
95.4829464198659 92.81544178145525
19.821286523124304 75.98898667392594
74.103041259589 62.97774982221809
85.296297305721 64.68888336788821
23.68079677476166 40.971264933229065
91.78595556776125 95.91151415186539
10.616053700531003 4.0985937629020475
2.2627981827659682 99.35234817452803
90.48564168234753 52.43532694024113
10.271024702967535 17.395441527407073
24.95850684027756 51.92156353691422
80.01039778169036 87.97200294668575
82.0903700026021 86.23183169375767
52.19363102459359 4.742144199045139
69.1100583036239 71.82509133573566
39.46797156430131 20.493610536930618
91.58838797743027 29.84882734447305
67.50499486943478 51.234449123820845
5.972973191560682 61.34892407404157
10.140446559895977 35.177015587566586
39.81166543028062 33.796370809020424
22.351167273786775 46.418160332400305
95.09095583774062 79.12070480195732
32.74035817859553 50.01512072087635
65.6531160681123 84.55874269579405
92.65469760986089 67.94651401997278
43.98531627091009 95.15026238126492
55.61811095079705 70.01934815574154
43.99846819724685 44.77398563014272
89.4344264170469 56.7589014340365
4.173487803855669 20.90277048531376
26.023079923363078 7.162710005248729
60.69893555200747 30.033961337265282
44.33261378043948 38.83977934135776
48.143271447096446 13.836083229349095
19.591885179431877 42.54233572772834
85.70715199323881 83.81281096694497
78.44987687877266 42.46830860578752
24.853506783769642 23.390631430969222
7.599500167489892 48.44645901837239
35.96015841719576 26.57772812646224
70.19566193320355 78.52906167897225
0.9411108228631115 98.96006085334568
20.031357444849274 20.160197218840114
19.35326489699535 44.80709616507455
49.986483491958765 27.222903438956013
17.813798596696074 28.40576120617421
93.27462652351923 94.42856813011431
55.80292645806855 74.28857218684814
27.902016101827076 99.81188525820895
10.912305232171205 24.793300015186848
70.07066500477096 14.45641455067842
16.267402980949242 51.29788007809722
1.5461966554262907 61.677538989242734
6.234804580669662 99.91573748978377
8.063989317372833 15.896345735319507
99.00109307334681 23.894187040545912
41.623595777174295 14.176045091918088
60.59895477848679 64.1642186754975
85.10657687621219 1.164490952921493
35.9051626381791 90.19339885580912
14.048946213267389 39.94618079379557
81.15792303804682 19.082500459337215
43.70341224812992 99.65052329462112
92.93220327786283 67.04344648656388
73.46184853709082 68.99373608328472
19.429808735306363 58.53328786967612
32.49104691496606 62.54066491571809
71.13215951635834 52.33510900741168
20.098667021033968 30.111910093749273
47.398623998469205 88.60084248633152
80.56803079045413 32.17329383101904
74.51304101511836 89.11288950761586
34.98224106739044 23.258234683812873
66.71167811477353 20.386354827519725
2.894219173939483 66.48179671423428
93.94053082396943 85.72808986244391
55.082125118421 57.7002627216241
62.227040066883475 12.820410298063189
6.736578447409691 17.534796238562734
47.254480196240976 12.670452937415998
79.04400612235824 19.397860324056694
8.387515842254112 92.08376267615341
94.29996376162366 36.932459092384796
60.912670241319525 65.0137814559133
1.7927220265127386 16.528793197239533
49.73051179860211 66.54849839315253
13.85050834017757 29.01707624850809
27.26233961687309 22.48042617976229
63.34658457726672 81.72009004304685
1.9576514253920374 50.08420656224018
28.55535490741039 45.06801517718447
88.5756253068651 35.57950355527319
88.3416226444899 42.8916353741715
15.472920513516897 74.16159775333854
74.0970502221198 97.51341776428686
95.89452250976646 0.9583018861143655
64.31574047116064 63.430118058781325
4.1082231586405005 94.79751403189157
8.818313179668014 63.23321767707696
92.99191459281411 34.62255344624311
5.696303561076499 24.516502374115145
83.85296214727312 95.72284028674271
98.2575434312761 66.69522944897251
91.89798845424801 97.7230411835784
11.363352460734966 77.60857454465152
83.19448458097992 21.374996872348174
41.8947620963373 37.17305814020777
83.64987568076727 86.9619497325618
4.6635524766046155 77.09596122837864
32.01010556019188 85.38535852772691
14.637839028944487 71.72337848389196
58.41518322538336 69.54515800588814
56.23717166357741 45.33139033817487
44.3798126760338 67.62839356558962
54.396158076119136 4.510850306635361
99.76431834000627 46.882501473666416
28.518908735026628 17.55002509125906
13.646822660797753 50.60858849591456
75.12862919987917 56.88540183855204
84.7493408774235 96.98399722794073
44.988505025200965 60.76233620527363
76.65696320073143 59.8707615750863
5.770609931287341 99.83330236911316
37.541258259134736 84.01255322704715
25.54162043132122 72.1995201426834
32.125867741929916 96.53272837244225
93.42159505445309 6.10097031307143
66.14286800367069 4.781804080452989
20.535346885438244 27.56651897388297
20.513437020774163 20.06502714898365
60.99221486862522 83.88804373046983
63.44015371651432 59.197926465000236
39.904366868567124 57.90190383165359
34.57362807058947 92.388591100442
25.52039045659653 28.34102024033116
52.683814471737456 74.67343310446928
65.84396318621557 35.402866268627754
56.81451091052546 25.891541433098585
15.889771462304559 46.320120674035756
2.9633403339514586 12.895471384490031
37.108245507038305 93.92577637420966
98.06054339123635 43.49608194178496
16.22141614890803 43.12580509085069
75.57469613162993 26.785967686699742
79.84075272057407 2.384563746615387
89.91671325531873 45.6240783869969
98.49311047845596 47.572240179699754
52.057504747276575 60.1023362064233
91.93923083668065 64.8280399368992
71.41197842995352 25.12927834923938
47.29627958979392 95.5062466192889
73.60759892783936 70.59413360951284
82.49427947519007 76.20743351826724
11.863448335444415 44.43918636014435
29.75162160506718 9.49760069791601
47.52829404634075 84.50240316417535
16.151919517985526 79.59147604132241
78.72512325433063 36.17448946491879
10.72934924919149 72.16534973781353
31.75423266366654 52.24254261690903
89.78491619328315 15.029576553050262
39.658699565406906 2.2929186761018627
23.451266344805475 17.653849976971834
55.13819895089422 42.8741396712675
31.823280935988564 50.773872989276256
67.25347753458347 81.62190939978132
91.1770730349838 76.40005644156692
64.62601988821831 58.92934347561197
84.42338743789394 54.08468370170757
51.36254370059164 63.73094991903052
60.51217626282565 65.4839972615147
1.0061415570670085 23.732255246202083
31.95990124144824 64.34697204133796
87.16172372192725 41.81636472936101
10.098623498780324 11.157346110271394
41.436212617960855 25.026401710101187
94.02174482452074 21.834294887451268
19.363350361515042 56.4063335019053
32.31473906792183 7.080658653475602
16.487408090528476 90.70428971869653
22.584061313421678 31.00526443484416
82.26767853080776 50.24336256950333
81.17476716512272 40.169692978448005
42.83932732046382 60.18421440967303
6.571484345196366 88.80199543689304
71.97139803707874 21.559402651988425
94.96660502701818 20.85872100846402
65.8218284445633 91.66283784486515
1.446144583807052 34.06914090507003
70.00716478139533 32.94217605859934
32.16546130109358 5.263515989784828
81.4219198466704 72.66340660936666
98.93124583046571 61.41074692129538
46.20050026092271 91.80337070172416
45.55548789778015 63.784979552346655
83.87936610618988 52.17027901044187
19.940989576236092 99.91624500545208
96.99798411316856 27.072167038555918
31.29443294993841 53.99356760118481
35.560574372207675 1.8403437553546231
48.97866356310762 78.78997343043176
50.60715712399818 98.93285098694336
30.981660146066304 2.92959056052734
