216
37.727655698830674 6.360678064352965
98.80884023585054 27.18352373444395
34.04268818473176 71.80539237264078
72.94558341322234 76.36800679838733
32.99559095129102 37.02156270502155
3.918610366966846 84.46150291598013
43.18734146918498 99.68541953918303
88.56715620830137 43.010370471899876
66.29223617435287 56.40212583569053
40.84378635032547 60.81153186658433
11.040259034899192 16.053798062064516
43.88268478090988 16.987910892667657
83.76462643315837 69.7331526222726
21.469164570903054 59.71138174970246
33.499481530215206 50.86789187620015
11.754287710539257 3.446796937493779
25.693273851298283 5.0025556327078835
41.59930834463944 30.83990199277229
21.15225029690937 70.8692422468705
71.56678225072523 54.543063700373686
79.88883189271114 22.486975515547925
73.58622692940823 71.02369245812069
65.14976451608393 73.36113293230784
92.55529474323792 75.93966531053091
26.995725136519376 81.0743828944943
14.543983873350786 64.05036822047646
98.30214243714643 61.26985249785955
38.73547197510818 54.48441265223277
11.860597009451334 55.207654539541615
46.65350291719621 12.717709013224376
81.85907762762488 88.93203404609096
18.48538442548954 90.98077742526263
16.868695851291783 79.35059715296575
24.383141064082025 21.742184013041598
18.333551413805804 70.71966049438694
90.63231478343073 3.161233076256176
94.642372795098 88.31838121516208
42.807615099766224 87.81728815155974
69.9457589258605 82.62329587550308
56.56010550780106 30.107955806135113
30.326931883654794 69.53295857761871
20.734411907988502 91.21644276273997
99.38047672103569 76.41602817164079
91.9814592858504 52.62679176294678
62.62782434199829 32.641217551045045
81.92171819325719 59.07183269531825
31.95664908489907 82.35627659036943
83.14692398176587 24.090897537914657
2.383680002651334 55.53758760115893
61.46056369865751 44.878586444970516
51.61161050945605 23.52464397829642
4.356721437359157 59.27001092751538
91.00542010119166 66.75687628312829
17.05800097832165 93.48501967748005
76.15398760469704 8.819432905794834
17.78771321520066 1.4916847524437893
72.83648357464925 0.04691557271592206
28.773735150490133 91.43317937337808
45.511739847707055 80.43378499234043
63.46267497164941 61.85410829957723
50.79586986058254 51.293282793342485
3.4374203654560898 66.94657109840514
80.23653234817077 68.7774421369905
57.89019366967969 45.93303881494418
97.3819581617393 69.62084515361191
17.874748279839647 82.59320408425307
11.02873618976371 54.80443055442989
4.597430309186912 38.21079035588668
93.37126664081971 82.23339740286123
19.290194232093604 99.24115657824306
66.96422319082997 88.16442469034932
58.769483832626804 2.252879767478988
43.231691345646915 51.98781598360721
91.72826475276412 46.55631409605825
3.8257160436990123 26.746454910740315
36.75095965992625 63.71485285556061
0.9520491098264472 95.96186073705373
55.68417586750938 89.32309794647888
0.893186882266972 54.800988992690534
23.645289044746566 28.139623616334543
58.824093063761055 20.01968560985823
53.65293555823547 83.3597696406153
30.60509324404621 6.295186494178207
97.73880025895454 61.38561394702694
75.50614061737126 67.08006787848684
28.414897529959905 20.904850752240844
86.22821001743898 51.071148325052874
43.8067994893105 18.584864874515183
93.86695910659506 27.56055020232182
66.23000739797646 82.3052268404951
32.28348076301179 31.393872971588344
60.63343510558546 61.706344086522655
3.526804469147793 21.524057453747535
1.856470299868318 33.80893737616779
22.745967414005808 37.60970823481464
67.77693806479557 80.58741484852638
83.10111007066624 95.167833974312
78.48591524337594 45.82008855817805
70.48057315652669 71.44568920663765
56.140851615745426 6.153667197727519
97.71233002501222 39.17064977353631
92.82464064361503 46.4346297327789
60.22447270116843 66.29609882702673
82.0138504884007 80.75341916516801
41.11557624161212 36.1016454089513
33.80677450105081 2.4525546563526235
19.075880477943265 97.89091271712925
46.46201706041458 98.21930310508358
39.99726027481346 25.838171317917112
91.37740369960844 68.08037612597
52.35192868045103 39.686575389880986
11.021083768387118 82.00356700339994
48.6927299918951 96.95147574559799
84.31201463813531 84.84650161615849
43.78329844873363 10.569180333013772
1.2195192838411972 62.73000787687783
16.476347712020058 21.285473174127123
10.683122914265763 8.86188492171608
5.005599193664601 7.881523640354238
54.359074090869996 2.7266969572823263
95.31514523954168 60.47296191056203
17.462951656941428 81.17877181328
46.570348732987654 99.85921586341978
75.49462863223765 48.00858609941104
98.42256830551842 52.10550803841291
84.76711579620738 56.51062952967276
66.73419572893529 42.684563322308534
78.02413247266047 10.554034367213461
97.28722159615619 61.42649583757767
56.376794164017575 40.87517996594857
93.509917003197 15.219543818656224
74.74749048975725 41.281577214150836
4.507601510066972 77.39638569599778
78.48555281394796 3.307323414354457
86.90950440628929 70.086499771265
0.7805675700396475 62.334201181964964
36.57104837386241 15.86162963825023
63.43635126958495 4.6057635494810345
57.17715617920432 34.47748501902084
66.33386019083977 73.43410052382444
16.320748654398344 11.29595582582984
6.852558756715855 6.591786764226293
76.76266562285123 5.524863118905932
11.09705580399739 69.84732168828161
61.63944652648087 11.213909001268597
31.674520288739206 8.843770246251703
39.770045761348406 5.2026017887690905
27.851789365846336 98.09327454462503
82.54863533593638 15.652036288123494
66.97999704679594 2.135495366185014
8.036597837296643 63.0707881659936
11.359595893879447 82.07313704475237
51.981337762936064 22.53925543091978
67.83423210777214 77.62629334670366
35.487830915917684 95.47398982111058
87.2202000493666 19.375418505366916
86.26974148547046 58.8919300651351
18.071502442476383 83.12280745843181
59.28842822654258 24.60276420448222
21.989621628450095 55.51004773388283
81.54995094477344 1.1999691169297777
24.37987723888243 22.957399627944287
81.3535328112967 50.27854635771652
19.908344513885545 52.80333121934755
80.13795638529653 43.396227990603975
24.81262145314387 36.807923593357685
47.652296536584785 39.05397367771105
88.48882587749658 26.620440222398713
32.046070367225454 87.85469271292716
22.02383772038672 68.06560476453349
7.826889806628112 16.265720029198462
98.68123328455836 39.894475851610245
52.05746850992617 39.93457824238021
16.519514397831735 55.269480826974394
30.216875049008184 84.14943485656131
40.046063525847295 20.962018262755887
34.65365404096424 51.549154673554476
82.36517871086058 22.38539735389398
19.967273238680438 46.65203090106874
4.111309129623509 18.98394950597976
40.91946298322154 62.49449442293597
96.65716942631563 70.80212103041322
75.23358043892033 40.69575671071182
60.22508515618512 82.99926125169237
57.13241036655755 48.49830761897789
41.829805782020316 94.00824477131071
18.049775641023878 75.62881152958572
28.692725271543786 79.41829656868175
76.65831965241236 95.02896853055616
64.8753629080486 0.5617082565206544
57.88308762880152 36.84340869160702
90.84134186845318 49.53616899084107
47.20563026238324 25.912030864383194
24.734254648639954 69.61998454557757
44.454239925150105 56.926050090982585
19.79748050527732 98.57158044746288
76.16227561648277 62.60800995498097
82.01000456437409 84.8706712770992
73.43126747843189 9.75105589371168
86.93920131612656 9.306387109857228
59.559589417751354 13.746946633859569
60.639438898054465 65.76581586838853
91.33448785502686 94.91743289081427
80.06123263175205 46.91713815471896
28.214766157738257 59.30663966036418
59.421575600960274 20.182423925118986
35.95341875807914 67.02163827814682
50.995929656752395 85.32243324240486
95.79109590743101 12.192613482642345
60.53937575792004 19.254418622927528
80.4042914560232 27.605704273604747
73.81094982874427 54.12723715796155
45.53306261270899 83.45848504590847
31.85116671585222 50.18734936987378
93.4587981720145 59.06980881820873
45.839392754018945 35.18162349181417
