28
1.420588749704521 58.85610325839693
25.17964301332033 97.54630794891503
10.725349828565589 63.25428186746264
52.353950079184784 55.17110677000644
63.1929679404301 72.24770263938166
78.80466285079545 62.301289119348226
88.76032650710435 71.94780351987274
50.963943051212944 36.40942419611392
89.97754926481177 98.42959531840454
4.222603589221096 45.289741948350695
34.192333812121845 35.70922170530615
16.72939582134748 16.76178133878411
81.58483157974537 61.799983671564604
11.05359923237078 0.7810536474361474
88.62811579327368 42.3908087271159
70.97922848073082 27.985463175029246
88.76383775125896 41.23036230807104
67.99990215722022 48.388025821177806
40.512535064201096 5.325557112587564
71.78145197774383 66.55449735130587
4.680539541518803 74.3623198953455
85.08435722475997 68.36916492908006
17.740047777357237 58.73921512350604
29.361895706733378 28.230348603583366
94.86540092491485 48.37371623840576
69.66388705282476 73.688100824366
97.25239206519156 77.89738267588254
45.962819204588165 91.61578114867176
