25
48.400483464410094 94.8566563844189
59.65171877259573 99.37663399594109
13.399103104508425 82.22901018809287
88.89787862165602 96.13465432419613
27.090070206631513 32.95294639980503
39.11756910690228 69.6430281713855
84.2483183194102 60.505668668200016
33.95231682390888 40.63915317568863
40.368454954671265 14.077542905795903
74.2906266489574 25.22790222931296
11.822322947920561 44.0014063861803
22.032837440458785 34.05459839471884
37.22871019770421 28.04150404010608
10.707735912894423 75.22043538528604
72.20591504006558 13.303423351151167
97.53351682076632 26.180072117406674
48.32766678031921 67.66354508921758
1.1321155418360318 94.18389391390808
77.97854688962644 6.987103754416979
29.891836731716058 37.18971686434948
87.76933903714283 48.20465787133055
67.40536111942696 31.26198890814066
82.81316525645089 79.1180635429099
68.91723988460747 90.97095540129042
93.12439243505905 36.38300617851221
