26
73.54522256508645 57.91333983484813
56.86341748576433 76.7022783119623
8.815323465373325 46.997959387849995
32.29713496644136 68.8763892668229
40.16725340090764 46.433999262097124
18.4509008089087 33.578517585094595
79.8440839378838 57.9293729085469
27.47032756805613 88.17397771311683
73.83793118132746 42.07630460143423
42.647196135585986 97.49693465252088
18.073131413999665 10.231442625472575
28.16507415843287 89.19040878098029
1.796441872999266 54.29249250451203
67.54965297379928 58.12874503606986
53.02647548939039 97.23449113584907
7.783467582002423 44.22836026354844
47.2099539097414 58.40733831937646
11.921975744839997 9.778987852940535
0.9304396717632057 81.36225552414963
35.98924879785559 0.233194087726607
60.282513049261546 33.09250785880787
31.252351528184764 70.13121179282841
75.75404676027892 38.73620477164934
37.416875604728304 86.87383061004061
8.852922562149013 1.138389868871803
71.14678382692719 55.447197745831446
