212
38.482818779028314 1.5607600020574153
17.049332657412997 47.16828780534027
34.37003769450278 22.09704396146336
29.193176866510996 3.760190603455349
22.414521049632885 64.06698204240813
83.31027258466078 31.944347589438948
94.95037419866415 20.05441387661586
36.90529067550188 69.35447588099031
31.462548210609043 67.3372107601906
23.64101912100498 52.4804015030867
35.50280241995184 65.71758769699638
26.93688779201775 6.595912939991832
70.69492433604412 83.3520514515569
81.14328578430613 21.172373005503886
69.61192404438525 32.734188475728665
12.164529767606957 4.826476765316901
47.623281279856435 21.144890779335956
96.61126639643258 60.531041158739896
95.06149587164532 2.836177045259103
75.16595279118765 79.17138632766422
54.62397141843671 15.05217751191249
33.91183842313128 18.431560282931592
20.466147295497695 51.335815758960614
35.71158487502139 13.021644266884834
27.270674754640922 40.06626222193865
88.15150950624904 2.978962278445163
38.07425089410803 32.21771938647142
40.914839055260174 64.7700796635923
77.60377321187651 49.14098701925058
73.6943844580281 59.09399161106242
40.67808976456244 26.656146746041653
74.7011216161689 35.19720599188205
84.20862428692153 36.920235959857486
93.65204694594233 43.5387827898847
89.44634159913122 89.30827335894053
59.06438297899753 25.323487570735814
26.169944990680662 52.567326046932195
12.48783166134222 95.07879429428945
59.27393967581227 36.12761355415359
38.628173243835754 92.4883808661306
67.0939769167822 68.10307442778702
72.03291667174939 48.24078044932815
6.825013447341455 41.9503961583628
97.34875494965559 13.63171291247054
13.938386756562194 33.5821562665801
63.91591889455296 52.313604534662076
4.992273930464752 16.6660803986332
24.545349772389436 49.119813423805326
28.2154107212881 91.03435464339363
86.96889054100377 3.835266300174267
44.70352208317379 98.26052900106268
19.79387523232997 55.62056560747749
21.284693724104798 89.33381283243037
30.91444593107493 37.9094871807796
87.06725507073688 2.4392566090813306
77.21376240801065 96.22326554486371
99.09797121485427 91.6938675462683
67.66264664625085 61.443135840728104
54.091693549238265 14.997454048386949
30.549321462041778 66.24352717658847
19.541381848683404 83.29977307831564
96.44756226153824 3.1756045552387535
3.2413652800770465 97.99727195915365
9.407922242105293 37.10428670769448
20.903827148703215 31.337749345880784
5.081764987940951 99.68870501031982
3.061035917046351 98.34262266671684
42.31960292607644 32.340474213857576
57.691732828171475 64.8929800258721
11.531333892158656 26.396327948139586
11.548394850257493 5.056819832795667
95.86142224353841 66.25693869002264
89.02722706122843 62.175438653654865
73.43752834172537 24.05964996405039
97.12078246557351 43.47091000780491
32.489699685701055 53.03435600091837
1.7703111434721364 2.8776325423590987
48.85243701309507 35.12792124294436
70.37266748099591 51.66981783444014
61.84815575079025 77.43910213484835
62.87043927675485 97.4992684340342
65.57866485078542 48.135028062816396
41.73673250754037 7.715223303077967
30.417404360711252 72.59494996071746
80.14722594599758 31.761729064792178
14.288792020134489 43.46677769872549
31.976110931791602 66.62688860070215
22.189008414652335 62.154221406946974
74.7089189137217 0.17273926761948166
48.943764629859054 17.93203825756171
1.2958167639888774 46.47607205034714
66.12898162095128 37.251114431221445
1.5963580006954303 67.81718765860586
45.194595700833354 9.157720276600056
24.020721159371604 60.43802110290668
61.45394106213317 12.324177520562474
50.93446623414797 80.67105922414765
43.00075442966238 81.8859966792973
37.71397110042671 96.20973150711517
59.25695599627067 40.891806757862426
8.095397712920004 25.00882190001955
90.74271980852289 77.13123031650817
78.39163400219543 79.1760594257794
7.594148324148609 36.73425816320973
38.824914076856984 14.66506530061954
14.05885094784619 90.0494685978927
78.37910362509844 49.64495200142927
11.037654974652689 1.2586713386651849
37.971397885770486 46.303540866670325
74.02165827418014 41.797988347383
75.88991322717243 76.73382489406966
55.937227113588484 47.26754324874178
92.7866519259133 95.05828676217793
97.16249310130225 68.14475360236797
38.978321300244765 51.488309633102816
95.57025508232503 51.78267150994278
28.046508468558773 90.00629727801251
6.567454047999011 80.46751167518605
91.49303265144366 22.514396175803174
64.27732618210673 13.644477452865623
21.479359470692284 58.76250021801904
77.97468034299393 62.18754096832541
13.27956230424261 93.90770491980209
69.32047443332182 4.367903413464635
65.6772832390438 29.585794869498173
38.65393799004205 75.26329514346503
46.569168908259726 46.825760739560586
70.53136646774391 80.0607113755586
3.502656499236134 85.86497201332611
62.27445260021418 87.64705301747256
85.05308860031494 44.57811953855534
20.90570683256666 29.62176601880494
37.939165390228794 57.03808292804473
14.555191924569877 23.30027891174451
47.061666574282434 30.281070278846578
53.86033670479866 47.72663538097064
96.26709745426678 78.14028426243998
7.496201046966622 94.77239349737903
28.673555647158434 32.29226542830036
35.47354783995104 50.360128708644126
71.17702660561436 87.15048177114409
46.100255544385995 63.8081300522682
50.65743012295033 86.89720221886023
95.28864530046832 68.29578873475867
30.29159518087442 34.01724542109903
80.30200151619185 34.722295363592
6.850385760889388 3.6528950791310577
41.3374765644883 68.61811945306007
89.90666537095812 78.93001710854183
3.3728040395674674 73.16091417600174
52.066549787632376 47.76218369533489
22.040073513681957 45.38260085107317
75.48542803219127 73.4390449467035
76.03160009956389 74.2868751184248
46.955666186992964 37.91886096075435
43.75214612104901 18.801777787201125
10.140687634854872 4.582844235218008
88.49286170376939 75.95801537244854
52.48737613124681 4.177740240405714
1.2244673562057717 30.281061490835516
97.34964558904719 72.05461973661389
51.01814562915173 20.23612608015457
41.71007438172503 18.93693981907073
44.98764345628674 88.13427754618743
54.280611669879455 96.44875442780788
79.0120208086716 25.87667566767956
83.64661674734803 88.16602938397223
91.03079157970322 9.730991232706444
46.72063937893321 99.14611675619835
49.06639715328538 90.79885906788937
84.16995458240272 2.138928541458174
0.04291778806562174 92.55635706043415
74.42446886113223 72.09463569666316
89.57557833198467 9.27254639814442
32.38845437789804 27.65235307565115
61.229869461785725 19.225533699371756
54.00737099893157 31.082556266417516
81.60081823848103 3.1390137335032597
66.90928195684513 98.4036544844515
20.22378352972771 39.748895103805125
24.157877598705735 70.00301488094107
91.589376316315 13.802442550792303
56.893691555530864 49.95012189284107
24.116468901942856 39.4568581937488
44.224874096586234 19.076038663386864
6.069143071726312 44.80185872417076
94.37223197080401 91.37256679674881
50.25778024064888 14.309325388489768
74.48540617564372 81.27741306113258
47.82152285871 2.596835857991897
5.493888708697425 47.65788074597144
73.59689380971398 38.2946391578036
56.147966740588565 8.911244857053857
65.45685526802346 11.96241109745525
14.030020059632609 87.90308801531862
9.42767114709494 74.25874297879062
16.021860957813637 60.66860524673421
25.302228080191046 85.21895042158907
11.66469694090807 56.26377033114361
29.47466040410197 84.53211402567955
82.72040522791994 90.07250977357806
26.686297845003427 87.88479613494005
15.18412230522559 21.188307075111624
68.93528287198917 40.570074750796756
93.96105130483303 0.7804662050767686
98.51190472795722 7.2980510953117195
95.55914585274537 66.87396312332822
98.58554323963723 67.43516282141034
77.77612011307964 79.54475726219437
73.79653042723861 96.34035158734162
38.941905362980975 64.77338885709658
21.589784913336995 39.42163461473112
