24
6.6916183362754955 57.92726253827928
32.9198713190904 72.31431180315752
35.379538767487716 1.7246431983918509
90.70680588967487 90.125405028642
6.688172873498354 27.221620873054743
12.597970548187599 23.887495099836386
29.818946544793214 34.39759046373956
10.793617385271293 32.34155266529471
74.37987869324076 90.63806774062928
23.76558130646935 30.806725775392295
68.91837218723958 19.770572470528023
68.03957407319672 19.65830106783677
15.09401824578742 60.93211633752252
4.163946997917057 88.36768279294786
90.50096283024024 30.825132576931036
89.9669267319587 42.161038550426944
69.1519368564494 95.27231388552507
73.0599943260685 35.27846213808603
10.000373412001673 2.777586671300336
40.45091028681382 41.01021087253001
26.61610971948537 9.777151568652432
66.48344554646177 64.25429488444834
90.57066566370455 11.286011558726427
20.009227924947247 16.520664099692716
