247
98.94571256072015 53.554696666103
93.45630934091426 9.83117631585314
34.83336420029717 14.27974118999986
92.98362269830733 46.310318766022874
82.26675352555257 99.15815211740389
55.078441626481734 79.87495612064389
78.47064606753605 27.435882295439416
44.23068376157504 77.5182167569879
57.23982893561625 17.131961429312923
65.78436086565308 33.52155256653819
37.10062536221604 80.19505139822736
88.15512417863218 45.71187329769387
40.25774280805541 34.68995742455843
31.86786877376876 99.96115654899383
5.330463395522611 43.624948379899166
92.14849314537337 49.82510715873851
82.34413313786504 97.34101585586937
78.64267712162007 67.83947366936613
89.11368007668187 53.86704952186854
98.59171315734578 17.03450611271903
52.71019786890723 31.33419300262682
79.76761151669527 21.014932358659177
4.567807296711813 85.29711267930786
2.0937167157844883 92.3779940274116
53.54338414587764 80.91277948298902
23.94892433355832 22.136338912786368
80.45649566648973 44.58309791975977
63.68297193147382 37.41868370871082
43.71349837212573 61.11298819539057
97.2565497446772 73.15147795237847
75.18067651297503 6.2325562564499055
6.809323290025404 48.733122419752505
92.35727520019616 81.14722383506974
26.61816083996673 34.63266996313449
89.49230590841596 64.20101177961824
71.32844948873492 36.57937726750319
90.64798962212477 45.83605975701076
54.72751828615608 94.35240265439916
10.807667705190338 72.68739903633808
62.101256334980384 44.90326236197074
57.11499022011301 46.33683638507563
93.19919216576962 32.01089021832383
45.45321235836185 59.258552060109906
40.48694017680267 13.9969781169352
41.95252695923922 83.45086549064003
34.90678617345707 80.36971698822455
43.698028776163575 33.7005678310265
86.78915598214856 84.40895105363278
32.04755863238405 0.010918534754233988
58.335726833236436 52.42010824075444
19.236733367396607 59.10809110208084
63.319065029242715 28.874973791650827
6.098187279878308 81.309984811138
52.38838913239234 14.650146459452596
94.29507738944653 25.106078951541367
52.55565089066291 63.71559443431762
83.1793883792021 83.83280704015868
9.614130897647355 43.99364683369148
62.60760140821565 47.562786569977675
17.543860533422475 12.349967285321883
96.58758897531217 12.494403128914843
22.60946550774605 44.877453122556155
86.96850608298845 71.51577103572421
49.66753844623032 54.0324063457546
45.58747707966351 70.60282423604306
24.77580632962253 88.19525898840831
64.18379832301073 44.75744562706472
11.77081276277393 53.09211265470315
59.71822445688859 26.16962274985366
40.343818728014234 10.936365730356624
86.73648821011773 70.62680738320103
33.105039138939 34.30597485206548
20.16521935916813 39.24954555190856
36.81876240041224 56.80213936701105
35.83298224228609 40.34816881588178
45.58205093892678 56.237165201829086
84.7905563076332 22.506950161653506
9.251786156276331 62.0843181512733
66.59751171258515 24.65537076118697
49.175028125376144 37.10565224605645
0.5971939879691246 41.25893558118994
42.911688392273405 61.55689482277275
7.140145084460614 85.34240213583372
24.42777300677166 56.47496616888876
8.752347229826684 26.821200178513493
48.434387636792245 75.76659385302841
28.985985719322336 31.70787440781475
74.8049288708213 10.887154908598939
1.2709614111392487 81.56227017369868
97.8926118396489 7.9194476419496285
32.99666568355305 88.77700147034349
89.75880569651983 68.23683111826149
64.84071022730662 61.788175329881156
63.776505431045564 25.82097105921172
0.5208943871821914 86.11137881789931
39.48206429844272 8.775663510726128
15.291348582670361 44.26069662994997
14.90494685793723 18.92164877238075
54.89598285691469 51.01541444936092
46.66381451158118 96.17135741062046
82.6243363124417 53.34583108616122
54.62251580869392 55.681836084928406
39.93885963609473 24.36492284938937
62.31400330091652 2.2847017439219908
58.12021084916799 29.545374139945256
38.973204250122116 54.03961282839133
76.07508738473041 47.361038124103125
12.217385744854814 19.837811919547597
77.37601784455084 0.03048184033422885
20.48584445029904 50.960173017771396
2.46451421113022 57.80524907958677
39.347823329002416 98.76275040742624
5.242000324190144 32.89535292502086
81.74562843133799 41.17594751626833
96.57657878719088 13.913093489936191
87.28524771101864 42.85363278545209
23.12032616382308 28.912442136980165
58.07806728570357 36.466470830314556
28.655252226008344 65.63201839363214
96.92938223941587 42.59634456455659
77.20144194164682 81.54015838995839
34.793246183851714 50.65529257303321
52.974338635800954 86.80291004778027
26.769943014905152 16.782476983281448
96.00634657885621 69.21796534822363
39.82846476341443 78.80073480982885
31.487768808679782 83.78418555432253
27.73099057475732 31.741910636794024
71.63542678742148 78.59403609093918
94.6115432262624 5.639102819771013
93.23228724645938 66.42491728761101
16.587568576161093 7.376950288709116
64.52236196042239 37.023732807785635
34.273961663227446 79.97174041317906
76.20735247134182 86.98155849240197
74.8981193927022 86.89958719521599
57.154022238580836 86.18489679771429
15.874212220675709 12.13362152435441
22.077918418103348 84.59661190849388
72.12868791515348 24.6362379106973
75.6557951991388 24.972718100803494
48.94565181703597 3.209479933203141
51.95048843867357 35.557698260053485
72.7774329285663 78.67646736268513
69.40872602647642 3.6880017699654655
16.219895492718273 78.1276603736172
54.484501586621704 21.634861763384162
61.87088669810535 66.10522416789064
36.53296402490839 15.85259290447948
19.84899971000652 78.43046037500031
52.622603184699635 19.515143317890036
93.54629522673947 9.608938696321523
22.120308426610492 75.63706950653409
45.268871490185205 78.03132867777366
5.643367897755236 91.79530919168667
84.18576493665827 83.58220776334664
70.85048246013275 18.53675242790468
30.630765039910667 5.315257285811126
22.03068116176008 59.670648739057974
47.857049357237415 58.49834613492158
23.021237400776016 84.04869744776346
35.22284998704897 13.288662844236542
0.12671955541360136 37.10514447012088
16.567443095299684 89.98137454515329
9.513608062102108 15.375149527179122
7.527810004404389 74.67776606401806
39.236165196151354 9.298906613367597
61.26873343078971 59.83870212111474
66.9867856455161 58.78723667494229
7.681864362075053 86.16403713986529
80.2945109818906 83.31490629868689
68.76367478568287 33.85199300460514
20.123353994041217 28.625126647957032
9.649353696517027 30.10991485196619
64.9512201830158 26.953316586158348
85.9084080224733 71.37082454081184
65.09115503812383 89.58170524892238
95.01501447577296 55.39331406969025
98.60426180757067 59.21504805047147
59.087676147822734 37.36752395569282
83.66912446002816 78.38169560669081
77.8431377705444 86.30355088313686
90.78622770861222 16.206157003242026
5.873880569680267 48.852726740373164
69.9084728000372 72.02875744852118
90.73577446556926 72.22434293461714
84.45575102830615 5.99716295653262
36.381056756600024 47.88496697871915
21.68074150756579 65.51914497895048
46.98908394149031 9.276387192449786
58.269106608061804 14.747815722113689
57.311255329291555 88.51831622061863
10.258398033834027 16.875078182536775
37.64005432553026 51.44388091098032
54.16151714328352 12.40829744809383
42.583763867623325 32.31150238902607
0.3904176828871231 35.88357656617907
58.399548014000324 68.17067976594622
49.07625776466242 7.923750470857637
49.80738603504524 0.27222093292962324
48.90567802961488 69.31663239628284
13.186998233007873 48.861980274883834
38.40306410732728 91.20064084864427
63.70034981721031 30.094439039841724
21.978609742149413 6.650173368370227
76.05038921491791 62.365577142047435
49.32968307060942 86.95481971699425
70.95206931152696 21.761293205698852
86.06335247292853 31.7231641815792
75.04018347180515 76.80682506881973
75.79802988785943 99.7754839982462
27.89360938054881 65.76346023243536
76.51224744301102 90.86850750510774
46.245502857603384 30.241445320397876
99.24826767324447 31.923844637364617
47.18010522774001 3.287979673539543
61.30276082361063 90.5466454479608
57.86873692717225 99.63663162310368
7.673919686402908 56.57851492406134
16.497424376520296 52.02350591101025
20.506020030071813 57.230525091086626
90.72147111545769 89.03020868129228
33.801358892555214 90.60681168542354
4.920801251390127 18.233946237034814
47.47959189421034 99.74248543202917
46.261661729020744 36.797133282691796
99.79086547345857 96.59749588928288
65.9309921438428 16.02066893234052
71.04462418204164 37.67973532714023
53.34619808830385 71.87619230610302
73.33562858907918 68.76402335874496
7.07798715958784 75.55664980628491
84.70267419113424 84.35205500079688
73.32050614854654 29.649614775340925
97.71672023740747 36.631853489208524
0.5284481199525404 39.82445846545697
74.58959737206787 69.1412482651831
3.61978344533177 56.48587861499712
19.185381930704203 54.298958823899234
13.840152942284123 71.91011549715678
89.69423149641796 27.721805573633663
68.59924219848325 13.606358806100571
62.59597506541367 19.36155206371353
28.796787459662255 66.12419618895014
16.9756719865237 29.67550500587517
11.026043459946289 69.65386276551429
25.997951499610405 42.06759450817539
