220
53.218126207201934 8.785411829805422
95.43454420502336 63.555643232195976
76.25814331903561 83.72002325319038
92.8741896238613 98.02638632123488
54.77915866069893 46.89918961450109
41.6416846113411 56.99343996824254
78.98544877278684 67.29723271565923
1.7776698742336339 96.54016564515764
48.64062322721298 74.02184520909067
42.98260460371338 48.12704369948134
28.338053355248572 86.56871936991963
54.84345610830006 94.81044548318845
14.560820048892165 38.570550659017876
40.819668294067824 93.2944359476032
15.57004093003388 2.147347666888655
63.60482096057398 43.86694624601173
98.01316405673268 32.29803336252179
32.63646496629321 92.64660846886014
44.77881055822884 78.46495609886959
12.64345557519071 18.540424242432053
63.77976641901883 36.052370841806336
17.65384564322857 42.50340700707946
59.08379237208122 1.3359544320818983
80.28660930598544 0.41294267261251516
37.49264940338113 45.61738896508402
33.08334032343044 65.82230260462794
1.8299166439727177 77.44912002077778
49.734680345562 53.070029413141164
63.18317488927815 32.663552485868344
2.50112945740657 25.355118849160053
54.98991724544084 4.884476243335434
20.697504712560356 27.1594980123789
98.06153782764595 65.57422396916365
5.2934714958389755 32.08845870578516
22.16533196495618 40.93558390353594
83.61410732345004 44.65038358511904
7.219923472240996 61.68284298249643
5.965593532128921 46.45862955731354
94.66769229744231 48.35945334690385
14.533779908722721 48.502278856998736
54.70174246464404 78.60132393347789
80.85829719454676 96.24897069353948
3.166754837066732 66.1190244457282
71.3964954874417 89.52171045062121
31.04972495364542 89.44202178463252
91.90351330338258 40.771577864272636
59.74480296543878 16.89527810466145
76.90912715529112 36.95213636085718
44.67488268126998 65.2861765806105
12.151668466133803 51.99573037472229
53.70390712785172 84.49826809587974
83.94645539240058 68.06038775314059
60.820600839206186 63.74357013296235
18.846484330159896 46.338084006582335
95.33526016556183 21.294969898185833
45.08881476549425 0.7089881714281043
97.52283716387676 81.13635346584375
59.86633661094935 34.9483967883025
9.490336042573189 46.9775643181142
95.67190119273765 2.8082327561608
53.19862124950332 43.35735214563281
42.017736705343175 30.10012012379537
81.80099357785309 24.593490343956336
15.604889954958123 25.052170232899172
71.54080571167367 17.779466517042707
65.47352354452373 2.033141221226964
57.049011637432166 92.68704637326624
67.55232432789366 71.22393220214906
70.25620970096233 20.564709169662564
7.672017428423672 47.50642235847773
22.70912167564 78.50843843548294
76.16843740600808 43.72822808148915
41.507735125887 24.47643905910528
64.3133100801204 26.32848664454306
16.423474567251574 9.663975589945405
72.12101725054063 58.38806446785555
70.75739757453954 14.78569344495858
40.0894643603871 43.18783813227785
7.013482496233314 84.7532327358931
27.059413433922963 92.39835740819528
27.463444301173446 38.327743074580866
67.67259880431278 80.68257905421005
96.66946831441065 74.04555265006255
0.9089191321295931 52.553319102536335
63.78492197590479 83.99161544330497
4.49874380102584 93.78991702295461
23.78457110186615 73.00654878554846
67.93256359300428 27.8798343864352
41.83941759370112 33.88585839758741
15.844085391575668 38.89152292374628
92.6596355706338 71.06401885335363
80.12511518993041 83.26371429902005
70.75001123035861 67.75037705904913
44.749189285820336 70.23777784356581
7.233782220807461 2.3346115410969093
98.29892997169145 3.509510862390819
6.364605353429464 87.4560527908825
67.51420234310193 46.41398123281497
82.53677790206075 22.250434927876594
78.13028457003446 63.161056232396405
15.910125282156951 15.29201318747937
89.09420371882152 46.49944423353012
53.18909842404944 25.74270627712322
75.35503657863566 53.48451344920754
88.50367783641946 7.35579539231982
1.7857224071957556 30.51289026787366
13.348787262680572 37.574658638738576
24.071806399192997 8.77224592350585
63.22609362398271 17.56667397760169
42.483191158600796 78.67945541103438
24.215004184226487 50.14294494022033
88.5414998819955 34.82362059656388
30.917736590050772 26.827887512194128
34.64666722867293 0.06000524219146319
6.458749141192566 45.37949154045745
67.98050944622719 72.58258442337053
6.151299576612789 14.547262768566194
26.960183353552758 28.421092906631895
31.623366149843 10.668134708272381
30.326055906109637 62.97371353255507
91.93496227946206 46.760672981908414
8.110511873901139 20.274143220234542
25.30985349303365 65.32792064835748
94.0607454946163 93.10691153223321
6.019447059099869 42.475026566615945
34.17197519635201 28.2490067767618
55.482710731570606 32.29976787288944
2.0983798263065068 53.44903916713072
97.79003594958499 21.232295814154167
61.43712859721538 87.86957126943025
76.44395296900119 22.002570226129738
76.95444633510282 63.54119070560108
30.016602173590258 9.798119474481537
95.64461343593112 57.77479347003482
29.412488863699338 46.80543475893937
94.25646894498007 7.393303187216516
74.08436222942599 1.5485801535254584
77.38902569458304 13.728837686551653
99.7447381450364 65.56718151188775
41.11918963193908 19.38733107866968
77.62947372474933 60.66951548535493
62.77733384083856 84.51791956811941
62.25663502592176 60.687116613925284
63.409213930415184 30.716940218259893
16.387462802099307 17.73389335172815
66.39986691820417 85.13717948178554
63.345416625861084 29.783561990727847
59.169103316585215 10.987137880208653
82.278361481068 11.417101843877052
20.224702219911972 32.99535184195817
84.437416326487 64.97196302040172
8.535668255895402 85.50543487526255
20.470174704042343 98.84686030249335
29.198036843407316 50.64189541741367
48.10650626287688 98.7003532400174
35.50468351003856 69.10002289498935
4.9066848898051685 77.8610505311585
1.4745702619792356 15.061979737537923
89.68536481095718 30.399106361449146
49.2765543203162 19.060361150562933
54.96133311706443 37.701552008119776
85.99150975431904 98.44642526980901
44.06063557867762 16.792072134693814
59.98729870767423 75.10446750853062
46.19166645958154 43.796127357734036
62.66215383635474 11.536749290600667
99.95172277729702 91.94747494713546
42.62229828559915 85.20785082764971
73.69239230557652 73.8732785505669
51.54354411997232 25.589340796693016
61.62599769522936 43.389528015736026
47.30878742962472 30.46910484320359
57.079579167270545 4.157339368896551
38.73753278802534 92.55181785368924
19.468929639903664 21.43618786560729
72.43729013265747 23.843212756064393
24.39606556883437 98.60748673468642
86.69041414847324 30.16013883269445
97.16714676007588 96.86593725940936
4.15290458502362 31.96506136300421
24.753312738023936 71.89827521286215
76.5290799610225 92.82398970304156
24.504404694283476 39.30214497515286
25.983339369363467 78.27247219036516
20.0056143288036 68.87547776842831
32.79936252525706 43.336580353039565
64.28790100754284 37.2459835579044
57.44108032561135 96.71189510926055
64.05610628753328 89.8557918418326
22.033849185926325 76.02325662276004
27.996616912379658 65.26843319939492
18.471423645202854 75.51599650520215
35.46869415717631 92.31903103915981
63.58682514126293 44.842193506659456
69.21167970692372 29.72475786190025
98.4699442080495 55.655690299642934
47.210967823182926 50.375902278618014
85.10460912530466 7.909531814777814
30.579785997940768 31.435374336160283
2.740232092841788 68.5478400815502
55.643192631213566 72.76251044575362
78.49093286182254 82.87519718429544
40.105509244859384 9.87848098112456
77.29259896153283 18.087913585937976
17.454345912402257 88.45946611704822
9.079721471763335 22.342509740642626
41.76636500997872 6.683109939083076
86.499089204693 63.53026341768208
10.071044630371572 0.8093400180504529
58.88298503826085 40.049620857269005
65.93135474743693 90.16340735262472
35.24322704460978 7.034926098329686
56.43582366240651 48.58802670746206
40.03780548105205 62.16511566626139
19.67876156314712 16.67860807053555
29.84425797687561 32.25020166575342
63.868103381670885 0.9528118068931613
94.53102818300366 55.266134403271614
42.67414763416555 46.62292963302478
58.322792819832735 18.05292098352933
