235
91.24635959134854 78.63788374362097
53.17408400935144 48.68727204544931
76.25034928590824 72.62653171019464
37.51059217956711 31.4993075311789
11.995763006327575 16.166116100923343
45.36462442099661 98.25114749649488
98.42484142529257 37.428907765864174
10.28574999312266 14.83818615548591
95.06766700157405 68.35052458065564
18.6554308066031 4.681344751251815
88.92378007603715 96.76512611133475
77.73902177787832 53.44061576722346
63.2947810078542 40.37413864471569
92.31679184779551 24.418864589342228
72.16924017662379 99.91009711802138
9.976952814075235 71.78203150758506
1.346530641362087 24.88398530342212
57.89406294907712 84.1635982315396
22.742191043775694 84.5796282641565
2.4971879556386245 94.39180921736956
22.94564767220335 57.91035680596403
51.10358501943865 4.376726287717658
5.014584454052706 79.26427713008584
81.43870150335347 36.0362699098644
18.091304035088328 74.12409102715401
84.4797917944232 29.358951980652225
66.72178747905674 43.23974187530055
18.692775557300166 58.33953801534686
49.315697508460254 7.338316993843586
29.764736872358522 12.214451121338776
63.80470751791939 49.30274539060594
39.792155408170494 93.54093518119059
50.89871490911212 73.20125037846611
15.272277786512067 27.3387624228979
20.92345852482148 7.9972755041756605
23.25713012422138 66.20022938301732
86.34219013545564 0.46366173237692987
9.968011852565573 42.20895498361745
90.57990721087677 5.608000681409509
39.96404164479993 20.720798832226205
40.01310524619118 68.47389517063915
58.25940458618227 80.99536618806906
48.47196141111275 26.961386646538156
53.929414077440455 16.97706797029529
50.86296885455154 58.10468625998118
75.09707570528757 79.11701312905427
66.327625342712 58.11974100844406
57.11066833420369 81.89207090004244
40.673833919726796 30.75714709217633
74.1336558452175 83.42217634441938
95.66794970442402 88.2568411318583
88.50569838112342 36.834514280376276
10.958075901070853 4.83746325559512
95.24168611826875 53.06407856109313
31.058299375022624 37.536879529588894
65.30471818001726 20.30139788643871
66.10396227819044 95.50919979673769
73.11692057361967 19.427351761932556
57.51849914550377 78.04859346774847
89.02142899094822 90.43672716138477
64.19400496450848 3.079622285874839
94.38404397659063 84.33341779410253
45.2309532034768 49.54959714387387
42.17488570751868 58.63918588895459
75.97638056451474 43.16074515815526
9.28825989414117 31.080268144285995
14.294745013327981 17.908972611890384
91.39094873703364 77.01021529111563
32.88956527347761 8.94106321986563
90.06720308922813 7.73519378224734
34.02162319348865 32.832445120596596
55.87807496325895 0.28474776345466246
15.1720878967597 58.32457807389315
46.113323076320654 65.6906400016537
76.9843717476946 64.514807604918
90.81309333737282 28.738242280455328
90.26618076642994 36.63726416216306
79.15726456394474 52.98987997678605
41.2767348230071 19.65935535187765
4.678745424399855 15.479720806397046
17.23558000550407 38.12569709269524
88.99648938602232 11.488048657935767
36.54139762686789 21.374109640819583
42.01148720063424 71.82424937635818
82.19020688201903 63.5206166896401
64.3251786292833 64.83139181272735
88.75361689878481 78.79814110097143
70.57151683682415 10.994371745744512
9.329553363940658 25.447578336264986
90.16264639847005 6.947577115712756
92.58400781391985 62.10134768529899
7.386256635299803 21.631018758355946
81.60509945113633 33.68211028433716
10.752366194939844 97.89843481173402
91.23273271754641 12.868819533353316
71.34975819394845 39.61493460777755
63.87772914478946 52.23396750687505
5.407225891451784 49.65225859290587
7.595829128121867 46.02232084281317
46.20703181643905 72.3661349360295
55.366856369128605 16.900721834342093
38.07497694965332 98.5544905767331
39.091883344082746 14.957786366972437
0.3236477782884384 95.20336120149312
84.60316192196287 86.58806367685719
22.246046474759893 36.61749666693134
28.829383884499336 41.29986482992448
14.703428674073283 78.79387832709398
61.422912186514154 73.1267641529638
26.524350143749654 12.751940777993998
27.75378806531228 35.04438558078422
43.12047353826287 91.3405477246398
66.71332218866428 99.55185495985184
86.09047749006614 24.548771667892577
96.72382597370641 91.02299312653572
35.81967107255167 95.0607734558978
97.11765687031637 90.30612720191446
73.44515459553298 31.846893376647422
98.5851759206486 60.81024770816354
90.54030836362706 58.82292010456739
91.20360526609198 84.54548377245598
88.10814933799836 1.984589860978947
32.718526926737454 83.51588595106072
2.084437851185894 91.19808647381
15.73961982117088 66.21261811074136
58.05728558616474 28.287541137991557
88.36266804988317 78.49600346326925
95.21814972341312 32.2918218071076
78.05672548796282 38.037798049141315
34.95373258337231 88.83519543718216
68.03901287608745 26.491126603010272
74.16812600503779 40.25624326990651
65.40979551883702 75.37492031257763
53.4000876687696 95.58066440953343
97.64882667030452 52.54876413123396
33.25044553671764 69.7413703736989
12.855420148676044 68.10949799173285
98.62733356415583 46.19756713014292
47.9518391804582 80.71603590626033
21.95780623563409 52.74914332476873
10.487109685730667 88.74216975252187
25.098679810005077 41.01578124021476
42.00611413164245 65.62183833311006
25.317896003323035 86.5008447224987
6.832184001715847 56.82355791306173
90.7067119107635 89.8221092513778
83.54445017452201 46.62172671282349
16.877637011564072 56.918902695754646
30.09014829383222 24.978135077935026
5.076092142788169 51.4613894889341
69.20907128059625 54.88458005498317
64.97335894836745 67.09221409842652
41.746732086668615 83.94631016281417
69.83620659173192 42.350562607277034
30.6042856188257 7.900776801314391
63.30739749062503 12.472206227388705
7.777529961518437 10.751984775811119
52.88786019738478 79.11996018428047
69.12237092426629 50.88567925336761
62.006671205551854 24.912775767254814
79.31136251178039 12.625126099165861
92.60650815479266 76.27006411580659
9.148541901997353 74.88515553915053
52.263910522425626 65.25793458202672
37.58431047719186 70.15571475458091
77.74422317604804 36.23310827282894
23.06498013026931 11.044773201390079
21.700348779532685 70.63597250520525
27.749776843650032 20.322764186839827
19.351167555724345 78.01721348500116
82.34489148664491 65.75559046018616
26.525949943051653 78.86737955678903
82.55991399030502 46.53634743801264
64.83528677301983 22.485870345835547
52.41916167349071 64.74684882476922
27.20390283561388 28.527770563955258
43.87548276734172 69.42744351793517
40.51861188464372 58.40261555602768
75.34420285477415 60.94856258565214
44.34545106247478 86.30355877771883
29.550659839957827 43.57479981119866
84.52785985475982 79.92980084033915
1.3894633764490627 59.58126322656982
22.583696717947344 98.03254110992393
44.06203663649034 61.85419466478851
97.1353082384719 65.54341743190662
28.655542870844474 72.34722362837974
96.41549277819198 95.92927248716882
82.5750721194649 13.060787878847247
1.9412307465587753 82.58866921198211
90.79473505499209 41.921492886605336
73.36093127109355 17.596583325182824
54.89663302896749 98.61119374368677
42.151585934991765 69.23874236266694
21.673705577441126 87.3609951147156
86.23656135043633 71.8686259731365
14.251053607178598 94.80494440494984
41.70944341974228 88.1154636483895
46.63113245054677 78.21284386658911
93.75342161054479 67.0582822644003
98.34286883347856 58.620539922273274
21.690704215505175 11.129361149364513
5.012162998298919 69.76232323355902
53.63555642474116 3.031852282797143
68.65519892531854 89.14082283759215
12.962602558901892 64.18554710637095
51.20426453193643 15.982201795152417
10.881034599074734 87.04918170877585
14.97358196241394 41.914262266749034
83.53405525111953 27.291902359876254
58.85629876988455 97.89994031901736
9.026714304743155 74.30778258431057
50.45213756886614 19.091736373494673
63.32623880371504 26.80295282747348
8.039010092589926 9.668343766441867
15.46382821259309 48.85294558898525
20.558876816989592 52.26510832459943
49.33400159792819 2.567213256438683
85.06770816631645 59.35715879290883
63.25372085123293 64.25449669241338
86.59481559343062 27.828669098027557
19.792660662318763 75.77206081496277
50.00895913344737 17.58817910872438
67.77218544111456 10.238170945947633
24.240325621029978 99.00693666036437
17.257748803283302 25.01662157705993
55.7794811581483 64.3886565258557
96.85527158902613 76.67603380646511
43.56906471991695 91.41376393947542
86.56414468427165 16.333075948876065
5.172454929467795 83.74409034727222
56.95125159281126 92.00418752718168
14.964904471410478 47.41053551409738
5.814859855900945 70.4809883413547
11.575972478345198 73.78152218659808
