228
57.10902827858716 18.702023549141856
22.446965519566554 61.99257613940701
19.044520062993442 33.64928267891033
9.97802986016586 84.96011003211818
6.0707593746419874 46.85186551696617
24.641927282632825 24.91324587218421
27.170652685738418 87.72298534223603
46.472418659462065 95.38157312456765
74.25049353080979 52.030551408668494
15.762107748265974 58.018869347957626
71.83786147532554 54.72597408299278
66.6476438764418 32.6498729154876
39.092213291343484 97.00879369586588
68.38873308801722 20.04065381842448
63.57878623514268 46.02060385311459
49.33302187704851 22.39873808695364
96.87607471387965 12.1524989542668
26.972570000141637 58.13096756600271
31.26969155981678 90.12691309263259
17.75811159776739 19.323936114510587
28.492898408078517 42.388218194945594
34.41973565782237 90.19852102907757
30.4045285960579 35.9889734027641
77.67503158894615 86.37257687741395
88.55327581436379 45.97490118301404
98.2459043863485 36.093872126295324
66.10791884600809 80.35433252927488
93.69523443924813 15.833625584420098
25.452119123441175 77.29551051586807
22.709838797592084 61.915025058844286
37.33101971834108 1.2428036074893178
82.14228584766413 88.80507002996767
43.42847554804812 69.21011912221442
6.948129445490747 58.01158985362002
99.52051781116586 68.2272998525787
78.44645177031067 98.84439913563965
45.24544388555854 8.531545855401445
80.03473887410667 87.17352953969865
11.202148093233866 15.654960389221962
54.623144826238956 44.227130964584504
31.960049789329435 27.060600619950126
68.70116350596922 14.428592235828253
52.55226990118298 66.42016745274132
67.8234400333801 68.85691225945611
19.3845850107505 76.28626784362791
14.593984605118726 11.251754720112883
71.4833679322638 37.31184644589931
21.864901363271738 79.16178592391408
2.2303761698984292 78.03717418684036
16.1728313785342 58.41637580978847
17.70757758330319 66.81166844986667
27.899681733301996 42.0661783962061
72.68193934931969 34.254634143705445
4.450054896061495 24.506336991728872
45.75828595840118 57.533575839650695
5.3516454913792755 30.14819424447761
47.22341060805678 99.98283995359685
46.34501122681522 3.7805496745093037
67.40190445898564 92.2336018481262
6.044542561276511 31.96458585553551
42.98497459219723 19.33752884848242
42.79992784059422 10.10810437005688
63.80152451914943 73.84042046673507
12.979620970767103 61.944417556631116
28.730061637693026 27.607602271407238
59.42235274327808 89.21972820622996
7.915986077235404 68.5243744660042
87.3644966917957 41.089485617414525
90.87930955000789 29.722240089420193
37.04885652442782 46.62059572952629
54.790431587000676 69.07910414096546
5.420020222103339 74.00459681656149
56.93409037079103 14.17127471617884
30.403303122895874 77.92699056942168
75.61537032387676 45.80318020486946
15.670944756757866 7.149972502139801
87.01611108230969 15.199575453205316
90.61226577634336 84.12806438321763
45.38570870710107 87.0867974638636
39.530986570509526 99.6587676693581
97.5927946584303 83.8386617328874
3.142850565010069 37.883559299918765
7.650584331216814 76.28816565695732
13.75252546994934 94.82773917274756
86.84414727400977 7.19853732580602
39.979841609565405 49.71733867485209
40.495398735281995 24.72675085016697
27.789560811394644 7.739936544554393
55.715950292147575 92.200424442431
49.091021994791326 69.83893336527248
8.589303914106694 1.9071856230592266
30.881366378916365 11.644748081787881
50.55042202391916 90.93633141495404
86.41049429546867 3.2824780824973643
5.977347749395012 82.94036972984277
65.33184037952893 24.07338822092577
43.13553892381803 52.53295934582759
40.866753638488404 7.481994281321402
6.709849087819086 43.00891837659455
44.248926712054335 23.02311660755847
57.301054819861776 49.687730056097934
17.884775743497883 6.9296681082432805
43.75500957359761 68.27655759401996
66.59050060994225 35.97698106128851
8.91041813580532 19.74380244361128
77.15299545572847 79.96710527664726
87.68707015618345 93.3981582777556
79.41804794455368 7.302023769359467
94.32977262591346 66.37908071196354
78.54857732514498 60.92139535937563
57.436226556185424 0.5597352125285338
29.956209388236665 86.51370680884543
86.30736516164876 37.25424496644584
93.60907447218382 93.90396878950916
18.224339611181538 40.066711195006036
37.62747789638921 20.281133718880305
96.90311295547812 64.86731943918306
58.365526202351646 67.81489225466892
95.14972549590027 88.47947383842293
28.68776786694115 96.30283779589875
26.665342124904846 84.96832317948592
95.52314022132431 35.66413085553835
94.29293564154018 70.46757918361261
71.74028419850235 70.23959060655423
91.79360489077378 88.81021062155746
42.06383613433877 47.977978624353334
99.58167751388348 89.05092417184581
21.46218385858749 25.470758378103454
79.02637161127741 93.5857729331938
30.74553618390078 57.140696600802556
15.021443404418555 36.046555480427045
43.6796955097823 69.37106275141724
72.27566275574068 74.94736767276703
35.29225699311964 30.413865192272592
74.92231986390337 47.742380546379806
97.20261336840196 38.408363193741934
43.81866831436917 59.051631151293606
80.72238609856336 85.38276738447475
48.670168758158425 44.697677532049696
98.8642159362063 70.24958464007443
34.95659576038511 2.8662622330157372
50.25678832952705 80.15439619561612
8.668598880070178 1.7741326364436483
53.81164931645064 61.71899553750271
77.52738210381061 68.13304766478603
5.471138505187922 51.24968553025817
73.5798610917491 93.25627909013403
65.44005946850109 30.48904305141118
69.04932645101437 24.85253557315653
48.55434558588283 18.042539793105806
44.683710081063296 75.35025529083393
93.56389881879805 3.0035337585442856
96.23171683084671 90.6654207108818
21.48936421675711 69.71141747848678
0.37152051026327904 90.1789718933023
62.20945068639002 95.9629156440419
48.45866663222655 62.54396570254905
73.63732520856878 45.20766226026369
77.42664252638077 73.66556893359045
15.896796869419694 94.20906204801541
69.24746870086004 37.33058408305626
23.74287103389453 86.64614532889988
79.92185006959032 71.18084434970503
94.09514365954371 61.00950311214228
76.44073944815264 97.541541405681
72.09998806995956 98.54043193615286
68.6571880434797 22.903922606098924
50.26559521119418 73.05281043046121
58.36217770646988 39.56399124309834
69.76632001395049 72.70395804384738
95.48998274549815 34.500186231139175
63.818284490170484 47.39212556063552
42.995773596248675 67.00865461359227
95.92397872095124 18.519440240774088
59.79673898166019 5.6234900474113285
1.5611812577064565 90.48401142952241
19.82980483302811 92.8257343697092
52.480391358008085 14.119800637342028
16.153482617821822 74.5326125952445
29.606378221137632 93.13087181902121
44.035775897786976 46.52693128199863
32.23745057139047 59.31885398071238
4.179453856072213 45.22184586121361
41.6182246319793 17.813975498281454
97.06623381406484 85.62277866027375
87.4675225499107 17.31542835748343
80.25322177958259 84.62552448969774
80.11842596981789 32.512175170170956
8.27931199363876 60.777026800367565
70.31830162364247 44.804050685789576
4.193442750404963 6.746296474412672
82.74641938223299 71.10870868901758
2.565210218939018 43.13066513251238
20.85367749763243 50.039700113156606
73.0556729650899 12.002209791732788
99.46489957302295 99.26954734435193
84.40714711226592 72.99728123820987
74.69652986418473 57.120540579490076
67.37937824361114 4.480689439599306
57.03330703477688 67.1795712450452
33.378051850015844 43.690769900469576
50.30755749081055 5.106718884191508
45.680490881030266 49.197474051470316
49.10669156591352 55.263149068194075
86.67398429536546 20.105359254609954
37.05372907939306 72.3065047254808
23.82182562291706 31.65552406306982
78.81033625856038 39.69121817261547
79.33074819079596 91.50247123406882
30.978004835191985 71.99266991094665
40.81652744027156 16.43330241851383
79.60220242102221 17.42538767150802
32.85495294996904 49.6016676274988
14.315084967800129 43.698697827400636
34.00871346750479 18.408346376563944
22.977802102890188 80.77150184080917
98.76262003250855 63.44474444728196
17.22534096054448 87.40265089398824
26.284293667353996 67.74789683917993
38.324839589794635 59.66179880290743
94.32502784167842 34.1530794514339
68.62036074302405 15.991540010327842
20.20491663314545 15.808812877921973
52.9193892022563 18.670452792352066
63.322157333286434 11.986074318878082
40.651242895144236 10.677175450704324
2.648949177462534 45.818041081158825
88.28896291962349 86.99178696182966
