31
57.62031372761837 90.0943551143463
34.738837072413084 29.78537363425596
0.9051968804815957 85.92961224802808
89.30037987649366 2.6948611880170614
41.09027882432713 57.40611841507872
30.74916156172145 38.35965856489943
91.87344659885163 57.94991136869964
76.51731279827754 35.7799259587221
57.266269299465144 58.44160594782557
16.127224311792276 31.866311327276275
12.788134140914964 83.90976573120633
17.893037049063885 64.4170900045441
87.13775922783825 51.420906158221534
10.275678023251766 53.57003731405716
47.985369600479835 21.33145965797739
22.22346694353885 23.21237538643811
69.42648221516903 33.57861292764993
90.90157416040245 45.85677736013054
67.95147204946949 76.94635258030512
23.070283927469614 25.775590534057834
87.75729466575015 0.11313590553722053
10.647804143825123 94.60158399375702
44.07771780299869 85.5429377246052
14.967658473485457 61.92048649300279
84.61024175171094 50.7442961858656
66.82432815899702 71.337473460083
2.9648236656521165 26.276505412020036
76.49288422144414 21.480895852627214
59.01639162767197 69.87167258764757
96.42938959542802 4.944409896947155
44.43124927634313 7.927114025220883
