217
55.414716834661945 23.273283330563032
21.567303850197938 59.67753283755633
26.2658074263585 89.45963218013979
10.903779034901884 11.324652639465892
88.65364789023748 20.558721474163633
20.084368725985502 23.167602085099738
58.99762856297276 22.627584232897348
26.630833207361036 18.913090845625536
83.17343684150148 54.76695198761801
74.38988867980794 30.32017076045024
31.68819509979145 60.197807770784706
17.282690587745066 96.42801000709153
12.646573938706352 79.16260763629847
44.85749249386382 10.349754380930765
42.30329409635646 3.9131655621016614
5.177911863004391 88.38715149146348
69.14058943403799 75.60745952881007
23.872417083041796 36.993891952840286
65.96348402862311 59.621969911151695
8.030471762429691 45.291345745817424
52.494239886860264 74.73451008621748
29.543284419336924 46.526742141667384
37.809995091736845 44.88154886217334
46.08318065593551 25.612970565246552
63.34294942596702 33.97517446597185
4.1698245152456686 55.683282980724
51.749445733937705 93.4392135901022
85.01176733100822 23.72677761226867
50.544869723483224 51.22118788619604
71.38147319255368 41.17551569121799
54.681268200151244 72.07946073508708
45.9585896823706 85.20461598302312
10.020097599099165 92.35092010598709
93.97001447415035 31.853794224588416
60.355946451458834 48.66119847605815
11.692214307439786 89.61422771918296
73.73598290929671 3.2910108852742037
82.57868200242426 1.9409338161856304
27.031318031633933 74.85321772468158
11.633923360972954 27.84793730951226
79.41960368085486 35.851513571146185
3.4760889427511765 11.33249327262611
94.54270650113715 87.31656747455192
64.97906047981719 80.49721867268174
64.75155113616134 39.447057139658845
16.14716158963988 40.90841478745336
75.13838855842698 69.06956158480551
2.572246439140635 78.33964679383188
10.059338062214874 53.38674161782758
16.955537670798616 52.45586209157443
42.213755847357824 61.39595671552809
7.036207719794685 48.30078054419202
19.6137119773335 91.39760689536729
37.68462530084435 6.581087724091683
46.13221132573629 88.69419018722236
13.16580407353195 80.79465785352117
28.887834654021827 50.17698316412643
57.56373887839471 37.401368211521245
61.531226315158385 16.336832065183394
65.94979829851587 80.84794169017385
98.76399938606014 10.407274814083534
3.0982646270121927 22.86339671614266
89.37159101801203 2.2726518612745217
52.56778735818366 60.71141833630509
56.20333355550352 1.333180895745767
48.90229632878176 70.4427305786405
27.11946182768691 50.57053621892496
10.71411789839436 63.877104265486075
8.147483757305595 55.98921526664861
43.4312088563225 25.515187879738043
90.52313346727433 63.5592168881702
63.76935855887632 51.05702909637242
1.701373224546976 15.176035506634932
10.290528898059437 59.44322985704399
83.19000934096657 48.70078599241814
65.43357858241136 5.599193346093956
71.95740982731336 73.47849747809731
5.240578909889971 80.86381653020833
78.71989774124238 39.34580495648496
30.081340900917898 77.09129691991453
54.4909939191307 79.42510738138235
5.380476156736103 98.91914299950331
62.374805777694945 36.84280768425371
48.730704537512956 93.53925959256131
6.9387591815280425 24.028888711542763
11.414053590805995 84.51978806833525
70.40952861821047 58.71494618246409
50.166382734006184 99.16243366634698
15.996181040905967 69.8397983507783
84.44001654441149 60.90420476173707
61.21430517440104 40.47478475934824
88.04395106819503 79.35092723971916
5.799008483490775 66.34058611693261
80.57366685947275 43.04982950769316
84.06193201790349 74.44035293751038
59.17124654667539 58.14772237976913
59.0988027378714 86.53056755538735
66.42576119001814 74.9815814030552
91.97977479347236 86.93475178733007
49.58666994804026 79.67954149003458
51.448245989593055 35.585480778617764
94.30430848548764 98.79871380299683
77.50971771258988 16.914998415092807
26.849550995525163 77.73797824639338
55.30040649124501 78.76113900052587
14.242955719691075 4.264916126537122
46.17471241134376 18.62080586433532
81.92580538732342 59.61632574417065
83.03544391641206 32.51803488115156
98.96972614218419 3.239221803800696
81.17979892718886 54.832643366809094
77.18984961529094 98.84941238049457
75.31771119640553 52.15730590731533
47.05956509888913 31.52688786808312
36.30338583795738 51.428469497432175
99.72016771334168 61.3888391932903
77.56707518387054 5.2042728037226205
35.168438257865695 67.23399591591709
24.02381504316351 50.61199332542381
49.04500976153774 18.917804826746742
29.902372045644775 46.66594199995562
76.41423834822118 47.8233194829525
76.71162973088886 53.06215694779749
48.27204320397397 42.736468233111644
98.82447248023115 73.89514490688201
72.30130711761277 97.87894827231025
76.766010915185 82.28418058672499
85.17904291739607 33.991480996833765
64.09475459991101 47.64954588505006
24.04615290705089 40.01433644504705
21.238072905759797 84.52771715896552
65.05165146131733 5.53065599159347
57.396481159595545 67.58943532923752
13.683486237193254 86.14250316395368
27.26666960451797 51.06860967184698
69.09069573114046 27.101444441148715
37.13278489846799 31.844660438135197
11.220730745095697 78.14830707861894
37.596445381188396 65.3017380323358
3.873345947007656 65.24226689982338
78.94889168076436 11.33186048953636
81.9887634484788 46.21184891640501
49.29612243119642 77.58080917661981
47.73079521843352 2.112969734439385
92.68747324462885 23.418933838139864
7.404226421809734 97.37875564404781
83.41452566564762 17.390474011263713
25.801767227140072 49.00462799941677
72.17845331435711 17.56069805251933
95.63342409045242 44.771456149956045
86.05813449488264 82.12625864104871
95.00161081819124 94.83957775249094
84.70976316246413 27.57935601003191
48.2475539080065 68.21410787037823
74.18373901284615 59.03435086507386
9.11205823776029 47.05329455466539
59.59431152767309 60.125488856579615
70.0038297468659 37.99408139717618
77.16417291237997 22.10740543296408
92.78700403030487 48.51232824984583
50.452144605574254 29.387873410870224
85.89617493954111 93.60540889033227
24.71826957037925 39.578766992176064
26.218681780677244 43.42618503123633
13.508404822289988 83.08311394605875
10.007095895648554 65.81471697173197
10.895761340923649 84.82188979267478
16.763155103930096 50.215300248936664
22.87827911879432 65.49638873475358
88.26984742064998 10.837867286783476
69.91241870032093 89.93439493728371
52.3779222369633 84.4935539064466
41.33206093570308 64.01918369411167
67.92664833181442 99.99294878532588
64.19905840529451 88.42753288266326
42.401058501500245 43.004403375811016
32.87880834653397 42.84329562901231
41.42083385585876 88.46761936745784
26.828015751690394 29.26607345200939
9.571636424353402 33.793545903459055
2.7941370667077026 53.062241581190236
96.28470013799647 48.19857389264085
83.84280985053014 63.687421008038605
11.425049790463271 63.988995332341695
30.72516769515463 90.91362784218265
14.238179360476577 2.423481593452814
60.69705006069576 2.7345845329798446
28.125758962901514 95.93651359503488
67.90842977656982 35.284954047397285
9.199379370862616 55.144100323759936
49.286439973749374 16.08987875979817
4.271937593328278 79.941261398305
29.237693924021414 81.87067871422651
50.59806029831859 51.25993382134023
70.34488093728324 98.99414272807283
55.903764344446984 43.77429727749894
1.0021135527185754 96.59414847950626
81.22135852325479 69.97517928459916
17.219862234975423 91.7377800470623
96.80029238383759 1.23042905792351
22.25096709282489 45.91186928351263
82.63602673625398 3.3252403613489467
64.73557060321401 80.50201012029665
33.45430769718486 91.01575440241221
90.11938510722466 9.98040298061974
32.10376310652497 59.237014169934724
63.66284902713033 27.24435530504904
44.015991949078185 53.511107823253354
43.8397286278525 77.82873958978958
53.47973381440667 68.23095872054769
36.574784633726075 95.9843347612317
88.9988633341928 14.924037623317709
59.34582976149013 91.0564309659067
20.849693311457518 45.448594878730766
91.441624168273 22.947817584812967
21.825742323150976 9.769861410837432
47.47895580304117 55.061085983604464
