206
47.323816417385075 46.52845785548059
33.08607415395633 1.4650071580670443
9.180487130377246 64.5783859510383
64.05721332588442 46.37075556785012
0.7184408572012413 41.0109564053616
50.35173472098523 0.2591936398767536
14.407659938932449 66.02529966318514
69.93358385127546 31.868279995675763
34.41132490589912 0.7051877808380791
41.24100220688246 2.8866385725592747
32.07637589986337 56.39486847487254
90.72792302419175 70.94781284390301
7.2233402537082325 69.30804761432381
23.17051012544008 21.90960775396028
72.98788435673994 19.284358283003755
62.77173031395829 33.94814719937711
96.11970438033201 60.41011166231305
28.95098357229502 51.08408267638139
95.08743178785072 19.95516306691464
11.179399143818614 57.07980998439509
85.61931380743813 84.40860006227484
42.802220142064954 0.5640893463663366
75.88993985148339 6.0270143168247525
50.86114995882478 64.52477505092078
6.001667466148608 45.0955207224086
19.802809741161376 47.663638310825085
8.892067519167558 24.17292798313433
34.90941507814854 60.15439175181672
92.94186368786967 21.56852634518177
36.53915758745033 38.91621438207821
93.75977476546699 88.03027872966686
45.828354960238585 40.174462042528134
21.88257906277987 99.38945472978098
87.65794444034888 14.77824562385247
38.30391971459767 45.765398627846885
78.66828001847246 0.40730097135487364
2.1511783853871314 96.12794889340395
36.38160543604074 81.15710947315841
0.3716702690209517 39.315375783823534
15.790943751676634 97.35825701421794
91.73776279870943 14.882283972933742
19.5283251867724 92.6440554212973
8.510041154068048 36.32558033431371
6.050747665850698 41.36048840647479
9.844191290667547 89.99276080710867
48.223384762468925 10.58604224896098
50.04323638493402 72.31167525226982
60.450314139124615 71.81158540764989
84.40418639964027 49.86306787669555
20.548892483932825 97.36866291553173
52.48991077480915 68.51897977948144
62.407802427162295 11.023360437057761
54.91510260151424 77.42764287638829
4.528634174623514 77.597383923109
51.541190737185104 22.838970574433326
87.74276655677396 37.261908919089706
32.6447895852806 37.59270227470396
29.60772651534861 32.32170742584945
39.2867500987375 5.804803759236943
68.99314108055707 19.658555068649175
10.300452494303446 88.95665203658453
18.016324454287236 20.792724645611482
95.17809638999552 68.8260240649752
4.763408684680071 10.220023009375556
92.12423095230041 3.03724710769111
58.2800191301859 63.90590523851966
99.36117677669085 9.822675117352153
25.782471162817235 98.764713456183
26.475839011339453 40.20200277961249
20.984046828371604 73.30469176278699
62.640846997779775 9.136688451738317
43.57587050099533 2.888924329311493
84.69143162210212 28.38555897494207
70.14077307506182 62.72037789679308
28.766273801679752 12.2748457064062
84.2239223090362 11.723224935767796
68.2806746071919 85.61764275909043
82.70219992377417 99.18296866456954
6.563641678283616 62.38492009156179
22.34070036224276 78.53830183799431
0.2853168209892676 97.58578267915357
55.389727432159 52.276423769437294
49.22498794104293 78.50804446644189
97.93953614470603 68.37229093648642
17.04193902500085 47.80621628321492
7.342167187690329 12.472179376796866
78.44970840139098 65.47003214306135
99.52036361396212 21.587952254818134
6.5609257097353435 73.54912494389163
66.5652304554356 90.03101052872533
14.109491097645655 12.642162026649507
86.29185506107518 7.276212071486388
88.68905632953332 44.70445796506769
44.71778736678493 96.58261805491648
90.55954628014305 24.965312675639307
86.71076172602531 16.17201394580534
22.84591062856697 32.8919239073041
52.66504641311903 43.15849058719849
76.83084350614403 93.98521885328151
20.048141874232794 29.33279573929791
74.4839740551565 39.072625488519975
10.939737475383604 70.59746801559332
11.641919034084847 38.756706683386135
14.549602781123127 59.349742625250215
51.08528417697931 2.4212535232954635
87.49414589488566 15.727186645670532
17.173250692942165 88.25718759765454
34.579329261719735 29.565022394438543
44.63775838898899 79.65568992522523
51.08259084604288 39.46391939822327
12.432841097915293 16.66273579746026
37.69624714220426 75.85992517391233
72.62078867431897 23.05866265170451
50.696298890291324 40.93732713772676
64.81918922292743 54.01997148968459
17.521241753008475 24.22538710145772
87.79249215686528 89.28209187359236
60.30127515224514 56.244234758697154
18.537068460445926 25.149345766130228
62.2309761530658 63.29756553965184
28.54676359524828 76.51944785153088
92.27114107601082 52.78849395986671
61.664087503655715 11.1745960862208
4.5947702783346696 44.542745868736745
87.61281999296499 87.73013744953141
40.135572364483785 14.557936332811872
16.00906238608073 29.52653479612959
14.294801000184131 54.511477164074606
26.948641184611077 82.59658655915126
37.000577638326114 47.87671650135047
30.34318389368832 2.6454205109833318
11.603483815952487 8.557035676757675
50.81472735964348 3.5633122733933154
93.05117817257663 75.3889466873488
47.48166927742784 59.969379692396195
66.36373623664838 77.51105566954507
41.26022668186396 67.20588119253577
57.2635065596942 45.45520737174876
43.60912305989413 43.78134340753059
45.65251525810764 52.28577423546099
65.91480119668407 64.32730112228093
2.4430202883376273 80.121333637318
93.66130135549888 71.043352876721
83.51774353293303 26.339621796849766
45.72301721785966 13.3563001635138
40.24527141029718 38.95401842670842
2.6788563319518177 69.99071274494554
40.26543111081937 0.5555440518723032
14.704643408784523 25.52728506009775
91.63321689198021 82.27822986321924
39.92217164230835 47.60043071825646
88.03321952196008 25.07308452866703
2.1093928654854044 85.08151528302307
17.00270372268341 34.84137852309006
12.854814742695375 59.26695910076943
17.806875752930964 48.49217148506354
84.24341654671116 59.7063033877254
36.080924799271315 62.43496325565084
12.147496466277484 39.838248980727556
47.52497716772774 6.283301401531672
46.78000324136021 94.32917289974961
11.753262201151472 47.16322481555755
92.37964877043422 46.80638749922168
8.378105652792843 95.95296723103894
14.309531274803755 93.436255693804
61.50543931343132 61.46029781194109
87.23080398013201 52.2573527676768
32.428221220504064 20.44819119980549
60.768432828247256 30.46842907134073
45.459485860636796 15.368434156955079
53.155127111456416 95.55424664797742
7.199643500490538 0.9754764676778938
76.11896071126064 38.53934062878417
33.52935617415632 64.35442994237174
40.57285095802901 19.42386271760058
3.8395275309152987 75.52670007057142
49.09328921291751 17.78976574577985
33.79536447524981 61.8315788639479
78.4520468486741 25.704200981274084
58.998981251425064 69.72338361276813
77.20585617010246 12.376229321079602
39.52137785371359 39.349152066311966
86.06818100035034 13.69512223754854
99.68578368239196 14.383460876648513
9.266156466416787 27.426464846100306
38.31755250670128 24.16033163847321
1.2083404635141126 32.658142816386416
84.7171748726116 61.950693906688514
42.390538855353974 12.05645723277079
56.91137865282495 49.02284887981766
84.34232809723237 41.40326131442846
22.53629989152802 60.8669963254677
67.68592534061443 59.34799684782277
3.235426652615192 21.626303331010632
62.59353078140242 31.353455084185565
17.59527705214984 28.360826931524976
1.1707285946397028 58.066988361070194
13.539135883708475 71.14258746039032
23.79258006953304 34.997428186084974
73.80143448214075 12.626673416819024
44.16647268575598 84.55364974549353
99.17590144650981 81.78607001604627
93.22908692004862 88.81484832388064
94.33757174363939 89.39608699363401
86.23442165261022 99.24301692842342
56.846201007184874 11.73685762129627
