242
81.90675364459521 94.17687728611764
56.70949326801898 77.49833070572491
59.25191120463387 4.690665850716725
17.48988346797272 10.163162520270886
90.13720811096204 44.06541883627172
54.85798299070321 78.8351553313236
44.15671260418451 49.18919044128033
69.03121635595372 78.48705602118106
78.68368057039285 54.89566788727049
52.91166761438587 34.26838394082794
67.14239400061923 52.07277191355962
57.44512563456552 45.78136257446961
51.2729164991231 21.76512658908527
83.48374601665067 11.211202290728684
8.88810360960186 47.71604590916307
12.680600541039055 64.43898020286777
10.400398490175988 84.2210944548388
83.71950579164533 57.04187531924369
17.271773505277853 81.03192776912937
98.90615039914327 66.51667629332174
93.89308622208873 52.53991033243288
14.096498328432183 87.87114419168402
74.9803565988033 86.95888080759568
10.093431787065299 56.63452615119032
40.94083094561668 72.88147015111744
81.7833905520901 74.92352615106557
84.5055325286129 3.1254635468265457
52.59199238283062 0.6294216676717701
60.141567802137274 75.2915304609438
63.500223702978964 96.18755958545611
4.411915596555649 80.57585271541062
43.59464346929401 3.803413611754536
32.384024402292674 85.98769247380295
97.59365493145205 69.27591024588195
12.832042225316108 39.14336619522912
1.28929998981 20.230545847365676
56.65792778399318 57.331589910383144
84.46455364065989 16.49085659904731
55.18601299208291 81.150497309156
32.606685533711484 5.846624525760236
25.908708979207105 8.32271792673952
66.45654347067577 61.705033280397615
7.7905882312078845 32.95124705237383
72.49773235997353 43.220163110077955
2.2026338229875653 47.545345483523946
8.373231631918877 6.921453778443887
93.494761014305 14.118080474284046
89.98626875993304 15.878661851246667
62.9098081350309 87.02253278059526
98.28990442734636 95.86502468643187
74.5371642998453 36.16494131724548
37.79821447476836 90.38183665028824
82.84196140583495 73.33897162711091
76.0494866125021 20.83514428893953
67.84560442414859 22.819931163032315
99.17240064279706 39.084006933306135
39.09011142269536 84.33365024425594
72.0465343410819 44.55409387018313
56.52085885150074 6.537859752317976
34.44523148484174 82.66739513920547
84.65608734874253 34.242683390453074
94.04635653095572 22.201744276779543
46.95957042769439 53.410004546481574
45.40259659276833 5.952779020183296
13.77416257370806 83.59751616819342
49.7641013128627 83.8890698066217
11.048940485347591 95.34648543419476
52.458297659012686 48.7970922965714
64.39500300309975 71.42618080270472
30.116528259150865 31.622881140463367
33.97638389059971 83.5486721586794
95.06867438932053 89.77577697954648
18.805142101806382 57.53769896813271
93.66946122926409 88.68745424406063
76.90818985710266 3.927414316985811
44.97376063028601 83.67944305287564
21.04656833556743 33.52479853349005
94.75878668941833 63.83872259721169
94.38322226222267 56.533220812224904
62.16107643080724 67.61294093734794
20.531733775820392 81.0583409367802
79.89775181183388 67.99763201805439
45.50302027463017 37.50653271420745
75.23916668164368 32.28972351647379
87.56536062113538 16.452574531822293
39.20378491319371 55.49574436740442
45.880700195734626 32.482003895224956
91.25937664408865 41.0815738338937
59.26206050682366 70.71591628600726
63.901048885443245 87.29289189118833
69.03115172606496 58.341403716342896
17.973673798209656 87.73205662595241
74.25307499936554 93.25478413405243
22.065583822722303 59.26979934744497
54.09308460430036 37.17987526168359
97.41977994095315 11.063893600074204
77.52710336414958 61.76511538878383
49.84818088925251 96.40964207490508
10.826189985422408 95.86665375362081
36.795099780107975 36.894221415260155
30.951470331805965 53.381123868634496
56.46357547738571 21.447800509215565
72.14856124933557 36.936803293187396
38.19601777305003 74.48933847498506
30.86788933979929 95.04937058782627
86.4692776081451 55.498230956435
93.1835107613657 85.74613746910792
27.227322960081946 85.89068717673385
1.209932655734891 72.76916791548635
59.85863152253085 6.1771991346444395
79.93353731780091 39.34124851551455
25.749220502849056 93.59803505845335
59.38082972157579 92.62993737493119
63.420793837664746 19.918560423978306
1.025301938153489 63.92920755484487
27.925955000536675 93.24345663286387
57.13586488016775 64.79733298498894
90.00120534454979 57.81574707417961
94.44775788404003 60.09151257734343
79.47446740097881 70.05084617135428
95.49422140755762 47.019895545965426
82.01202104089833 32.062810248062014
69.8167429912867 34.39770615985487
51.8998096183314 16.596731814918485
96.6782244806336 3.190432570222901
33.709452506496916 34.75828577436706
7.16539510722054 10.670803889159187
40.560396161930036 47.50280699809086
25.31522954570119 9.757527362999408
50.84972565772525 27.019324876434602
31.505733285410432 82.8596834581438
33.8308051156067 10.016472983083558
99.51876828827172 4.512262536314138
7.398939095705082 35.32017406444415
18.516339463291587 39.990033834913696
10.831549759241543 80.20247160470119
68.85272764765531 54.41010878646642
92.90155572749904 47.005365773254304
72.32917861590772 69.29525081428288
4.956761224774853 16.79427138051507
40.238813427468244 67.20786582639087
52.01763685862889 4.75892912587681
76.96446994012503 35.71154870591317
81.28747551653953 97.5868142486148
98.3075413020181 22.167464122911618
20.401673776897322 75.7937925741834
52.107633982471654 79.32050974521245
90.44082836992463 50.96589234252071
39.64738255633446 37.01453712007521
90.39260745148457 16.31520575718426
75.09378570954655 64.44161649777125
7.515111182350909 37.72441490022109
29.992044598021838 22.885254714422732
0.1238209670925472 9.18774065586916
84.99300060912455 25.594736511206317
55.46401426394921 30.02231460060074
84.28527101888105 48.27508886275208
64.49773078460503 99.42528931039058
87.41835210147416 95.06260501631768
81.88745363275109 6.890002948413976
9.912226116146938 78.02525942348679
53.303696098386524 14.219924030332741
39.50605883622266 96.70513839244558
10.836675627387182 52.55925089390092
61.558507902396656 23.05356882990828
20.856513650104937 86.38126336289811
12.559678430675369 2.917398120090464
67.20918054239051 72.2805533938371
84.16305288947177 24.13999026741276
50.69380931773524 18.224382131707863
84.04336993647476 2.190365346978085
48.96659488960381 28.24392743060491
99.8862755295043 42.284946338256404
77.65431200274662 84.31154027518821
28.428019100570666 58.80507944966985
82.7626251742719 95.35993074681647
34.973590117483546 4.128415944771369
59.009753218163006 37.0710772088758
65.34021514372874 87.35858505636432
29.800271376042854 55.40931414128768
27.179570009551803 80.88726442925862
50.57277059088191 96.4880401913691
10.756025501388123 16.919255906454268
92.72078510139619 38.891475062049295
55.241972001261466 50.90452751016803
27.606212778453852 86.31950950225108
71.44994633949703 71.13321441147048
2.680179310465325 11.619000881847242
17.663325264281838 46.72037976565756
36.15725611254218 98.10386502914956
82.46946822778067 80.33543849717772
57.91733588513534 30.165026053180277
60.10219514171386 17.787180880568833
26.487621269420824 79.49991506066881
72.51364999846898 79.69690830789484
82.10989014154208 88.35349747189991
11.291218520123858 69.35526023869201
23.403163613755773 79.94040228271551
19.836776300697977 43.53013596198762
30.066760851922368 23.009032517450244
55.48262598827559 54.27947214999086
97.14540584889073 48.31147969966108
1.5820073426374481 96.79116538923743
44.22577654728577 52.55062208440171
44.78485524643025 42.50548897536278
12.224160212335033 87.95470186114713
43.761319732202196 99.5892045861164
12.839565060621915 14.874282950996143
77.72067507495345 95.29423487619371
33.463345846730455 30.855282526970875
58.33333712873162 65.51995029792465
44.32487329623086 88.05793889621707
37.302031955975 38.632013351390924
86.48502760961357 45.36011855164042
23.796286549897417 90.23953800552201
63.0660474507164 43.01710395192383
99.0134314087486 91.82943852601764
85.15260716296014 88.72560298439794
11.576913105612007 98.87000839322471
91.74240497816842 43.75418696914946
96.02016177908567 69.84512809492726
83.88657759025145 88.5842106498388
77.19584639289558 79.06264398360094
71.25510333605438 88.50234657332608
61.5635359275019 61.58175856990217
28.952119827955514 72.02256511864181
39.57246414101474 37.12369946471924
38.15412529702948 85.07626225568677
85.2446851181662 56.960488592006506
75.93934424419851 43.45989543096361
77.87420969748715 84.27728560856859
57.94956008620493 64.88980162367433
51.982042219973366 99.92484229780018
52.7930297045038 50.353873015224714
52.432973714576434 75.48175586141458
29.753835965697984 59.938026099348875
21.730078483319602 65.3991870006985
3.3379604673064778 25.249992961504276
22.51938381261196 67.63671826225969
0.3819189080137564 98.26419630206199
70.76569066728645 23.181936892182996
52.1110196181744 29.355197659758446
