232
13.495918345626112 66.77395658849902
20.62904108261261 94.62814453027876
12.705310920891765 79.26426196121227
77.93987637645789 89.47516426339858
44.52898141338518 59.664501853672455
38.65228802869078 72.45113384275625
81.45746461807761 11.63337948642802
96.8437955701688 18.542070511211005
34.521088381142626 75.97852538419167
84.81784107807742 99.5705535536321
35.89246316210514 34.82673254287708
46.504094833939604 38.8649776269711
21.590735128757565 30.592166132088295
74.58939669363865 39.99475304529876
78.57850262273668 74.74745808019233
67.30152714335563 59.54595162246731
55.77448473151075 66.91253825069853
20.928051026359384 48.695966924231016
19.913751279888125 3.0886227800819954
12.150344642768173 25.02245102859588
88.05912031722225 74.73684294963809
38.32600471964398 69.85844923719642
14.371731415545263 17.5545855248334
73.34421810690766 79.78497420638698
44.66391193958068 38.34741137484916
59.34399138102938 46.62686582357135
31.60230729464094 54.29347746161304
43.516280368116696 76.71115806254375
19.50327255869747 0.31600933995686864
16.725699267389636 60.973299474835265
14.177933147085264 34.69376706872023
15.55954539954264 47.011651993321124
57.08722802761347 23.000417379671656
64.76074893961207 59.41622417484263
13.618826144881702 62.880807456940126
12.32792155476412 27.922266059229926
25.39753272811508 69.81859861417198
99.39217950515953 33.594235773174304
60.66874049334384 53.25666498748183
40.091707608997126 31.583062222048298
86.1485142136133 25.75444336545425
15.880998371544674 17.577430969483345
51.46770842342268 92.3480511960318
50.21813890185464 68.3240757989322
32.450479978542 59.609919994452675
77.70158823569612 88.71335830998156
84.73286812243825 37.29291962065106
47.853956168429065 71.59829232555524
47.83508697140336 56.92712827365959
3.869639279258441 77.06808039584566
0.8077907542922258 32.444864416100174
8.226623437894942 77.63987950445924
57.8417110318154 69.01566674108705
17.673199913568848 63.32378896482602
3.3895363221242314 56.01888574893299
54.121926555304775 79.4213154408644
91.96065425199656 60.26822552987433
94.29498171850561 86.13925525816562
2.553092556864145 40.70359626663019
89.33317696836859 30.726466124984995
40.035996658046955 80.60809509004153
44.54310132339824 91.25810456086698
8.112189953618076 71.30894992172887
1.8733147465849087 24.109775179506766
46.254148924339454 14.281460001800383
82.3107783301524 94.78953317488929
0.11122385134610946 46.6982253046631
63.31617562243805 26.418820102166574
45.115434263358566 26.673321905053115
7.5617498397198 35.513225858273934
49.011297967592114 26.1443155929898
57.947209629849475 23.370034701315458
30.64882319965513 85.73514552472783
66.68530273162567 72.77419989581527
97.20894798872745 43.61548308352739
22.890247720687395 16.65723928142362
80.96217159716623 62.55011157762907
36.13795709039957 52.677690852294134
86.93957956558425 24.017200351942193
3.4109760826569357 45.075016931153655
39.02172952404197 86.36030748395697
52.54550325866648 2.52905844480239
70.52587396918784 63.36252457689188
82.80999335116998 61.89109291884418
72.34380660577109 55.56729983746944
66.53131749233299 42.143751926878046
67.7786747324985 40.41443729283319
54.54381331121867 76.46660039045442
84.52227214752945 30.054354650995386
65.06305111977511 5.813154298250334
89.0857846569492 60.91369334721178
5.723873369264332 47.9368771589888
5.317074316872072 85.69256944452958
21.201722518371824 56.48398036149681
47.74121216804009 24.996761431747526
43.15465183464566 43.78509899259849
14.233649419065465 88.62481540943918
72.9316334405729 20.857065378728667
8.832197547514031 1.252221287997668
78.55739261235806 92.85989138731303
21.17457984948744 4.637985519551235
66.82792630453824 33.79967271742548
55.90285882421027 73.5973445137041
53.86912984350708 41.195023539726506
47.882572638637654 55.26143701096953
67.76357189094537 48.0994649380363
66.431926206203 1.4543755806628034
89.39037886536438 99.60165846588592
28.985790351580864 49.561403383225326
58.73321850974478 99.05737239882188
79.20605103556687 25.307716926516576
70.27447300666535 63.322275429401884
77.55362254903014 13.642765482448226
91.70592294522892 76.14268819075728
0.4953379172400796 45.4326302814618
50.49987727668429 76.70345820370204
75.15301711475976 47.04311651615745
15.341424561657869 84.86020783679042
71.96624268374126 93.42677582543702
57.06656422131535 27.33452309562445
10.555127879121928 29.44159178540151
10.956778507641296 47.36377852010825
40.89072109981976 98.07874591466697
60.02036926969869 10.34930652454954
63.227323037561746 62.03009738303022
33.95115859442036 9.80301991853274
44.40759599238366 6.2788214853292335
63.09870039348755 79.12190859990443
21.01680122300289 99.2542338182736
12.340350328273386 31.034268903736027
83.99755973357807 80.17629507370224
72.47448941520577 78.53025452064723
93.88981692606757 14.440425652508837
94.54028415800133 52.21912279344332
65.89436907515788 32.753885963497694
13.97893748877701 58.611483665230615
85.23258074808025 32.56372132013183
89.58769101147794 67.67670255662229
74.41332165715559 6.0767186205190065
71.05016271363408 95.66086593190514
37.11961553969614 5.509595508282494
17.44837810749642 11.334470669203212
96.83483859175116 78.95964055459068
14.437653089698488 48.79957941865063
84.14014416068713 23.213924045034485
66.75552305223003 70.51733642777356
81.95708800302637 23.467828418384084
1.4346223454928086 37.031175359212476
63.08070725480446 82.71546221421848
5.637515646555835 94.57484816221779
76.71638485018019 61.67129082731325
73.64374534716256 36.48905374625948
83.64172779083212 80.0359744284567
4.221208236180296 4.039622612840743
14.453616891705924 3.251045969075461
56.55792661045804 99.45629469178343
12.031156419550971 85.46567159395177
3.9534344660554943 93.01438287794277
26.341742827738646 87.85633371666995
54.99929691079763 34.741834548871
78.18942622716801 84.99119506076752
8.937244386111065 85.03151942978452
91.34258417048457 59.07400840980542
90.00351936806467 29.712580428068947
77.18475144312312 14.522949133856589
76.80901870740472 53.877781028481266
96.95982440789358 10.370069094966738
68.81282245052184 74.68170581567594
41.50048997280136 70.85775800644016
0.22970170619808217 69.4208922835126
9.032620929468493 8.945626807625018
91.12234264062626 83.46200846860627
85.82339687334077 10.661340216021632
29.80766552676961 72.07955983656367
63.223148622804445 93.73529577813281
65.21349803998223 70.66002641663512
72.79606625725107 21.60961125558781
2.893262068311764 99.97299853371895
23.289735944043464 28.837569731478375
82.68665746435495 21.474714491324832
66.46269453365154 64.75861535812231
52.636466410961965 42.114078903888476
18.068096428053348 51.13108341991869
77.41755731508584 25.915756142835445
74.79411332319006 48.27281712682699
17.68728512404755 6.203343341130674
4.9765826593326175 79.81029337082069
24.666733048306345 30.550656335775074
20.61164034175703 90.6470309866662
14.851187491095164 3.9321133305492695
79.95761918310275 3.2202580428444594
13.64898554734716 62.75555013648185
40.0685827406841 82.60810287168458
96.90013532206375 31.88918328974919
71.4453026138702 97.30657714680308
92.53301121498866 49.30893784885414
44.564504190615416 93.86364075319024
49.22219300704954 78.31412524952805
61.827051927481676 60.238323677155456
41.261947823571234 81.29075168376167
22.070344893508064 49.295934706715016
87.44353606927857 71.30325933309601
50.38043676586321 23.94793111872071
1.6711556953075357 57.46879449817334
32.464532300721935 61.115159610904776
45.808978304367955 57.84107753568417
48.65035013460813 92.68329650145508
98.27788908584806 41.49637664860519
38.731038285845585 85.68867026548563
81.72254393727327 93.4715543704946
37.12815085497223 88.62455485874465
28.488179938280567 19.673390324705732
98.91505992583201 46.223466182049165
93.78739171073227 8.120498392480958
99.16989798132285 22.035622414815748
83.58632243265454 17.635750433288067
65.33262635915077 21.69108653371299
80.77961701909663 73.14953041466468
89.93085069344573 28.942040404260617
24.141914786205042 50.5806140141122
20.524073230659223 28.500842946607698
35.233591873059886 75.16163437724364
30.6754508952952 25.332086055593074
87.14870669330351 89.28688770957883
30.449580381120633 30.069805513158087
59.26893590060847 17.269315138261398
22.98451904941161 58.97910807847405
54.362974532033725 94.75230201210526
37.81419654146823 51.141293418639755
44.64912076917319 8.858579105559572
14.022956119059826 7.627547753902075
86.07938762248754 61.56389655918172
