240
12.649589039895703 57.83537697598435
33.582894077868005 91.37849462342234
33.2871904128196 38.75239717634881
64.2517613625727 27.657179757421467
64.16407178841777 82.43386647661019
23.676189325391583 24.5252861641415
97.86911242614428 98.1028958796007
10.145612371428104 40.325154931795915
19.64112818212658 45.97968576782233
62.15238520395949 92.84560068896239
75.21259364548257 45.781802803383385
63.50029192992819 57.87724977870866
68.39321023195394 27.338061306727358
66.62701584608519 16.52778499414539
98.08001084116015 96.0659121998346
35.81189531584813 73.43081683245171
33.48899908894947 47.51688732582823
8.70242222495926 2.083548086499787
48.50137411656079 91.5798625658598
95.65590880735382 7.302630183141046
75.19244060213576 85.87438419887205
74.78074085717383 78.24389236617336
73.01103809334141 26.28703491717935
34.915186573568405 15.865633848846649
10.071672078088811 27.661831733836628
2.4579593285666057 57.57498444012084
22.148041690965293 49.377591116973505
47.27069602204813 85.48464279490479
18.377631722576925 87.17884513696659
93.56530551967064 98.70938188163178
87.69822701503644 37.311828808797976
28.688993306737498 2.695945010743106
33.87261829529871 60.80827853836076
76.8924015846734 55.77083204572529
39.914642296812175 69.31651031167462
72.45621824549772 55.72530762507424
51.74957993016312 71.63767895804757
9.360014610194579 99.29580131895543
48.77175843956481 9.313326739908723
24.285111992453558 90.04126133337537
71.79313018405637 21.11914310955796
95.77164859330459 83.445905642247
96.61556703791155 86.1775464917488
53.56412804196733 28.964622047875423
92.26092726375363 62.096434103628816
14.108807380204457 55.69804183985549
86.1070805752694 49.49610826899244
4.119592611935352 10.285226638909794
89.90124204574334 55.91432789800863
13.228999666066832 25.713817918694517
53.112329219193555 77.18020487343044
28.35676544122766 52.44647765941652
19.247448056754312 61.094592753798196
80.94770023040185 79.37594712975266
20.290291798032534 21.759446686798157
57.62346837003608 61.49518829351349
15.892154777311019 23.843281730118527
75.30884846715641 99.61777920938285
83.8168711382359 90.81110883237392
34.88101832951618 68.1714107024062
6.488665979321517 23.63210771422991
36.33554858546093 26.84612733682641
98.70936454720355 4.92150884805187
30.39219320311426 79.30531558881358
46.096608507309476 16.35385794788009
43.42163595301752 74.17701229851957
5.684805666745197 48.51933985689847
87.98457803185978 19.033148438636804
17.413461986043078 85.88176774346185
94.4094191401347 8.78980245222316
27.07628155184961 52.18822351888443
68.2382170610108 70.34934658909597
34.01384984460225 83.21067239124302
29.96449598892251 45.26996108515667
95.27897844981908 75.23738505250674
52.02205913551925 93.28321344192616
47.36187632893326 25.265730238131212
25.95958170995033 51.8876630540157
94.69548264954247 15.261997693476903
61.14010224960133 64.31481708334613
38.76912064031005 5.440499489508676
26.100541295067515 89.27174922666163
44.354394186995826 41.38994684614823
6.666454391573673 84.5048175217685
30.541202352149945 52.56305036281804
93.02393948528685 77.3278438471445
39.38490307503317 89.48704087516997
15.576337481659152 25.104981444242647
69.74185923734223 50.0517194820243
63.1309080063046 14.492827086906724
74.50106687641028 46.20239521303837
4.143885681017057 67.92238561093748
49.7385718563305 83.28953297397372
94.00835767862641 46.42529206802156
25.377767788149065 98.83752777115802
44.357316418900396 20.537674532241855
5.13669601761414 67.4678056460713
36.73335601026152 85.1696272820863
20.87152194432531 68.82173991827106
50.57435624904571 64.82969995572515
32.3515010337948 90.9270194686725
38.54098355128611 6.183544930498453
30.857271612690674 42.634413390905614
34.8700569427546 19.409913692828784
44.829492868717544 43.93940229703532
24.85922755342894 74.35452726894577
62.895062704919226 86.54246882156286
65.85257336232414 61.49913671796131
45.1331142591729 39.053293991638384
93.58135577481481 10.664584585685777
58.70319452513812 98.30019197584218
29.17731276517633 82.05405601716556
53.51635702627533 92.59232978871995
93.56645476739963 9.847818938727515
91.6934295250732 84.93877385760759
87.17551425790805 52.93932678382336
81.64098658241473 6.329695319145545
68.83243299194162 4.003265342291995
90.59692865227112 9.220527325295592
64.95861181121415 94.3529387912371
2.251923898830477 61.13358391272025
75.81759090211219 21.54079475198909
32.638998799341756 39.48167069381173
78.13089344484945 71.99319457817157
37.95349653407163 86.11296256764822
95.68966440768871 36.57401603447611
98.19203203000545 2.935475694772538
35.40348341320148 49.880301352097554
59.28401035459009 48.72751032013797
24.733788342663498 88.28159222002932
2.169648314366923 41.333118964572854
1.018703019080347 80.17116595975453
61.76576022351814 87.043150446495
46.13889821989592 46.39070964027246
23.886189720290886 35.132720631549
88.22013588678912 20.925084098229462
10.680979210995389 96.73787273325497
20.302348431132934 29.055165748529355
67.38472469449277 74.06393101240577
13.479171389861778 73.23524678368284
93.50857725200147 1.2711724188212425
47.53082009090287 5.289655357667799
76.61772263109145 61.84329008439975
44.873754431631454 99.25896110428204
9.519859059926183 75.0311828925941
99.85676991576398 18.195007287748044
42.8493207899533 67.46480567956533
79.22344620808455 97.13350363898586
75.23162798155563 93.57083396975673
12.790858068262711 81.1399792030713
41.48083330559672 74.41704361688085
52.97279610194122 41.38814445568241
14.476598853236744 82.00186555262742
14.487642835287973 74.64085552073443
32.827872540289896 23.65871953165052
55.3845260280781 91.68547924550168
80.21774692192562 52.79172189379041
11.677249481254727 5.901780814345314
47.19186210791621 23.282431612298772
46.09001793533195 13.366155462954431
91.3155876829716 97.01327030884016
34.337270948262365 24.639557169534953
27.320794228407152 93.17453663800086
62.04788795843486 96.76811565978987
31.74047049289269 23.895823574632345
5.252950470012618 98.87464272194788
13.560182827120626 75.79522952522657
62.962866112424734 59.22926091139987
97.3573106685854 22.462644420906898
98.00092878906938 71.17829890295279
51.23093237302947 83.8760553385262
83.64922544563399 21.260637053172015
58.34111094186417 30.067164041995053
65.32637019642723 43.451480598258016
2.4252550409500473 53.54722471252352
61.3219358857806 45.00349565484613
90.50082802517133 75.38711402180108
26.528345698745824 70.64720866562892
69.67149569557577 25.951840403804837
44.594596175183284 9.855873979056728
31.706051865452554 88.81786021262003
23.42100072140103 91.42378414435834
98.93920728395508 19.998269714978367
8.012609160094842 93.43704503205265
6.337929496403327 45.82615485564955
9.02001138871068 39.5835716095867
92.79069583450404 56.100033816868745
83.2679076470213 89.64614400340965
69.47760971633677 53.862015731779536
41.82339847548183 94.73990784836955
88.17035350011943 61.03056431887368
21.43972344136239 68.18130219088643
77.94378126654034 7.382283146366064
28.918522757985198 18.498087236492246
71.68987713808734 66.7739524833552
45.48684075289762 77.93473479002738
90.88421682516486 88.89536887154247
74.50992020811064 14.722247020282541
58.048659550196945 1.3142145996954957
31.164044064599715 86.50986659985809
30.655373830413957 68.13785015340453
38.305892446225066 60.47458702866787
35.43443692594623 94.40161433609997
24.76218459019237 36.34044322225316
25.510104551977854 74.65269967627003
42.05750570310364 94.86227300612929
20.16583824917616 28.21478222799034
99.88209968704348 85.0905610062569
62.45999990142822 27.478060334035515
38.65811623230175 44.867332403558144
15.05883421819525 7.447672109601422
16.140262631520784 85.80147812185521
75.1662249848957 73.58490464649286
90.57873397354707 51.261311442717684
74.0635527231879 38.654803460395435
59.15664781192089 2.546748825467904
98.02249096126978 61.75846239604981
37.0729858000577 18.170211561554027
60.95331010255668 99.41948394296064
92.08801377712028 82.5204861987728
98.33015813894899 14.011733048196074
42.72044959384187 45.62679790225172
45.595280740142954 97.16894963411333
8.690362488231184 57.57022989703553
76.25257385767928 70.62518163996617
54.71797686748654 22.465130369370602
81.48187637440165 97.12471314481743
52.03632234337344 64.238218077868
32.44137251925159 10.51535711659487
76.23940437826329 4.86352618374144
57.96031138730334 94.81712565095565
90.05208542978117 88.37892178632622
75.80865368053479 56.84330254898157
82.28332816462571 45.83802609920396
18.21897260005293 39.42149758054971
39.30921435975952 79.2669899390052
2.526873019280762 70.53286407147348
46.912092500921446 79.21220818264193
67.15290698492625 2.8376428778625007
82.92802553885653 12.755763000953868
