205
63.528836009325474 48.04505292209205
35.74682937919212 82.83026316808565
35.77605067764365 80.3914770742231
25.66754711031439 86.90086133216968
87.538304817705 82.7175583273413
69.64876958942602 99.49277153166032
84.03265726744222 71.49346324969741
29.414426792044924 90.99683634018584
26.517946436957807 32.23046605154042
99.47718503072682 80.14945311152006
44.42246910452655 87.76833675880803
72.27035933991874 60.91076803163964
87.45921039876909 13.488920172128715
60.58943454096741 65.11134031104072
6.699384871855674 12.581459758096125
78.61481942098008 60.18975975052066
81.23794836069031 73.23537609322075
40.62410639894475 67.83660891972923
58.27877160007604 46.22857443178702
65.58284979381541 62.1225401406614
30.86115124970914 40.92480237272683
19.017981294023624 50.057496461469455
0.06029499972436403 33.47920834825052
24.031303519010837 79.45902523198941
51.04141289809008 11.25738420143424
84.82500475032816 29.399869550887757
76.9470891039563 66.55309498526033
82.48755830134722 39.09725176758566
49.51127201752211 9.530120946826981
77.57120325004999 54.388732619408884
2.220614766403428 15.099172233502777
38.908504884982584 33.632991148115345
8.268306378716261 25.36049919650676
96.29457508512637 46.73747651717315
2.288870793583664 4.22930828640542
90.72961618381066 59.781160899023725
9.307868598062397 27.592231814278655
6.936133242402298 45.29041853140184
56.813900438334684 23.92765670741731
33.6380916333067 54.77580867961254
84.03650608787497 35.23581178620611
28.125424415701804 58.692085993248874
77.1557147985772 1.122561308210912
7.124178577573293 56.55442304513668
94.62408876818856 0.3829854431657398
65.4462776994714 6.369274453003337
34.687479365918314 19.85413842271999
9.19108653686741 47.53423466999589
34.50385489011401 12.579156614035792
67.47741157344217 85.05072866966299
31.951000553463558 21.238102370936886
57.561799811510916 54.00843127098642
38.57645227886229 94.4996344499846
87.15162750428173 61.77014174996566
62.43823875255815 39.04774129328891
86.66829407805095 99.94089248279899
56.6904820247073 10.43721022728411
20.063428608480493 97.0481414667202
67.51550684802925 9.73985483527986
35.912941802941454 75.97626472219687
29.389428650871118 75.20073844471725
25.623103014815452 85.25036871920834
91.18120114104896 64.13230780511697
25.41661128124121 23.47882589242053
27.317277067990332 19.305875802869433
29.249471876807398 72.74531603621396
15.979244925026215 29.82604689046885
21.276814170278534 30.580184970728354
19.602211507097735 96.0413582098798
91.62152664084391 30.09449317049181
48.03982364809086 39.526277947876586
66.73692420343473 61.71339640696814
14.412124392262315 70.38641664747645
19.85456861413689 90.82753377005449
12.91609723878181 5.098760991505302
49.0490643549641 9.044407902152807
92.38871140908252 65.4855213344033
10.900770070778476 23.907332851659447
35.46937232658696 46.61123398419985
22.956725025988376 1.589518723902772
96.00427819522973 86.77116946986719
72.08347233145548 50.12195855286223
66.22167226164186 10.523696958789264
65.46363507149456 64.727441434035
20.641039889775183 95.1111798792684
51.751269451830964 72.89113155115162
8.295248965659885 53.713738914277556
29.585105869602856 99.17791708275794
19.040534808548216 50.88593801569306
73.6666339845644 62.95689058677005
82.26551434735913 14.361886941258783
63.472759139174705 50.83562192305106
55.0869740276151 0.9167750379459716
23.267582397676133 4.875994252278504
87.85985081385806 66.39248850315307
48.87376928749033 58.13227187499058
58.984405289373655 63.87449968962097
9.041743015071791 60.73482935626584
57.12805187349205 6.001965757649785
47.670962353907385 9.032192932261452
52.994853363483365 3.4832582425713077
17.53860094932498 87.9710708050448
62.69693239001487 87.89950833541022
56.08455835311184 13.356262960038789
33.6511437673459 21.031473723450723
56.63887630536417 93.24936797047273
70.02596610180399 13.879955877006523
8.587119128119824 56.97509303056372
68.09657838184262 43.94468556747623
58.52769962597615 48.57019490914711
97.10227998910923 49.53164186774065
47.016357118413154 97.21469384076981
31.580655179894578 26.474890073310398
5.887171087932829 39.827455592514724
14.618156420669326 86.13595688764296
93.92524702401275 52.03629153414497
95.08449742253336 67.00295521295317
41.00408104511914 90.94447628906867
15.433715045183794 55.22394837707587
63.7465627162182 26.09690023381561
57.27031269672936 21.219079068676173
11.558839079775673 55.991315856092896
58.28209413482684 2.247804041424606
48.375650628794176 34.710891839660874
74.00768248028928 90.42107941316435
44.657422128632504 54.576224746080314
73.55154006648732 26.004369030555765
99.71015090430969 17.550044705832025
92.8302055931699 57.86168961997411
10.804938324268655 72.32554707164277
39.71617576767436 71.61799649751315
46.81120227251445 7.8236024525021985
30.941387123295094 51.46849846149306
11.875439148694266 12.389431719763333
12.2870197632862 0.30644116625426765
7.949766899032406 14.045444199797718
63.27474870137328 76.00910783941028
32.95818543228185 3.0480684469211816
89.91297102793663 45.30217486813679
15.296745339983598 8.65664732714172
97.19648791696196 30.275855619787727
84.56818987444815 80.90452886450636
61.35788621755596 14.514082849272436
17.465982128919876 85.12936034933742
68.98100229428722 4.062035135218833
2.4218981656396577 0.5961149330400262
50.016864036066266 4.7246140145521975
38.46994914460644 71.6864620833415
59.48363960557022 98.22494135005437
35.644099666464555 20.50247386271139
26.617062772265133 55.180329124529706
35.35068464543776 60.78609567622064
36.72103533509499 52.56847800432305
75.05405191238492 79.60972476651203
18.94047550199064 68.9106192881898
28.99663789333665 35.67618418075398
72.16788253393678 23.874529398700016
25.842428772779147 73.85482844333124
5.458138610662122 29.11493566713216
35.750362147534744 41.664277960272386
61.600091450517404 1.5428994529115836
82.65406689196256 69.72314172671365
41.93077662949401 29.899405030734883
6.181151044915866 34.39828099021014
49.94602652922834 67.93411375172046
11.256360927604625 82.98927071623882
88.1771579230356 22.01905169883306
36.015514131626304 31.037446153385506
86.29628041877878 26.665524854665602
49.361403297081615 79.58317324203932
78.74860184312934 92.4282154579682
35.28890044565544 38.12379611169471
42.52282773916153 95.44085751035392
96.19009713885782 52.623291190757335
77.32649490059559 64.08728547250074
22.94615606788627 46.44933059105645
94.9377529743088 46.96405533047634
76.20146776742955 7.290404202747114
92.19889682536618 98.95857505560184
67.09876507393628 35.22523221264285
12.919014990338562 41.09959658823061
30.03902165589348 72.21148422654869
28.075078098821006 4.021648314668891
72.00629633717821 40.307530107415836
65.10648195134767 69.13345846046242
95.19717251638143 67.9454424985401
4.020665468755591 45.48132516571853
31.65215248296405 68.11819287838313
40.021657575109245 53.68488946432915
78.04897016695499 91.93317145509407
71.12359995903279 4.1351804576073565
48.94962027933636 78.38374463987337
69.92273932820825 57.98593854051144
20.840905897569407 64.86484564349801
41.9339239519705 55.376441093743104
98.96463060845072 73.97463716561658
43.88366969381175 39.431629279167964
3.9906487314422923 54.7440556289449
96.06092912396608 37.60687744346771
69.9208593137595 97.09909270326905
15.920022975965164 12.2048225902054
72.9476742611844 70.85168360465327
6.992403551953908 60.242526886256556
34.80255652396892 15.749868791598342
37.17924633081915 20.11455792719724
