246
37.96325976667158 44.81760026782873
39.189052671280464 79.93614474218859
70.78775354643115 33.98005062823246
4.811930510368267 21.455480592555865
58.835772557929374 97.25666055055058
73.18205442114967 21.09554208773501
30.85837973386536 63.60265730304027
1.7852102506275003 19.287809892955067
48.157879822065766 80.72530892444318
15.73958085040752 83.47034520038541
66.96338123684195 5.392361939604406
52.15313320349213 58.54147325555359
24.221214512766977 43.926168001518406
62.82170563946761 46.81723880756217
19.09927416852295 17.5951713368844
71.48557630472554 7.465239424228676
38.98558719839964 63.411754447329486
92.01330115765319 57.43555469160366
86.77551242201727 33.408185127482426
33.138594735306505 81.51653636265755
37.6744023113218 10.161751600360002
49.10051993487604 55.85510410709384
12.62144998204866 60.70488401308881
47.199422256814294 72.24233777914856
56.38402178250668 73.84497193569732
36.590590230523745 5.30978521657941
38.44053346751476 11.32521195147479
20.10161054189944 98.2385703145467
16.08307361200396 33.84159465580423
82.23959688422185 54.670715744775634
29.782391953768883 91.53641112083962
69.62092750384318 47.94435701383857
47.698119460032196 54.876881065611315
74.48733590057462 99.0911987012328
73.54378195187779 72.8599822752352
44.91534407365724 6.034994311430997
77.35154392139582 47.43077280064833
74.11064938007554 51.09268807032391
90.2118571052976 67.25306528899507
64.33240695660552 81.46587505901901
89.96792500317524 58.21207060937393
49.16431118017677 5.115890502646858
38.68066957700058 57.53737931830716
1.6593822576194794 8.087678957127187
76.33336728643737 23.12936016292475
23.355786080546046 0.22887345022025718
68.55465879732647 77.16174860702498
2.46363119761438 55.6284098267826
83.24509741030188 97.11576612278607
42.39315757686849 21.277020738572215
40.82597109325607 60.30372893425926
60.93823163477371 27.18972800084257
68.8329599010609 57.41864778310245
75.46184148840264 71.47643038445042
7.7790934090682935 88.89888133808628
10.2958463671584 45.26039505454471
85.7072838961046 44.32299834132074
89.59578961287336 92.02452547205601
51.329048454192005 22.146931282628923
72.44965132555048 14.200041477811641
53.99264490112863 1.6173282070223172
26.134190468401584 0.7719795095205151
23.140981921131498 47.945353807850864
18.371696514586343 60.10643896992804
19.66116918169851 99.44214780886989
38.80606193135685 64.97174826087797
58.57972500055298 93.21891693491338
34.05992761273418 20.565344855945423
45.15507040236266 30.47537572646054
68.46141535261918 53.71880318075605
62.498117748837835 88.79958346515676
56.00067364959137 18.253644919866197
67.7932666302879 7.904013829031841
21.4930675291763 55.91666289762648
59.352416279956856 1.1598007722150028
23.423154872663833 57.81041496638159
14.258534301343529 70.46547371613622
65.41882145789847 36.35339165348389
32.596220442892786 27.136500378280115
51.81414320152826 78.17968429925199
10.567475354139876 34.8518332406881
30.771775559470615 5.293321749817059
48.204533776387684 28.411910658841123
65.86207007273715 29.635745715248994
7.3525413394561205 4.106299206436981
14.921214240468084 3.534231177876712
15.189922490026609 98.10706990087367
28.519629150112678 41.98286969277499
42.553595108479506 65.63870718992992
57.462883610120166 92.89338683902238
59.78046967454075 13.125387005871014
33.59486580044423 53.158091352694306
91.91277456241723 92.16715807634479
44.46245779485345 97.98997053738265
51.61247290643477 44.374922493619096
74.13554861344082 67.32238948508125
56.3674611867234 88.60131602960301
20.368239372572795 57.03934549354407
75.4958044867031 18.376987242079736
75.25932310431818 95.01776619699336
24.264475187617464 17.567110800501563
98.96745364613686 75.45732023542631
47.05564866069791 4.2731659398072335
63.41288359055615 46.386556871450345
38.885551471567666 62.448091047717035
37.23023696231931 44.77819949639093
26.434815616078268 20.80503356266721
80.49692476866291 85.91849167118605
57.762709704063134 50.05261705774612
21.843924406002678 67.38235329618809
51.3503097175913 49.21384633930137
33.704930649552054 87.74977026742837
27.043464720175294 83.2552013205803
54.94886301195566 85.82486148884043
19.679162915346872 9.412796619745977
26.099139847573284 5.596876854478616
26.66941161910422 26.90282610003739
51.38672360856846 92.27773849052504
14.498381599134547 24.360836563980914
75.92202576819966 52.886404456379466
3.4372351730783346 48.33429863485554
47.224479206053005 94.94526097889138
26.539602938905883 51.607720664669856
37.026771179194995 17.027179705164166
17.70284973116749 3.460146545031151
25.851371586060168 79.1507708627638
23.497634992720172 65.26954763366342
67.05394039467566 16.351504177183905
17.21048211244337 46.878134403894634
66.35737724872453 20.31053452315028
23.583939072049542 19.89954818160594
48.695519033542325 66.97458420800282
94.32721745157744 46.85103762382442
35.225505895847974 9.622567392916926
19.406019729073353 75.40053120940131
75.20245472549327 57.680719497265734
87.15374802837032 81.37864381630962
85.62699707115678 15.578379686446686
58.1381732045466 63.25018488638759
29.701135478614127 1.9319157781795382
86.55511308146265 6.45399285851137
9.684555672320316 62.824082725166654
76.40469402123776 2.0129405663299904
50.54159571991421 56.967574075076364
5.347565622581884 36.06993581214303
70.0496060638131 48.19302737132829
97.17918474250955 86.28977193135796
22.941565936875886 98.29763060401243
73.18953585774328 53.72746600153694
72.71921416219733 58.54280451670096
9.085453820975964 63.26945579385852
63.343278143875736 40.15456147570108
75.02245406836508 63.52018386073254
15.486220958739693 79.2389775666067
36.61382569021625 98.92009683111363
12.897738477512855 8.216500475338595
48.48319150639264 70.4659615527374
0.8998012612387973 96.89225578989247
89.82685287035433 75.8361086535652
39.96868226573358 2.10325083499745
15.750954199049616 74.87833121459488
85.56345024503854 54.32420906302606
36.23377123808419 26.752511849760275
19.787299747285005 0.6671596479381203
66.2613726410495 22.36849405438177
1.2994568859730382 63.7499028974311
83.91045738379684 91.97667679289377
75.9971140796534 71.24067010086219
88.55123440671315 5.797321193401395
17.192163215529188 68.77516141869415
59.7696614832825 37.379115651484305
87.02942617368598 45.36610489564432
69.15064803686474 32.94544981548388
77.5822599543407 36.566944407949784
48.789282620134564 58.54811723002638
85.53942682612085 52.084322126894456
14.452272644769836 20.77102282820855
6.443154105284499 93.17859617014719
81.05374466211724 19.912022509882288
52.525042681663884 76.18146314724086
23.111906554742834 44.27238376530514
98.3757496293027 76.7622521305354
66.8808013959191 57.95921241582693
73.59181154723355 66.04161521190449
1.3684421564543747 89.74540085529713
75.66390296999143 8.83332128588008
13.359721963782045 95.07259055184488
67.25055836623322 20.852329305129146
95.99021334992123 36.952894518939814
96.06931546501215 27.21488340665995
67.33537003336716 82.59769748195572
1.8697367314030822 62.04029122921827
15.303437316638945 41.825626120300754
67.77753628116947 64.15591999534227
70.3016074360182 9.517764991408361
77.61216360611884 14.965756558641562
92.23748025524841 66.18915024381941
77.7890849476099 86.30984204723255
80.37161430011696 80.86368570226755
88.19881720460387 60.657284741974294
73.6052239424272 31.86611713622739
71.65604555651845 68.3132927788543
29.820847193792932 64.31781999293216
52.37171329081299 28.694491308797787
32.06529851807721 3.5619140008869787
14.452307693543565 22.11456378019211
97.37090262078938 69.24054885365258
94.2156342597752 86.93789647349743
45.39322345478247 34.98537888572023
25.15743699312938 24.056574289689603
92.51203021593898 10.118414999798608
19.610353295461948 78.49650048161965
35.16877763923109 2.475272096464187
95.7793312594133 55.00750274812114
37.368685644601115 59.97556868953276
33.86757029914175 69.91221258937705
58.47774776327571 65.80284679938977
71.39934220862992 60.92784181733087
44.43746653786156 0.06478770647116994
15.46692431735931 43.32390352737405
84.1130529470995 5.202148233356352
6.818654608205454 56.86387154919076
87.33956408874407 19.352992773774325
54.58138404375653 33.41230863419974
72.30566720446174 84.38201132800626
7.7833352238219415 36.83057768645457
91.63113159115571 96.23060784438422
92.3150462177703 31.072816011426664
28.522034666340844 16.41704407700386
78.632213502171 95.2432632296453
17.67079711824279 90.45787488956131
29.76813924633126 40.66860166313844
25.44676222482096 88.3275977058631
54.85055955613495 99.25262233423052
76.60399905721118 85.18890490271897
91.70455738493042 35.99654944546281
23.086314590488023 61.82063813061098
64.90826541862893 35.633700348967814
94.02301446809435 31.90349666775918
85.56053611674369 26.354091433748085
34.6798999701185 67.33484173914711
66.13709895493535 65.45588493975157
63.222481852131395 95.34233270869112
50.46117937649749 33.392106478535865
39.14828282864652 36.04824453107839
26.352509018142236 66.09188067518596
