211
53.023932169686205 58.79099845000869
32.59430042869964 0.25790662814970666
22.80066779087866 24.84405785440382
50.24921894143504 31.584507957228812
98.31913194582283 62.77238770306741
29.111775969694076 85.48598189709432
45.76190792079111 37.12411540550773
68.46689171315916 27.3137908533453
33.50813936549499 38.197821225205296
38.43629742019343 31.524601587628197
89.25906706660332 84.08841794770602
53.25300605396674 54.37775424096869
80.09086777473732 63.15706973696514
26.846141282811832 63.84921761578873
66.98865302270876 39.5914694314837
50.55557653656456 2.7638696488023196
33.85603524212182 58.221523270138384
21.466363283091418 30.11723864018473
64.79862248575405 80.07479903408907
17.92364505871944 2.8268398791332916
55.98407105458355 97.12108108211982
33.31495510073369 11.728446632303925
39.430821951916585 78.89626175373863
25.68091604153764 48.44359240307544
48.610182267103696 19.842692720952638
72.81146935693141 88.48957231706811
87.55842555694237 96.82229570425882
39.53595977952718 84.91136255568072
48.493649836272866 72.67206476312435
98.04421169175889 6.736939774951445
33.808773054143735 75.2025017007117
20.563417919110726 94.63490887078082
56.438580750256726 42.2228333253595
17.486164282798423 55.88755360739397
81.44939734848487 75.68720125319976
96.54396379947798 98.59593848459356
36.705622032930826 3.463199422238372
10.61028674554324 60.39445726009697
84.06561474055646 74.67466723401988
88.1724379440615 0.07090595368619557
7.273613798116896 33.45657539152824
93.73886991208306 71.10436935806706
91.76176672528821 71.89534335378963
17.396007237569687 54.93619624188516
17.446076660389508 59.43054676356409
52.186755450292424 41.83140472007688
29.556398007840556 54.9817176810148
56.3099457102019 28.594872451680498
77.98553264831676 31.14115113065008
80.4244684805882 15.822050263946984
19.652828646894672 65.40738010403945
13.742101048298405 65.5141611506043
16.267080934705568 69.6301158035959
31.030470375249873 84.13977544660939
80.37762637736162 28.122847943143448
72.1232494771027 39.92026613219468
10.769510917201398 60.59102884672723
98.55089031022986 0.7546681633126218
91.7739220187266 85.59866326800713
32.317167604715195 91.41159684484231
57.09133776688061 94.81819617052835
86.93012806447811 10.717591155784223
75.97865955782774 80.70519538663794
26.129124026656626 46.2378503370586
59.41075137736278 80.1400353260823
29.914303780283813 23.63888377001543
36.839440946502364 72.81076758775315
9.39693553797525 56.018659998163045
29.034327240846412 70.55318048255877
61.46842166531775 70.88111774009917
70.3177038109442 7.269643407102877
28.655907345706733 65.18441966716091
63.08913879237883 71.82925968033771
98.53514328823782 94.73854723290137
4.995812648711007 22.507075130481326
50.307555858867694 46.38905334909199
28.83213727555345 0.2912914813713474
24.83319544892455 77.13928852043918
12.486866225487924 34.94436317385225
39.85311747530025 38.267489708839285
72.30730581621782 58.56537399008504
33.993380199210435 6.71722515390173
72.370382995873 96.86839256065541
81.41468448567154 19.140339951381957
45.78672769024404 49.32675187042611
63.21934295172088 60.90415568125444
86.21159248945952 12.09956856335408
17.205494115789534 59.78952497794454
41.02920738162308 88.83597354757885
84.22687533159207 38.89965571544707
34.87990353862869 75.6630229715602
27.03160747687281 83.47859957705836
23.420049355522178 3.8082739027857193
14.040364513857318 0.12682244238914064
12.063670228746727 24.736381829645214
61.623050762799934 65.84551821033094
96.8093503075583 85.0003049158872
60.77283200880276 36.92965912633374
38.758579272239565 41.670099761443446
4.285130968342998 87.29206710157774
8.530029046541765 37.51918668097499
1.4773088193131168 57.68091106254207
5.654676304988405 61.549047345372166
35.7631685337753 64.61419899577406
53.44574004723066 8.378826316262277
69.95179788993306 57.048363492534705
99.31254149325233 27.17365384304502
97.36193896496714 73.63517066764152
97.9311386852196 61.61275412641086
33.59809444828154 81.97828333239919
71.15306284974713 2.682312840534695
0.23774803189960947 56.186841432527665
13.157435709557507 16.666493168015517
36.78008682626841 79.40433746452035
17.403312256911075 90.51963253042862
87.6347151473522 65.62520889481512
69.69801730935087 58.832554045546956
41.780664988982394 76.32065289029511
74.4929644213603 64.88626165945297
5.345985071630766 91.77928925050612
68.150389067928 42.27431434397414
74.97308161087737 46.87160852785003
12.339674739416118 22.976162046843662
95.33666667642915 63.698458606091194
70.60895825335609 90.85501430523712
80.73263987694634 90.39130266763041
59.72132389188582 69.80987151869044
56.94316315616202 75.84961329857192
83.74165298530076 22.276125796461997
68.57542266471245 49.0574373205743
7.118600254497787 92.55989598377859
56.48262232938387 68.30985918566009
46.73659249603508 2.5944326525437433
31.739661268183895 98.356651833579
5.852052241180639 57.52471090962691
84.46531083276373 29.139768704940906
3.7110016710806937 98.99395062253443
37.09274026324228 32.1419213496822
67.48264899882993 87.52750881495878
87.43180288926459 14.970525377581046
13.290411541970093 58.388333953028635
10.791708218689289 50.29977820634359
58.96784703023321 87.22592124388456
13.634670197370246 60.82968697747278
51.55697792321312 79.5312074747138
71.08354662540178 6.436356700355206
56.14105151292207 80.5672525092951
96.87690206109988 80.30135031913194
57.71231819553345 49.55588473594443
2.361777613091487 51.87518086402009
68.51119915204971 34.55699772038019
69.61095351360642 42.784073256758816
25.282581091705158 94.83572207586958
28.853880403963615 69.73932086926517
79.38080409378857 17.183185697755853
7.33880934794141 31.44469253193605
60.29318001203055 89.68978547446144
40.07014625815985 96.29837870870537
61.37615142127816 41.2208673223777
63.433197165320465 89.577209238367
94.77213462095803 78.17921303932461
2.241023671402964 29.477846539517937
77.72676342458179 89.28128507723396
75.30786060040604 14.86916164387283
7.03480067484008 26.885660076276896
27.176273601007907 72.93900842677233
91.01499643788327 18.905626649965
28.63310666628227 54.99340458552351
64.2012213573156 52.95122034738063
48.62474675212397 56.545616011276046
49.95605761103272 8.096481903334684
43.83735416279365 2.2537541461486454
36.36347043425664 31.938993000142702
64.57383048545866 90.32000298652716
51.38333306629749 81.19032225280584
78.55931111067031 72.64885395452563
2.9083533395844685 90.27223108460736
14.327403452560738 45.88549910260531
66.7055311890038 78.78593194905179
3.5784208948494323 70.68395903593834
82.63073476053987 59.407350423610275
66.44458354388777 87.78134163855026
35.903141394709806 13.198952931689135
28.28256998551968 76.26333335912537
48.06035718816651 89.38555629538979
86.94648043571759 30.081735707434998
4.090395092419263 55.305695484092766
65.97653154482926 54.02470552505437
15.851790854209636 32.56183999931642
61.50716852128605 89.011243416461
87.45523709505203 22.500674848646128
6.524789733264291 1.610409112655753
70.17374737492979 13.822612887091035
26.786044220234718 2.3354256924708494
92.31406555341702 29.521918595591767
94.91918699585743 80.77897601956039
4.585655516642461 73.26087660352322
70.18586536895329 55.11984211249619
0.936477530220825 8.738418368538447
28.175842101935768 75.27260392416646
13.65257844579213 3.837007424711336
18.37793956881686 88.98728852770256
20.549334065781178 65.2012243821147
50.105480515356646 95.88662722608619
26.36334403026379 17.25668775352097
11.360846957925352 75.19310683441853
15.81955923690721 68.55821471218383
83.3631585223801 47.01137964544709
53.34885477574765 80.20151824662062
84.57390542045525 68.97347919111252
96.31944046710169 41.84903332952881
