238
18.676755418768074 63.92644126241972
31.786588056294406 52.81164995106158
8.608569081172323 23.383842657331854
55.79184289347736 52.26738040310005
65.68850128135456 12.590195925532432
50.25940612175441 2.8206824887948123
15.03892755872821 25.93959920126796
25.090214149560495 47.43080335950777
89.17416346285412 23.560428468103932
13.961822143580516 76.24930611391379
22.350093155941376 51.601955299842615
77.11851422305247 42.22199491230215
45.866979364341795 78.29987946223497
14.772329660199535 18.413176688633648
4.871814972364962 78.30641700521652
79.4113936995651 87.99202307439354
19.4602079820828 89.553152136396
11.321657176736366 28.697114819310478
6.135927756805404 94.58682559981327
52.37424464054228 51.514915590570624
53.67529730632992 84.92377185716482
89.67685030980212 66.43888148348606
60.835215125726485 80.80295414563786
57.472795322000145 16.03070890268895
69.52350889099267 80.46929471650391
41.9449948755508 79.3387039882391
71.69980279058468 10.033250238639923
10.879373942818205 78.83923104071044
80.59548680560123 24.266297215198527
29.166092430092117 15.562630488998153
65.22056993051191 65.32775686004227
34.81000735141153 69.52198578647945
62.83737635119289 67.65433597615174
90.51572990910887 42.20585626560221
30.932337096163476 73.82362354203292
32.30576624627853 54.85084268332058
2.932811791059975 30.151611916066656
29.9142799586367 87.30991910391613
62.315006954538944 91.84258711149047
13.11597454023622 2.7312755859563165
91.65668688800494 32.829221311538014
19.611352388627225 47.41884377249379
95.7213694863736 49.28568279470886
31.351860900650575 65.13364203658139
22.50940594765224 99.06830312283068
3.184599698244517 34.08493365749023
77.50806472799994 78.0190644463636
83.50725455850365 42.643683112373395
3.681507839413789 85.19203777283394
95.03520157205396 42.39434653342147
86.19635872558499 88.43176722992699
19.52926845243964 30.117411055533527
18.16917944301275 58.28454438506515
85.20292140179812 6.802727325825664
94.52087103882967 8.61797452624824
95.29102604185128 23.73483201798733
43.7045778608799 78.46051730654993
42.42535494544386 9.488104741689307
23.231828050789304 78.30048647351013
91.080546182266 29.621620132465022
21.024750187540665 92.21649728852111
96.67676485311586 69.7205878548831
55.069831588558706 41.90462830087339
85.2478299496152 86.91063947120499
15.480451019816988 42.8940761027738
30.915940698970157 72.89282230463904
1.1800005058985485 23.811618582724236
39.70768867052061 59.35809367424669
24.27767971351501 2.218751049398715
16.65633461803481 28.41440646799137
32.23335128549849 69.21959758509833
50.714059455711144 62.04030501370305
30.458354533917152 82.88861420815093
52.53511646899879 25.236504544040027
54.35760376705379 18.034303325111967
50.779289410417974 43.60837859374792
72.3845564456318 73.20756558802184
97.65103437479716 26.476881154196118
13.140834534927892 39.03456152642551
58.636512067949084 82.2236370620538
48.96052164046332 36.63258864416754
24.136367368175538 61.64389452828951
64.26713175604473 42.62854516656932
0.9164669350003596 99.82578579780032
16.109010763991428 5.602249182465102
31.62748802208517 47.096863685968934
73.12988739667313 43.93958064197862
44.60762985254758 22.592617599393307
58.50153712108831 69.24453984827159
73.29376426141613 78.58837009609499
76.53573315898991 47.77393493917666
28.511092695521047 46.88589179473806
84.45204309368258 6.440240929490193
71.84124469401931 92.86337894363162
30.812831165687136 48.23251498907879
20.283911246500118 13.007689143782542
38.053080442555896 33.63810179474702
19.101925016310105 75.96585533003316
5.497540481550356 16.1605164157963
42.08976214528216 75.86140088626759
36.67977504300166 76.65538597546447
98.15884318937059 7.263776211617278
88.4867996736905 44.48702123984306
90.13379864219135 83.34178509005278
34.68314917900257 94.40540068363207
48.66215182035077 84.19343471920254
73.07464008087638 83.9121657262884
14.704455229459178 58.09765637551796
15.634722135466028 35.03706550222028
24.08950156764985 54.495598650809264
18.850477201863903 80.77460997575037
59.80768567342798 20.169717787451592
52.4184168047954 81.64407130317872
65.55459809032658 61.43585151792479
64.94182643911562 95.27619047167136
9.258306775432823 87.37764490489432
34.173791555594704 68.18089230101745
95.2125549977106 94.12370489453245
76.79549896393036 15.68236236690872
38.316179064822656 71.1853439522855
68.69716709269908 16.29116293118088
97.13131014036108 76.25460348274183
22.16499248246293 74.807244596406
41.19643564938522 99.86601335601996
49.53969992764146 68.3859488334296
16.79532195942223 84.91620670645584
89.5611937835764 21.507772121384118
88.83825321057076 21.030495782018743
70.40354971311469 81.33436396797968
48.328096618818805 87.97080961973549
85.08390688553176 91.94889070406856
26.266108965790902 5.104269557116958
16.38986893674568 68.91775610161478
90.42179265786702 1.4331712155963072
95.72100605750485 68.90673539713924
74.94901771601616 74.11452599677129
19.91621175816394 9.867089816927821
38.36032116809853 98.65149816539085
24.230385828451283 45.7491440471201
98.55169188786955 40.129180577855514
74.51712276585528 45.37265423244645
83.652951544886 35.56886090062443
44.136956855905176 81.44848435124372
90.19682114081152 14.98122507340619
7.863087019273474 24.198899415123076
9.682575860613351 98.47506025881889
8.212947595690723 43.84830216237623
86.32995911397644 9.770597815569925
44.4479463786516 93.21393973972347
41.9335066505708 9.92429820801769
0.6045202978100073 81.0626519803587
36.288985992268465 82.68267645344405
60.72554587925095 80.41011072195754
19.248587730766086 87.64772749461197
61.391937319130975 17.65900351611395
27.133295337214037 3.735485124295712
49.72071811254969 49.84950717055845
55.87210120800391 40.52860013632493
79.92208688239427 94.67838554710862
83.12509688600767 55.06947024454756
12.610918618890999 32.5188385609559
72.21178007176854 18.570679436766902
36.250900691358304 44.08970063046805
63.08236022729955 25.516478235155105
76.93386414542391 23.033962758708547
52.09342074840979 16.04665542159538
96.38796152009678 96.79427597397718
75.22326058435684 46.91729153854063
0.059662242967373214 72.19505341633605
56.38825420534875 90.3917820380253
57.07333912862449 17.652457505115827
31.721105196609933 8.931951917535585
39.303087144990144 60.21955245241018
49.61664347785379 28.076593414798545
38.14122245917135 35.66304959270202
50.77920793470268 45.5849086362676
99.10748222569131 46.30659826825286
61.32930225648896 5.270315267023529
73.8891811696817 78.1203317711871
98.22344253279265 87.39037470637085
14.150518476627838 33.2122578942068
47.73757369203309 78.48663566400975
42.341451139224475 52.68500277589014
18.050345586967286 14.47918058119031
70.92879392281746 9.125186799877605
80.33253300889741 96.26539041840839
67.49680092675071 45.563318005125055
3.945872903861569 73.45322183043213
18.92455060852264 91.52283502093528
60.3508514070751 61.06749900131669
80.80185802372341 76.03181930702189
67.1227023175602 11.122111404020075
66.56714331544025 5.14325489502917
3.106174559808028 85.18361774312459
88.50351116357879 3.237982451956012
37.4007677272442 76.45905042348643
78.04817494413278 97.64712170451223
36.113941451014995 58.61625762162871
86.17404034382008 77.82540279791353
39.836542417176105 96.21429978043594
93.3857880586237 83.37826192272405
99.67324546154813 65.64194239384074
14.892406342968133 70.57122489111846
86.0971144665014 76.00247699790941
71.70850527321872 76.6864387256558
69.75034691728887 29.10726513917493
83.0262547394618 25.63127092936619
43.52525355425255 67.95549326513144
51.91066316207965 91.22075303379674
45.13713298406783 61.264680125379044
18.020813896107658 57.46427265716595
2.540315077202915 46.35793864206388
47.28981042228775 34.486468809813054
61.46378337905665 9.109079788272789
87.95086828549974 76.95477081878514
96.16770570145752 28.33926650196602
33.694845960534195 33.54143484448865
6.420960692151567 37.479233617166486
4.101801907291824 89.8030074163944
90.76039034340936 1.2988676852446646
92.65671320253168 45.32282213189597
44.45780552658859 66.80815251785621
67.81834483298945 0.7356469209660155
86.87398436751053 6.316230667000822
35.66153795801442 21.56934402875754
90.9422327588022 2.6044950515302756
55.02080244730514 59.00714188786932
53.38336491323838 22.3566492958312
28.160058868756323 42.57774060309863
40.16284794308724 50.46242258389291
0.1931207428772619 65.87666806119512
4.194217262082878 62.29154488511096
82.02160385746694 38.798412715715024
57.11942802098755 54.49631168644247
13.12446886919414 30.15340121431117
18.54773631551623 84.59399034519966
77.62417839214353 93.15937977768469
62.7599430380254 18.952330054395674
