221
12.000807439557438 40.78667977670367
17.801712236036526 42.69032775487431
50.141456744528554 44.97833063670663
99.80129556449249 44.842714414714145
69.70294751087843 87.43188469049964
67.2121295834236 74.61813144316271
62.59930179202621 66.65058794232812
18.733667717525105 81.42535111022752
41.79707402175217 37.69325250458543
61.285117125255105 88.30774857405989
68.15758683714634 55.7548596010911
21.129813265442987 46.63441912450246
63.866688129118835 29.7454399842629
83.5131405716899 73.03362785692188
20.571056175805204 34.51433616493266
53.243151198451066 15.917909898102401
96.2767335351296 47.69931292013253
88.75805472499894 76.98614036306421
4.144650683721174 20.933081858965252
62.32950878045791 25.984712265250643
63.26114240965425 64.2170176083218
91.67081837142467 30.744528214466406
81.24690301273444 34.22884452379752
68.80458350525032 89.62530452632569
95.05293983977101 82.46386273319956
4.567181109187734 71.59439890510288
79.28513599804326 40.462865036255415
13.794392921142752 4.908335092878479
62.733286174847315 44.13716579230821
93.03356204608059 70.4761913972161
81.37976159796058 74.55089739434386
85.22088974968403 46.60413575203716
31.73320082080092 62.689711056893636
79.61139321558503 77.07438164046859
22.699304986427972 46.870671342793216
16.040611888466472 39.673941009554085
48.871145528764515 7.9852298624798586
38.353498200185776 91.27840937965905
59.809756495055055 49.61992016461206
78.95872365072583 22.59956442092188
96.34819898228604 52.69603540221295
5.015220609121962 62.017241963367084
98.5948574604271 10.917322925349582
95.69004536260933 72.23251183229411
52.759292329502514 5.355358229671426
1.5114308181090275 27.63565628802792
80.48325688079098 95.27441742524569
90.697554149102 89.08272560765674
19.524527239522847 87.79034445104692
89.8727585057429 21.385850230075743
35.32618857227876 43.045844727989
77.5351310535765 22.297843729543963
68.63772341685348 83.81347683208949
78.03378834820083 84.98157657442758
92.80811813705012 12.02394681897766
22.84553124815566 35.673008574010424
55.94444606128312 4.659110897795749
11.266620606223288 0.2045761606138563
11.207199910624944 1.4448172189140074
24.278229378167527 21.419823539016114
0.9509525099550498 63.818743572489026
28.45718853598954 24.489038535685058
95.02966839709045 47.325072720178895
59.9913248886287 31.912333983669107
26.930838090813037 36.99113109130068
18.03950725351493 87.66323522970183
81.99989348614416 3.900309240217259
5.565243371410123 1.3236495384811753
2.036108958479954 84.4527578170235
81.39073023121614 24.677377045885464
43.042598731936046 96.0093877596339
39.74293137518933 4.483875052850895
30.03036702105375 65.54529378889194
89.98407946794902 32.144085539275025
1.5672696686849341 43.391704077904066
42.8696066859245 32.31502913326124
64.62151011650177 13.087493030263776
2.961841498553408 50.354768152479636
29.78116865685505 76.57319429485894
33.91237063327202 38.28563806591748
14.150333760027479 24.576372668098976
33.98769117514399 0.41693716137488623
66.20253806988926 93.33318149498014
15.926440774783213 9.834384732193058
83.3632787636065 17.74787970697924
40.99318893616226 13.42258629057943
65.87477875375689 87.03905620037679
56.96257445962917 19.665534934132822
66.992520663331 24.15159317454909
95.78698626302348 1.8857263731259288
88.90884078157048 75.64244171691573
4.8056738955834515 96.58084183884492
69.26683295137457 91.55938783115168
69.12327962906856 44.05748465349731
23.699026242526287 81.95579260903733
38.22108928902461 68.40771309669998
34.00619798530868 20.38351073973962
62.59260948089537 29.1612195989283
64.57168935802542 18.941315668341907
42.87776532571381 79.33728793153074
61.695487305501906 37.724936737022105
88.79756408353816 83.23270099500786
92.60006897021893 47.08390473066384
50.19413422379962 46.50741770921203
9.503377352946508 47.523484915176375
49.672280146483814 12.392564655023008
41.175823998775776 72.16002265476949
63.195673025308565 69.62840972019593
38.10202521326632 66.60344566392295
31.62431718398121 35.31563432464671
6.205853306718623 58.56216274162489
95.99190719568593 99.90917659177501
0.8172233508704219 2.1842427300026834
52.63639558364075 37.50429268635484
22.973332249749646 55.26292475190916
48.54148768273689 86.54167934244828
6.476017764237685 78.08993572381674
94.17684661065083 63.857378598542915
88.05515640591105 96.85158116355464
88.8020236097429 41.11374381760705
71.17532635509569 36.66959180928164
77.51665150533596 29.563871864367886
82.75389279985909 8.46505596455499
54.4576024331007 78.17483125272386
50.4676769310206 77.08829769640654
56.9961289912503 14.992699216731964
56.038617128866186 17.474056326572796
90.72810575753243 98.81956971977446
33.227219379838715 51.26049304890136
13.32882361404355 22.538850174791815
14.056114991778168 44.49182572802353
43.64252301892987 7.72768654434508
76.16134425689698 99.64332848107068
36.53219429092769 79.5132778660566
95.78358899132269 88.62602279116105
48.24831639850794 70.36605944999096
64.20885899144236 5.27884168822127
4.665666180728856 59.62481317819983
5.312298464899601 65.65798898447824
52.70719260936957 9.174688025701016
4.081404596936666 32.40162957770736
42.667808921303504 53.467901574608234
6.9246201107173055 25.634401410427866
11.914750509767336 19.0294447728108
16.716361170519136 38.1442842506864
49.13582220190621 52.31657972198285
97.79925790997373 8.259174365003707
4.630977979477113 43.51467113748747
69.52077470831394 83.11387042799664
46.335661487919936 48.82661489201481
84.0405212202954 0.5790268358041306
88.51616610493798 49.2482972679948
64.71785262353976 12.191611681072823
87.71092937134101 64.66036673509817
57.8031802547042 58.68767381064256
1.1683012617468624 50.50326710796988
22.04313900180064 72.29094294125863
83.20162455874939 40.32185963057151
58.77166231785264 29.426971065638917
43.849972536740566 31.45052348642472
86.62547959428602 58.96643264863168
57.45606047896692 88.29095981127873
4.989596822575626 10.415330341701123
8.208102518914295 56.71048841826717
42.20122391820986 15.347768324327637
94.6957829491676 56.12777773188435
24.17171205805092 5.636219955901611
97.86845517706324 81.67114672866478
29.083864171399732 66.7029290702107
8.348864557382141 48.1288790937445
12.77778252853844 0.24645239315904677
10.20553520141948 71.59118319063785
33.105796846327095 71.6455994124774
24.922760260974684 16.810157195281473
28.536161276913607 6.369181544490088
20.42151838624666 0.2763290764705162
57.35851456563533 97.8761884478622
2.447289393543195 4.476077060440476
56.86573978476663 24.637307120541863
48.7755035094243 60.372266204169634
95.66602667442073 49.56714032491997
63.21625756651187 48.86766933268789
91.74974051896947 86.5467478417809
50.52991563180197 75.12422554429835
74.3878970594557 6.761565576105932
68.78241380762955 16.75882740519582
47.8776956990139 63.84232777761457
74.44033338549022 3.999196959037965
45.31355254701476 80.63534949597475
50.4482205142051 34.08234177758267
79.80002114755638 50.95857211484444
67.5393818607539 85.69830159973601
24.664709040523924 47.04876805611744
32.35407765802321 74.52468563297802
16.088716765648524 47.983952724767896
91.46147317503302 8.574885339449212
8.044995461230487 72.03858559503368
72.36749261061485 15.279912484482171
99.59728400930373 84.77216864746076
45.15766166740532 19.000238524996828
71.46257639628007 26.665420723721567
42.293667852103056 9.463827230908207
74.16602924870114 92.55412606377872
55.19049338739496 13.845401214584651
42.23071825430582 78.57173782218754
88.66831561443232 58.33065727411936
38.78937191461841 75.06835687714847
75.7698366432504 22.088539988773515
15.161552340417717 70.45299594655806
24.243173455590615 3.412536300813551
94.828650727718 31.42905798361858
51.42128445146964 21.16709497530802
71.68442535649781 12.731212637882482
8.104191167800712 11.452829213739179
69.63237214936146 84.14219247444424
93.94688159435663 92.58317878065397
83.66136616259105 15.638726661500424
15.40503712376725 61.21224074615633
26.063957973740337 13.50893761083195
45.77388159945416 1.0910834929789837
54.936558975513584 72.63780105243735
