231
13.837999782769462 85.88050700049217
98.26014630478954 21.891520332646806
60.68003885762422 48.10781610271692
34.80653585870176 43.981855840540895
10.892476103934435 23.25335921993853
72.32376334157732 45.97796165063712
72.58851257195357 93.22061093245988
25.93015969788588 91.95831940485613
28.178801501898242 16.59944178663595
6.142223291977144 22.960900959241815
27.347115302207403 25.93466359446934
33.35552232922371 28.295151245436422
12.458640297789014 50.330849266829524
96.56161499013466 92.9281786366329
6.388140833460776 49.42967048006266
2.7403809753410058 41.49581509941741
43.70336511923756 4.225313203625925
45.66465716955813 78.68596202412168
43.684879597019744 28.24425089307737
19.9262198018217 79.33455001654933
67.41178363030008 28.60510576295563
80.14210907292019 20.41152009474281
15.319308621382955 31.139122430218936
95.65429160088055 88.56182376241458
13.893196023946441 45.005121523463096
30.94682060408218 41.03867860625291
97.60395638802137 98.7886984894724
60.607103026769494 6.67016892954595
67.55607480834573 5.486149627184478
42.668317150309186 15.630449202425611
41.498076929460304 11.241030432328747
27.07735518108074 5.841964832358936
61.85648899362393 29.613363412448546
84.1331374375331 37.34759525085799
8.417370574042637 72.5680365118069
48.97684832817134 98.15360550875776
72.08193210111843 82.64262575860857
99.74672795127994 5.609954298068221
58.269720405485614 48.453602057276655
89.25157541779754 31.49828191321391
34.59587399597517 91.16423400291801
71.68838668508471 41.57411687735735
21.260788433997924 26.453470154767288
93.32550375090675 77.77101114571543
95.43350046303817 94.13745361843607
82.812021126693 0.244684129500361
72.2146946833395 9.955128415598601
3.928443792386438 81.93119049175188
65.39883736165257 34.87817393079352
47.23899848485742 13.657969204896158
9.147719335553628 84.18882274927918
83.2781305233993 16.629807924015427
13.163061484660998 80.04759405548312
33.37081599635701 32.75308106061389
55.64742233232612 89.5413840717979
36.63704821131317 56.101568318428484
33.80635567784708 17.55890123486853
87.48237569425677 57.565040257697106
69.21780032109183 88.18961915555847
80.81222034346189 23.753741437721686
14.393791576337211 90.33180627283292
89.84900084356778 75.05058982455466
73.9432008490463 41.00099621018759
19.241159649199137 11.577575815508311
31.812624453658355 74.93136200909485
75.66411675289137 13.350638249591473
30.522447024037337 25.04168118630644
2.1636755201638547 2.2769642434007697
42.39498280372851 29.803328122526885
70.4998934185189 95.96302065899226
14.250547207415066 96.1840786997843
78.3667203277627 41.212083896971706
42.5433747397943 37.391177714251
95.74133149121396 56.08634822880546
90.07319634882589 80.19815469636494
79.42574331612545 4.608937209359521
72.94286540882133 38.675661131708615
92.82334372430239 35.16269982939219
5.297933931983723 27.143281997647083
69.33927403631576 63.0311331451718
74.74008424102571 25.916079278724702
94.41429774623161 40.71055907741893
33.96064611272873 25.060317656122244
88.91915965413217 97.02134530719391
10.517793215510796 79.26372494218572
33.46978155241942 11.099654340645237
14.661905125119713 73.70801150916381
7.5369273094817775 91.56615148312665
74.58510828605588 67.05111592655845
11.091156421871029 80.74978174214559
32.455944092386865 29.5444141905042
84.61719642305013 31.20906646358116
59.69907976192651 31.1638713616857
10.931619139011772 93.75086997062081
55.74147913635477 21.3802449043745
35.83878792273249 33.39312608308587
22.20442878801949 11.092385189714927
63.89742723650349 3.3266695752431352
98.58695718948465 2.316562847122916
97.96632438288447 74.89468305584307
96.99410963571461 96.1114347895409
34.71208912318423 21.082911870821608
62.640756167790634 33.121040119007276
64.88457897814585 5.782021542133142
90.84552858489155 44.4339069006215
73.7162705000817 7.3788683726689115
75.69486693295867 30.295812170443437
79.95818845670254 94.26142835850638
96.7485408469667 42.180808355668034
72.36485292093924 76.48177456205329
49.81360878754975 25.482337998901293
79.92171908390189 20.497046656472328
22.25863489188189 29.595963542252125
83.18922281698583 58.05943022081359
34.74414322064031 86.82965993327686
54.92782651915146 58.990262631377135
42.2864024195761 73.06396679777342
34.06832276781802 55.389148027455924
11.45118429352947 11.172216127005774
9.446957600046513 87.00891726784722
41.95970303130755 87.34172849744583
74.70603043524433 66.31366293708162
65.64959721057312 13.171967413666207
70.7499489145938 17.93630196845708
91.55050683614897 10.826930717397175
20.883651121585967 21.708448771986745
14.699343399449615 63.01225539031078
56.18403032185856 28.344590309058315
36.63247285020539 7.11233142498815
80.54366040722846 45.581720497870705
51.57683213425901 43.234002775645266
4.436738526598772 92.48919363711485
94.88191563720815 16.329254551717998
24.759870284210972 58.36668761233565
99.07649510864172 40.91892920056892
64.96298573500215 73.24478615065021
90.68252616536245 96.63095104792863
74.80429997831317 38.349291118425654
75.85648127376182 3.610764480076145
69.60368941145198 90.81591109688844
18.82675735363707 10.149936124570512
2.578278113843735 53.41273149858458
77.64691657964691 0.9897079388489938
8.442054523638308 80.77713444275673
51.03131915624283 10.319641913675802
10.16822735241435 80.57732652549177
0.9560312084078815 16.728347608154635
88.64433322868035 85.65728508877923
60.321981538915814 92.03896395951116
7.56988439238625 97.49276476050399
5.930699478157431 25.91139600840974
56.67283339285799 46.62797130731925
27.433318548684994 55.54885049811574
65.31913669978408 61.30263827009861
3.6983949255824378 37.44322799244658
8.164881251024136 78.9219182601436
39.075589065073736 4.902578230040888
11.93802788548739 92.51657771485607
32.88018390563894 44.07943999050039
69.06128792193405 85.15556752133759
2.2138320430006964 39.518755645771655
99.4891985188033 33.26251710911819
41.42661973408585 13.15302325983323
78.98137917979926 0.38304212931707937
86.99434892664196 58.01146133112638
57.51020927416553 21.81799483516077
0.5603341737771106 19.539133855455514
4.46584082988124 13.677303239892879
28.290944859942247 18.72225432237491
82.43728373413934 22.92229064841258
44.16901653651456 50.69251335618142
92.15664502374781 41.40871350368962
97.21592435780735 79.20196637892364
94.36156844497326 91.48363697976187
6.643927409070438 89.30566620740854
23.087933826725717 92.52968071298264
64.69101642081021 42.86740431845391
68.07716168603396 99.54738004856166
44.95316360991972 69.11867572144968
42.29613162358958 82.56796341406117
22.707907688854434 79.491681067925
17.019322586853402 71.31449824534768
28.443895144219145 32.69037804844723
77.24792855562048 53.633232576843504
34.61706154978835 84.87280853570492
62.67757902331692 15.67059934111682
50.29886153944426 32.53783059541825
78.80444997069044 97.55952630366392
51.96171355268678 41.528249056613355
35.351721443590414 43.183540764265814
53.182614085552615 77.15445156180294
83.9208407297013 82.53361964281713
94.89087161632061 20.146080135295954
58.350992341033304 21.932602493724595
0.5750186255123024 89.16039328765618
62.11439187870553 68.40611779843123
14.579354505480923 26.921851178980948
65.33537023696776 1.3731778286626972
43.317556420044745 28.8047327855838
96.95616793552377 45.303837079285216
34.16922778263023 43.28780653738372
27.410769156978876 30.48268001387182
77.9156621542535 34.979052013779565
86.30513901631248 5.5534797009993415
52.309180355594684 46.78026357304312
92.17841663509213 18.695258824596294
14.267645530223428 61.77489027284333
86.29088448327612 5.424910684495821
35.290699110792815 48.539764472690415
84.50385427775684 70.3279367077614
60.88565572738918 7.39018642988849
55.95050078200576 61.633085229806085
97.68369396781166 91.62284651276113
38.13003689904774 92.95263512992388
64.64178818394653 67.50554870696244
69.2774641153166 49.67721018569231
67.414535043521 89.45739898745083
8.523150200437934 3.57590252964628
52.19657935221461 31.75753832618572
94.5506870908517 11.37957561368841
93.91892493582483 65.88433125650494
37.92218649007647 41.077015984412135
71.98977720738654 19.03131835686398
36.9166432862463 53.2346432852305
10.234880062457385 26.340947354590515
86.46609909843744 39.555736180551534
97.38971545062499 76.25198291266501
3.4215560930247246 16.49542460120683
70.3435565545387 7.828568209483566
82.21654710202696 1.3821028340937902
77.25997136614224 18.787130139073916
