214
4.046818026365029 88.27100483906302
41.618073488346596 66.51581830553347
53.9350081253262 21.84693761161688
86.22391730367147 37.83534358028372
74.30743093864795 50.04583632350865
4.084937953586021 29.67218221407211
33.56291787680288 78.34175806307
39.573848254696934 21.97624124408666
43.682905053289375 38.33060333180253
70.53391611354478 2.009506109742476
16.86822056934355 46.99095630474878
37.23131626265186 83.58642589800141
36.7179283956816 67.65898339291148
46.02263028057486 88.13529417957123
69.62430980551981 54.437680994683866
75.6928506327527 42.922112198399546
4.860369794469522 66.41708425309342
53.350265484677294 7.0622020553597125
94.6976577145785 26.116026999114784
78.68132344608706 92.6608217967442
44.62337051635467 25.00422167106111
3.1251058589254033 18.29184704702479
33.619681164537816 61.45001267724515
52.59557173549631 96.17928639896866
49.589980198774974 62.54294680658783
66.11495486887047 41.80566410292612
9.971196117962688 1.7773531692252487
65.2325168597807 67.48417827371937
30.088661036305396 76.85157625791165
54.43278994741968 70.99384963620415
17.467925450205655 83.51858471066078
78.22422634927877 60.51794455177662
27.57902744405215 35.22301566649227
47.02006923604964 57.54069393344847
52.25118703345948 18.797546963512268
36.41655347056466 19.811722824526246
35.72418386948528 56.481603498000744
52.42879636236655 72.56123177302449
65.5186257543427 69.80542107204613
20.11741152201908 98.0344352746537
85.28192861820305 8.710656964330143
8.780844516093966 48.11527159994118
61.54368193335428 24.786034727885685
56.37329538844704 25.645521439810416
29.174589469128264 21.817094352702437
34.22160752073283 53.72513396622088
28.529736876017463 19.484043696326335
49.30563707378419 21.089269400946485
15.067109416384971 92.82094677078406
68.20947500754015 32.29919590124951
85.40637925476067 99.50818539983672
48.08866645688349 23.60271707210525
51.13084764471796 28.12596818450369
79.49182528790358 65.48892176728212
56.62117153225057 48.80585119386913
84.33345316111453 68.93809461545277
88.50312679441792 2.0266157839603727
85.79551746149929 48.61727871020424
52.00051555583723 85.65515565130956
77.65732340245465 68.29201013352302
29.20889625420424 6.649918541311206
6.883309528244008 88.4637304654142
62.55440912313818 60.83062439554055
1.012707366598986 48.31767937321663
60.13540444954173 50.35836270931271
23.059375425287776 84.13652967932379
73.35357713588444 34.42885350330328
77.9905205970374 14.609900757737348
14.485539572109928 35.13901988874862
11.489044292922257 5.337929892421678
53.31104636362786 65.90575531747726
61.89934576881721 14.362157033131485
45.60731591446988 42.218597378968404
71.8638570598354 84.31154111214954
68.62933147200361 57.24105725794492
5.432020864767317 53.2115159774579
85.31383490455887 70.30382300957676
57.08629164466631 41.84370155632858
57.083132753323675 82.58548274661533
72.73205821946208 32.24823485855669
86.55098225906144 52.21541136144895
66.0747877354278 64.91837328869437
68.6298683558084 27.103347798614585
22.717142943987557 48.89212863652538
86.82513010483702 69.29469087827015
84.65908526865414 77.21364006440636
12.469351224132586 57.89596862839783
57.2616789253667 2.624076145579568
7.360938155432817 66.73111056781809
53.907327326847195 75.820684321828
15.233760401095376 13.661546072795383
34.7923673800291 89.35827526959615
31.53747802190219 97.00978410546796
98.62750298744182 92.66594847270376
22.022590853274092 96.8862475180244
91.60425005404964 42.9891325170458
73.36980658438075 59.51110322893574
78.32256425352759 61.257493922046045
7.722136196552687 28.126059723440633
32.49759008583673 1.2769980207019804
37.62786758249611 96.80056946281259
90.57964435637984 42.91207128487743
71.27072318992887 91.12720888583571
30.762140639043423 66.12782142660116
24.621048348784658 20.81987218612762
78.72345243249848 35.95047676790214
17.070161580938326 67.99045846814906
12.028081665341862 28.325391621176145
15.525406035841415 61.12136239418449
51.390433821445335 36.31620405380873
87.94472274296203 77.4874578495593
83.58792463728433 95.29722744857916
42.42198941246652 20.161213214020247
92.90452856928033 87.05322628931764
34.913998867187054 37.78173872020272
19.834558675251678 58.870657799566054
28.74344668915937 48.90331393950892
63.8887815219348 92.73717161137638
75.4339213443977 30.115014949051123
47.17619355766529 94.43450127874488
83.47618496349864 84.32749682059834
84.76733912279293 45.10874579386085
1.746002790972978 12.64693887626721
54.7369609063667 43.339987178334624
77.47303232013995 67.71554252362476
36.685952143190946 38.88572901921856
17.663119964008434 70.84310991045038
91.39278287608812 59.597165081523244
71.96264842512589 17.008437508084985
78.70888965906559 44.22485727946837
34.17400189990224 71.3090721933505
45.58862559829186 54.32092547928662
9.020466553610074 91.08963665071379
76.0214146018369 64.26425466268604
72.17571554308884 59.57729678437877
21.670176079571547 6.9866808907559586
89.23103612201781 71.12532988921315
50.77656484308204 41.781305022181805
44.09864713206453 84.87369671809226
97.07444508272607 9.122626827940294
29.828772625787657 12.55723615507196
82.43671809068694 82.97509224545706
74.25997666852385 90.6878545622603
69.43467211913475 27.012428463149863
38.883919175065095 63.163668478906544
27.108323940453893 10.531767276184889
28.604263666244744 46.643927965802526
77.3787876278512 76.36980206071462
55.29364113931074 66.22588024270225
43.570950550994155 33.41415175139553
72.73692267898 60.72513403731731
42.26117579353708 6.986597411136241
18.437442920842606 7.901709562717841
46.40328015058478 15.36811577504562
1.7638140134469849 79.24070196770113
7.719792759674327 37.643359398418454
61.05164259125823 3.1197500680635093
25.223133770647788 91.31268786962612
69.21197503720805 34.408753845302776
28.252357460102207 9.465404666115552
14.848536891342668 76.90665505857352
19.56542805917558 6.72666584214382
90.64684079334029 20.127588397135
0.7308318487678767 31.354144148775898
18.124416660163302 68.97745709864117
95.41391874987468 70.38160237118738
43.34338581886426 47.650027125396335
49.69997483986359 94.2361940478687
5.919126501946259 80.341384705882
42.22983736169723 62.06935788139365
84.60374724766902 61.42499394881421
43.70834425863024 7.570251261664085
25.49767116505238 9.396905734977778
63.02184392906971 92.66857260499165
50.587780117774805 34.53685195411595
0.9914411700431502 7.223555880567156
5.997106028260202 44.09881637788562
26.871771388546506 31.42534591946954
63.86377345621129 33.34942658107821
58.564228223107925 86.69799658877601
32.78395091445119 66.77309915985546
84.54426525333035 64.52452673129811
43.92457818212415 91.28338561643321
68.14771458795362 58.63963704796702
23.02771857714071 96.09623117009907
61.66085162913304 43.58251682471741
46.822747919822426 24.621806853343962
41.05220010490447 49.9194393381217
15.977785223438667 49.960522049127064
90.73722854126918 92.2109884787545
33.16870244461764 66.84995897246384
41.79227188767381 43.052752274372295
85.94230669525568 12.610504124131495
54.2168357551461 25.868164263612258
60.06393103352662 99.34356526925903
90.46066633918387 85.43651670869663
19.657181347624096 60.677319982412236
18.60532577036671 19.28046654173231
96.0131266056918 18.497859158015316
43.412010607444905 50.41498621561675
95.04718878742881 98.27333201577105
6.988058764907823 24.989469468945835
81.59007215073805 59.421742895605604
23.221071726203647 19.198330987855037
64.73519706473364 20.243676805414633
97.9555960167576 27.09729571636953
74.47677796102946 51.2764546448493
31.773112886657618 61.813869688930836
7.173102559319256 55.24691401164319
78.6497223053083 62.954373701196
39.96952778385453 20.998785778836538
86.77020670131826 28.782026064647592
28.59231211390274 25.867264850299378
4.132562774870441 37.11716944058081
