248
13.13940628353606 33.547946780206885
26.440462849179657 22.130208050354284
19.708497524803413 35.84695447501753
42.18351303905854 93.94185249698054
26.58952026420156 17.122093228889955
55.03438723343373 46.25658096204985
97.67624683170327 70.55630088886848
45.39504600900091 29.383743023604314
33.349875317958514 99.1125498885954
21.31653272528422 17.10372199276189
87.06783744158513 32.6581425153023
4.357954414000298 95.65942829162456
52.73542602529895 17.88350974475491
65.76283814964995 55.23382718788121
70.93583394652245 94.98625759344273
19.52976704023788 86.48558282509607
73.5481109073272 33.77244652695458
89.83485691749785 60.15771758644862
98.62767663185761 94.20478440419377
25.796638295936802 61.78691636355617
79.64392449919958 23.180206927529166
23.217120937758896 84.99283512268859
86.82470728822882 69.11480593933706
79.34119221382272 77.22134873517254
18.718233961118756 40.70428931206146
75.98733075278456 1.7812480088763794
30.125678650467126 5.699244242256651
97.83966277523226 64.4025440783535
17.144675530552846 33.51042609932824
51.911163971564974 32.136963437813804
48.26296162116881 12.60240556659622
5.279198442287569 98.94828511886423
89.38587494712496 49.2411963976774
22.19927550248899 33.60554324750884
0.7445787040497587 25.841841153986444
39.3589834033807 49.039770037261476
74.99825021019318 49.84370582016646
20.139179902646454 63.69658469021277
93.23073866868883 63.984253601973975
15.730404849562696 61.41481863765515
41.285441355595545 25.24563280255404
67.188322411537 70.38640253425739
44.556033976151674 53.67680836727704
48.99675895483284 64.43926061933566
29.80521635369603 16.989122423387748
89.66875270382137 8.043944577384565
75.14217206618584 79.60470780077232
73.72997891874175 40.24952386724836
22.88616024709531 76.27374385654718
6.8700168789338605 33.39487346699174
24.574629581662965 46.16767134149139
92.82206757878643 69.12292479901187
95.36472315037051 24.30811233779234
74.2533588186736 56.691160975319264
14.655703602509861 43.131358676072495
86.05365722614555 68.64266310272357
17.49403367365342 6.738123182557487
28.904243970098833 13.177527774786135
13.651888637557096 36.57886161706105
93.06806135361172 5.603401939216479
56.990457046582975 88.34543802676772
58.354064550237474 76.21090052415309
54.01836009013395 3.1552922055694044
2.5952508452163126 33.88755431403988
8.506169531015528 86.66562869171806
56.27388818420324 3.0833186142323887
43.07442560681521 27.6563382196497
54.97719653487428 48.78173000408748
88.40403792339397 35.281843675224444
59.07524336457578 26.9493936311068
15.921521129680482 60.79784047167487
79.1766333960342 42.71558142044519
68.09066700963113 4.556373393812308
46.47809883793581 30.226660420219385
92.43885716225707 17.31463321700436
85.99108451776554 68.20846458682938
14.284977112410013 51.413328721663554
25.22806247389949 37.14131706845556
71.61912856501328 56.066152432376036
60.03394627746812 87.63062806459047
61.65378415357423 94.05417627823603
30.01029850264153 76.5465319165848
34.335342840435914 57.787489124714874
29.87869527369774 23.154277677123968
34.88515415552879 41.158599206095445
46.80403491420325 49.389854758397824
21.18407496141147 46.07755006753893
69.1545475066053 15.453879501648649
17.16135397123757 52.41393475177569
74.90272024879852 17.288514609699725
49.293558686835205 18.117593658990916
9.268186155868563 54.2647286766477
7.775740496485339 14.4029496656358
45.47199433892335 36.52326895088649
88.33593746483758 54.36105387265737
87.46459669547522 88.83247436810692
93.60039409069522 63.27476233345906
82.49106844423349 59.20945698835575
55.934805522438836 42.3368568945831
70.47203484731467 9.309485712571918
9.54098942173902 16.677920195195263
32.230079364678524 53.82455285077654
97.01005539527789 67.61539622835565
46.23760017212878 88.06816035509105
75.05551428740786 87.02166982792573
21.554044588631392 93.42341387430952
51.137375023436896 12.443094939106103
92.87883991638105 88.26108710985321
40.800114945706746 87.7665018104779
38.3588043937438 53.2532497174868
44.77013428332669 31.72383301263533
1.8133173198771502 83.81225617357411
88.31111530837367 67.18414973284918
91.33653583785986 40.294939329276204
47.20334750118271 59.66118174350744
70.93259971302636 74.54948138373004
82.11269775045508 95.18340977505211
15.603684253772432 17.145102020235303
54.30348920036958 18.96700955924484
7.873339541835933 58.9243277708972
94.50413814624112 82.46173890460807
94.04663603567441 58.81118016009085
7.253188612113826 54.129437523007084
21.455722235704087 84.65025724407252
2.669814105042334 17.319705998776026
26.6645814968422 1.1478997938112356
62.301241612296124 22.493141745874425
89.81691407530774 32.08501168628697
11.743414427448851 14.31468613809994
21.31162435717281 81.09154000961661
71.2426829086538 20.528910063829244
71.38958579860056 31.092887345045085
29.679680953818888 8.54897990063047
78.19331002554148 81.35421090553555
96.20910322412148 15.331942635214869
17.92209684542774 85.80525980242317
93.96804975414202 76.35474324157563
23.989117215258638 28.58703098691018
7.032554206843356 70.26699524791063
40.97476349443523 92.83711889577735
21.688398414724098 47.53701831690724
88.09586069730247 73.48989274327923
23.526038508975656 42.92142519542151
80.7829964886313 62.863126313607665
55.64403396699231 70.3601117398918
52.35622344649512 65.86854562932572
39.103076096241274 39.45355034043864
48.82287914922131 32.690982948086635
24.94191717698804 50.68707828716752
92.14420938925291 26.749526323978934
13.057757515304969 35.52382096296598
99.23957202442807 92.40785780038422
86.45884782171574 89.77165586431862
89.26187190331729 33.23008258582081
43.86015866715385 17.09480381415105
33.61427968052381 93.95457899622495
34.29861847870362 62.00518147376967
15.313761695158867 19.503496498613202
6.608146792940161 16.156971091817653
96.33095167664332 80.55467300287411
51.414059745948 27.034403501881442
5.685996362062184 25.523201598562327
88.7944885865195 37.684990092679584
41.85553246945617 57.43559103171395
12.553828913366882 38.055055350325695
47.72057164719592 58.20608170046706
40.18698593071118 16.57075490854738
37.53825994905976 52.83302575965856
20.697162046824534 94.08333780055675
0.2188006962192457 83.66589763285883
89.04498495431822 12.189524921735117
57.912148857133275 5.678276805675509
53.0991656517633 76.39478605183784
15.100664449597211 66.23401913932683
0.21238910550249734 94.94126497534171
61.927111807902854 94.4523321857343
25.672665587051135 48.07663769229432
66.87612782344775 91.47960038646514
82.3714059827583 22.514082326707108
42.491772532686625 22.137106822776033
84.47388514585566 84.48603966108091
81.52561999735343 80.91564776066295
18.649650818809317 59.398875077204025
81.13150727509257 12.951996349433548
82.52658431634939 88.78328271479378
45.906214876745906 97.81824199022216
90.4180984349097 45.19529112143081
11.279402470841616 88.56978395068357
12.7226651148988 40.48046547967063
15.729145759020458 88.13558240308981
34.71945889532583 35.27641693817423
70.47950568159904 91.75869596097857
1.755441646595235 53.93674719696712
60.26538237316191 79.69669238493678
57.18452212992858 44.03218260998752
13.34988281856585 18.62779963761547
75.48900627769864 68.08381251761475
12.987979650862492 1.750378510572781
23.031900352787428 16.311533913291466
50.979667042309494 48.95616367021696
54.27230420752475 4.626064369879135
95.57487344295427 36.71240126585954
66.6877910293923 18.69493806241995
69.7259656917536 2.473919024702831
15.544827281566654 27.536909763561013
53.90078436121374 96.86522990759072
6.6841387608804315 10.053303271595171
89.80842535039264 97.57439674712539
15.509786332248742 81.05043992285057
98.43746255931457 44.96108995567559
25.81963156750594 3.940588909698739
58.47001559561418 79.91220285911199
93.85907462319082 1.2793777222572134
30.010620664566645 47.94328607518432
90.24457936111854 67.1711130054635
65.5897238370939 39.29415123023106
84.56267174260003 24.743184117299478
73.94558888541806 80.3325505875259
96.28829458010996 64.95714867761157
97.44238711387932 59.00009174630135
1.0424696267332112 30.313203236960607
44.48315229771501 80.40375733248308
73.4365832514233 70.1804298728365
51.572393339684965 78.25012855050551
12.68585129091674 32.258810898804605
77.60110523930169 81.22517303812451
47.26959377678585 97.2589428060041
32.12922885166717 63.28123269544336
19.414045305499993 10.61048757044486
37.21404507578967 73.29975991740744
32.00709461653693 6.454286710921398
33.835421099253324 1.7371580614095161
88.39133236239165 75.52298722449294
66.07709874137561 10.296715810877654
94.33512261885093 5.796658686622102
63.28995483523148 16.55241574653242
95.76967320984612 83.04684523226686
51.376139450308735 44.36155128374898
42.557329479227676 29.156317707582126
22.023045050761645 86.42059668854765
89.15070400012924 78.06809403278287
94.37683271379781 78.28075357433822
75.97935974935042 28.196384194228287
83.80955692339815 61.696958905281626
41.7961685835866 62.81572733949099
30.162116045592 48.374095756404664
78.94660985674237 57.57172516492249
76.25110605816062 73.13308421765143
