234
17.852192911583607 28.728352455730832
56.30733650980309 30.0662153678374
38.137081161226014 10.502098755331035
52.11225921371388 59.75060894019645
11.24841512476783 80.18536347757404
25.4443545819518 5.776320209210384
31.275721295064585 93.87399431185023
41.14873274411291 20.511692116524927
85.50944589005378 26.849650455615738
40.51634847168276 24.9686930085133
96.04799671436041 91.30255191115062
91.33737383352945 29.295822941933615
47.3986887677585 45.8694831973508
61.17995063099029 60.30772962860135
81.87962610564315 78.78712613230734
21.88149456956191 34.469706966089205
1.366071683962966 25.27697502798928
17.58282094586956 57.6206023411397
26.417152369808537 91.41461698134817
61.23522782522185 37.41107926862005
38.64635387742875 75.23291545199932
13.909543982977024 68.92971007430233
3.469042974739245 24.142428989956798
98.61853640449694 22.33874099153357
64.1411449498103 57.35025734238559
7.795180006875579 60.50903182817557
93.10288522411027 76.29429953330985
37.64199411264199 81.3670636602023
85.33723940464978 98.757951895321
1.0470756033850392 81.40766447249084
86.45300051168881 55.43651060636597
94.35196429445327 27.628150177457766
69.72918847911723 64.55983994829757
45.89122725436897 96.10874680109511
65.97649000236642 52.00589810860825
89.14066471531962 12.535176436869666
57.55770945531654 41.419278694638464
37.44343793487454 40.63249086742907
57.20355474688815 99.62339125488751
9.603909861758787 22.942314111927274
32.65344652191838 1.9154299106891481
67.367888282145 93.76644543973302
69.06471135515413 83.55844132276373
95.64270633759605 68.65827034995962
2.187802603749034 26.295067705231958
13.527234627662688 72.37055183641188
9.619317588579912 56.33311160758362
63.15514230855196 41.314275314029025
13.961690514993197 5.7900267595917265
60.217555697706956 74.48108292927503
95.82672001338986 8.342492157915105
73.65165222473873 55.21205428630627
48.48487803637386 69.08273614432622
82.703796239282 16.179823493910707
33.95416132340652 36.93672009409732
93.0244220482746 56.56922909481891
56.52287382595045 83.4356673642538
20.705537761403093 40.84031212944517
4.631335633481548 68.92697520955522
44.95904925970158 94.44076555872255
31.725306736776247 26.429608264916638
78.38541451258635 70.21120286407955
67.290754982947 1.9657746145001043
86.41403163915258 38.149944873468236
72.79534514652968 24.21418186889023
38.575766536458076 8.11484311504449
88.65157437017919 97.63804150985294
52.62870320115799 52.54012533677959
73.8734571338539 60.42949307212743
51.680247231528284 45.15557730125116
55.697672935770115 56.5117955123139
17.35508145348612 50.80535393012682
29.591963224987015 30.186279151162598
61.417551352416844 61.52066495672778
95.11861766940875 34.568708901079646
54.42593222886705 79.63946743255367
48.37914020365385 98.2846090021949
91.58354982138891 67.90726078041625
70.61010589429542 81.25103017935166
76.14096694332498 56.13538699607671
31.810363667818876 50.463601376101174
70.39316252217236 49.73299332075318
30.87972196648584 99.77505442164346
60.74946874428344 85.2999489326646
13.71885248097131 32.75038106469287
20.02126867777173 79.25220486141184
78.55732355890451 81.08932231485042
27.18285780562184 22.110464346154057
29.866437816300063 33.41081140122495
62.22782631099446 23.039052964188368
31.842520376614626 43.693179751446785
78.6167179691217 70.61233383129145
97.01310067260657 34.76249083814342
91.4899385734319 18.264189630911243
5.446164409350585 24.996159386689676
31.95577158255347 68.11775478684453
47.758851226547016 66.61886492462766
19.585957338419846 77.11392696574639
89.73371655656638 16.447330801142158
37.71151152135308 31.379462228634537
73.94110205548601 31.33828025842177
41.912246318298955 55.134460491972625
81.87972930620674 44.38962490038866
48.85345771478904 67.80442722736815
19.41765997348791 31.340311580369807
55.16216286287984 37.47645279099932
46.039262354362144 28.915139586542693
97.314616291138 86.38080052671073
41.15353328007326 55.55455798861709
52.49550544764683 53.796679235785206
10.764092740956087 86.62569928196162
54.528655707842965 67.93588015315424
44.73486812325422 86.00025768980937
22.083058586774186 64.0731288886814
57.5930208987686 6.283866538325067
26.619789934950155 74.39724429106293
76.21582079961699 56.82390888295159
51.18265882040889 86.85028843479938
57.39711221567294 0.06712487950382151
58.51624642736506 58.008961236010734
46.345214858282304 88.62653907319563
54.12545198511395 17.227511543047246
53.29334498789849 62.73657570399196
44.91269330268807 44.55669371068275
32.8161567008043 58.69933194306278
2.542828661423868 44.80971363471705
98.4122168634964 40.10888984079124
49.466038949362925 76.54190181370438
64.78777521592903 26.330418919299035
28.834268286299224 31.246497334037883
45.08061099016364 28.40829219861919
71.11875616562506 72.122211204089
48.49743019693877 44.65401744509813
25.316995383874197 65.62578992405082
47.53549849998273 43.08198815200406
72.19407979757862 32.95837736430305
45.139173037520116 50.31385803685878
32.577119296305156 56.80915498555239
23.05047674128908 76.68611810753791
13.082932960974558 52.82190334598279
89.28133172524568 57.565263069739515
65.45126016879233 7.667130628117791
51.54472761798032 15.386711097777983
73.81973212267835 30.30786552067315
70.52449011677439 79.76559564175248
92.94431750113637 52.21411394118769
56.56482177733129 69.88885695321302
99.14699127727232 70.99052172146291
23.371694189246117 71.68817659675962
2.0714705414817236 67.52707885431907
67.94800126056938 54.50308305562609
72.27696444300817 68.03230412971261
55.98263265117858 33.59467334602784
96.88472290751021 80.74098753732773
34.11874279823388 19.685632575328682
35.531027402304936 29.868192990659793
1.462422923113904 52.6044708938058
19.895681584536717 0.43674829698481243
69.27286533079796 8.061015219481193
95.57199145117325 15.41429344647437
82.49708033142363 42.49143201577438
81.25756939962486 38.79207848471873
93.73057965402937 37.99160042194215
72.24787012691073 1.4807012191419222
18.60543811213169 13.12088936281538
81.06509843798378 32.93499671489874
50.54979699455037 42.84564658163491
75.97291861901408 36.216572058018755
67.01651299323879 39.95043934032042
11.233315101680642 46.013167005067615
35.822301785642885 55.91447600912354
19.822798957552234 74.61732608824352
80.30187540250338 73.41493090843024
37.26134626673423 37.614195326553826
39.659950054955864 43.17460923575679
15.485796695192855 81.07702974960239
46.56288261686129 35.01663650293071
13.810005619238087 21.570989948043163
75.2967340990173 27.130300632000292
95.96285618053116 9.469123369530797
18.821762780622684 43.958138021538105
40.39413911127222 49.3269369105059
24.602735005283783 95.61902542331063
28.96788410184097 52.65782290151041
58.328185893187914 89.07753675054393
39.21951943552684 44.70117532759457
21.876133944727137 9.69777263075484
55.75793885394712 72.63486491930949
23.264307533987715 68.80741724675384
79.98245444059597 6.677593381638114
35.61958053348763 31.599597881043618
96.51083334066277 11.149996583865896
45.25453536971802 99.0671769641693
59.56387422515738 5.29942061155757
40.306188453937885 23.22566762427768
34.98284865515772 84.38944513365614
51.263227034199886 99.17835740752699
86.16370442087108 63.90295339396652
42.58457861698548 17.392391683898634
44.82317978133018 80.93815107297604
88.22794602814417 33.69782915509625
26.442400115161036 15.930196886765158
20.792736407069114 56.33225366875501
63.46822377521361 60.69480761567504
60.460342817159564 19.951040154349165
56.65405295961536 95.72951352505747
72.61414159536162 46.169218185286134
14.381008487281843 51.268667689666025
70.48069971190024 97.81891699804815
31.67981252972789 78.39348585306234
64.62791370421563 57.082452801711746
33.56845019356093 30.98822321616176
24.1648054781056 60.92798946229768
47.9343187818363 62.84148221158055
45.96294308919987 84.37154266877648
11.652615985544191 36.50543871321922
56.7974404902574 21.467322464992435
31.342662494334228 67.23553120127518
71.66733690697292 53.41949659924792
19.746877872441416 49.53237616324484
79.01438814904934 68.66774192026763
92.65451136830643 55.34724983286462
82.57837937458412 0.2770912393571301
27.09970032645247 12.227033342064352
4.685881086750154 74.9906488098312
36.405869665048826 29.229123892735377
54.17850338656866 33.06647453752347
6.857806806563726 37.70310019425273
77.54276418429895 69.87640023869362
79.10906945230067 51.28534392006604
65.98602968948283 99.91911471877478
49.33886314732684 48.32888831582651
73.39434841521712 80.00391090397328
96.28844730191595 82.97361285733432
