202
7.646685881529647 72.34905867297424
87.49456291553282 90.61888534312942
93.7120521317822 71.88069496753711
75.51920686767173 33.974810511533946
81.32838594948456 46.26121718374403
28.511588563341217 42.30369021812271
92.95576149334765 29.635758254184452
28.055189716999585 68.50004111079315
17.188313409623746 94.41006945804763
82.02589561578014 1.582598718324757
89.89819659521137 73.680473262505
15.354348810845197 84.05335261881778
61.55505176810446 92.43975855005777
86.24246518320635 44.38322154731706
44.626162677685954 46.48347842762834
26.48941250271182 82.30813987016431
16.245255523709222 77.49711833587074
6.76784742349501 62.12514228559031
99.65335019040876 86.24761475048157
47.14445846426037 81.46803495724396
9.747716161434262 91.34401430069953
25.23709751553672 66.50561092937917
78.09782658988412 94.50576903375062
37.410707227735415 74.70684481901863
83.95218289637616 19.53653132358041
25.545980678512958 75.70160602374546
87.01544472846045 5.5172813064665815
78.86265122226946 24.5098568627107
8.805240063003994 60.743894702303095
20.375628863119633 26.850990027263467
60.57005577704081 75.10707901495742
25.915969201454203 7.166684468640893
3.743827823727286 69.60560819746236
87.35284266749855 68.52654407331833
72.3151419872187 89.0038288300299
81.90679250224213 73.10245714869828
29.13007462297199 67.6151259995242
4.410432832028654 70.35918247824978
59.27234747754694 60.488684159938636
75.89920178928995 58.20403731693943
82.47430408587277 94.96829190581433
92.71080286729004 42.25689820660759
78.62787139197526 24.330364862970278
65.88158829541378 97.85243372012292
70.45397177939054 80.88046626162233
18.85953570913035 8.913188571734965
2.707735968371694 18.735176300381173
90.74653997196742 85.55476091074519
70.38943636248905 87.63917151487502
49.27710422678295 43.5254972591111
0.03866447071774193 35.91240488585653
55.354608867298616 21.96989480437842
94.09895307210793 48.381872667852974
78.96419231599093 96.12743972507448
19.101387430747874 77.54316835797061
25.841524942474347 19.132010096963846
49.45195981883435 63.120639450364436
2.9482769029620437 84.89433712109847
80.28371853012844 57.212365911147856
15.381427915764444 72.07607484143952
7.504226627267752 64.90514288377291
99.42343979549096 80.79123062213003
14.666964899580936 53.43771571815895
27.816572951660255 1.5537466270228228
32.49169596476017 51.99677150515571
31.691581659622038 13.926802042571717
66.5264601214962 45.18893404141745
29.77261332993605 43.69233356200777
47.87156403603999 0.04812435369234702
1.8977630909715493 1.32258253806119
52.024644749241325 8.84512701332445
56.23799522038597 3.0601650332310104
55.773465566094615 7.528385758451139
14.435934557420405 98.81438287518026
78.87164223021884 53.41103831566782
24.704582363928452 45.92053430695192
62.79848365189902 96.14019947104279
12.608161189181367 11.052946980912115
80.65622192625446 36.885079502344055
91.14881241524765 91.01477940825012
1.1340799110614364 17.962225766686757
92.57652112593783 67.70190459635378
36.24354245967177 15.590573299010323
12.3954527196525 5.377291143705754
41.063905395271284 68.10210411726622
37.591523818803765 99.83633666640787
15.862156916176296 67.90283343820174
81.95855694627761 94.01938619325918
78.85660289233007 66.79325431842526
4.755874423153261 94.47549215665605
62.42815664890704 81.22466498205578
11.958151473817846 25.451572459836836
96.30832586657449 35.87177274148018
53.15847001953065 77.83513501100204
28.714108624900547 28.551894307368475
9.95046922731946 57.66401561910121
65.18946550472985 21.265623410411337
20.64296197339933 37.146110918990324
81.8397285408855 28.234005561305008
79.40014746634128 44.20991272877066
11.61382573239267 36.53336587816637
39.09281957090146 11.994125401549283
26.384940144885437 88.06194626476508
80.42421423185891 68.449084262225
48.54422193346627 75.75804791510599
89.59471429050691 4.544383180886524
68.28242541455451 40.62609409748374
21.448391907673336 16.151621771989
16.31184157704397 52.10529298520409
70.2636083161652 72.33879015123347
12.16858168994298 72.42537048038025
32.07802693160984 33.91633235359751
81.64052241933689 81.41746709687095
80.21300817318 49.593328123210554
76.92037254882695 0.6941375993495646
16.65247510014215 65.36757301617844
59.899387862953745 73.057424347427
11.819277795888505 46.599726512810314
14.507570531189284 50.217086563472115
12.151352376586654 20.98772846740441
85.7686213352266 3.5818266045944958
64.95170826152025 34.169553675685805
37.33582550847396 49.43335054745101
49.1337226371633 49.11300608472483
44.03245535809071 61.21507945449226
11.441677158268993 26.84003261478494
23.252480760681614 59.06656472426629
9.197023528945481 10.747606537619736
23.076042247676032 9.889347044868313
92.88883002306012 35.454761259960165
54.40458625524195 42.5903035893864
36.81599467651767 14.608661929967992
49.35056913376181 48.0846151431796
35.62238110143272 67.78079795080453
61.82538017017417 99.87186790106858
64.22818298805917 97.42479841769659
15.281475588966153 87.96226994561273
49.72193488182577 0.3381100591297037
2.1588242725197992 20.342187171521033
92.49276101629434 29.493508964300254
56.27688480644581 6.555410889527236
16.728033877368432 11.937955276373401
98.83674985062878 58.47933519754359
48.85798146952083 20.407313536616922
9.48215802317982 21.979028037826808
38.87234402237107 78.32692468004993
20.135983086315434 95.58674934361606
44.33292234766788 76.88214393270121
3.1924974838060782 26.460754371092655
84.83897247613717 78.79714286866327
8.971191098040043 65.91155930252633
61.203034442944585 11.188774135908265
18.589564923970958 84.87746839326431
46.86944520563332 92.51787261399038
74.9917229470019 97.21672665087485
22.043611371773597 60.95614792353299
2.3230464181718258 82.02111165107684
97.78469758517664 23.8569982962225
33.01920846963584 61.84102415176606
83.66603109479566 1.2210869131151325
87.81317719728723 50.409583395372294
51.520451073449244 61.436292267343326
9.126880369861611 74.86822282709763
51.894518494369144 93.48250501434931
42.86402017021241 12.480816267778716
41.091335700132056 28.760290962607392
43.09631717020614 51.3091350935583
19.026481195687005 40.26902489296077
30.633556565349163 50.054548512791506
78.06016234752173 91.90056443867482
66.90473168945068 23.226140318067777
4.602775997542863 94.99808409775825
42.77900404076295 60.548062702572125
31.829277617272535 59.0879807464184
69.0640866881008 23.202983791641863
88.16197048054323 93.88690739049164
82.77001290696407 9.749049262664688
46.91834276703346 65.64442810930694
29.781612047549366 7.9365077552751355
81.4898422961496 21.307502687671974
54.681400524227456 65.48614831305237
71.22069822962052 97.39148589878015
82.48910522220575 23.025061914454724
19.72234202557179 28.502440692995968
40.35031967573709 16.46003315059349
42.76889343291085 11.810141509810812
40.06493355483881 45.085606746833875
25.982210077669897 31.770961114815034
95.22312316320306 53.53455113296815
43.323556690176865 93.59563334817138
77.95118952731447 3.1179044464086814
60.25316065941211 40.681173779234115
55.2667145122958 38.8021315969503
97.66647531371487 41.99835393416868
62.75629291824293 62.49294103357772
58.916579174242266 38.71859682328649
45.60836168747755 95.0389062786816
14.046849308984521 98.20314879313513
39.34204592190797 67.30010258722449
91.71066596948513 88.23292009868648
66.74299158563261 5.318598342392855
69.50374699734832 18.861294478457637
