209
95.11095495686202 71.07359631660643
35.49108064863623 71.5067367633288
76.85282868933241 47.525046779682526
53.394538896520785 62.04651576690933
10.587199372846323 78.77373647273188
0.592169291723954 33.38204654905393
62.960999887484995 94.33118719786042
97.97000941569222 80.13801964361063
73.44908359480814 30.115808764617714
91.76212624468596 91.90588488218434
33.59536648199127 9.974765728012603
36.38139905689693 81.69520576828062
44.07697760900496 14.65764535019084
30.246861457394946 3.914033127844574
53.47767180478444 56.45837327607869
84.15528140947568 23.521114099780625
32.233940630231885 77.58241273485937
1.9667047331416554 63.021907949044355
96.40442724246293 53.71729680716902
37.76438430838436 22.677771992115268
71.93682737793094 79.62813429701467
72.44886011573904 90.92562951232858
75.7028049876419 41.476558254611525
29.614536034490012 67.0269946130096
10.676429881134053 18.89128652781027
46.90571415029774 13.390098807462191
90.41191908598441 72.45338679325964
72.88136049537913 75.95333811572029
58.05428194173457 57.96307827884274
51.30981057173689 80.8850443577933
63.7204308605603 69.32990562090497
1.8634279099197015 4.131195378026231
24.673818206334207 98.57887196495237
40.286303007223246 58.24694320809844
63.710056857635436 89.11984422755823
66.69638941466731 58.488145063583175
13.823294355091143 54.137799810918764
20.559836440228153 19.852225700357128
24.79453280195878 95.02772185652347
67.06803701683071 32.42612602294835
59.7974961086765 23.050669140098435
1.322589213311609 94.29518646227505
29.04523767737519 69.26288272249545
32.48085850621158 89.5015130793501
29.03116120218424 48.38916322443405
32.38849876454275 3.2745266436188802
70.33012104578343 91.56165464306255
75.05298591532015 31.640831141310755
36.35463799932197 92.49637179351554
78.25624504039409 41.55978672755292
73.47930796041501 90.80820363641894
28.397197708781608 84.53073597050718
55.77286759620302 28.8325805483
34.1106173251647 27.983221931884493
67.10539396763374 97.96164779125796
16.329795592830955 11.77644342952301
91.94081713178342 65.43280421540082
3.918301115271383 78.08370576116859
71.30630871635394 95.26954473876982
18.15682802643589 42.50614867780015
35.46736158600884 83.62447771461532
75.22707238269255 55.697253754118904
19.271516382390473 76.40491590897275
70.82278894093675 27.76964748126418
1.7662856385471715 61.39714125595691
88.6097963788586 48.83595133634336
83.45535777866257 39.60396147558204
34.78021772819443 86.54629730526344
63.44885409304677 21.94624106660603
36.822410233521765 75.02578598575221
53.3377048479945 13.250872912701006
50.573011474243735 64.21594741778908
8.80716326107629 4.966404633626354
81.73488460969489 4.108716903720699
23.36898272407083 77.73024164735645
28.52975073109869 13.342395768422888
1.5285938931004606 71.66376040233531
72.64724448710224 34.44041615010596
22.348798932982326 37.086360850926994
0.7203657609431535 69.23001673684291
75.2555359512068 82.58287281002094
62.314607572939494 68.93183894300627
85.68153650847778 33.30269121505084
77.30995159099304 54.60874410885307
77.94614748254726 43.694095027751736
92.5104575130355 52.62595669550031
48.51040257291388 37.821587067411556
5.733508394989695 81.67219456058388
70.00223656066002 5.770356088042606
17.38430992156913 11.909340548532366
52.74985907134971 49.97542496249638
6.571695808444689 40.40757539228622
24.832698245984663 2.8592923861162522
84.32416554873328 73.24819799874625
30.96153205586223 5.236148961378051
75.18209046711056 65.13565818396037
3.6811110857928764 31.348159987183976
23.983359059972496 65.33136572590703
57.68362160155388 4.138455874794877
36.402372809309746 47.55445012166833
80.74519925495858 32.75819895359173
92.31302110428385 0.6392695351761346
23.39136185889108 1.9816558248686889
0.3914463700974369 5.181986251622828
5.416983120280072 78.62015569097022
85.03730223349936 37.610267903991044
94.88227472004138 11.251415433216138
94.68236631085837 13.264598136444516
52.55682228750581 53.932757341514794
82.44463260667706 53.37396873333795
26.634210412011328 35.43482657890651
17.33089301722742 69.56286022120807
3.1660859874908964 81.36772110469538
27.66269984135593 19.21429263298914
41.095590898265314 82.99965507720312
4.080323283097364 44.51000528870216
49.41818973139427 93.24915067940795
10.015827191301685 27.38067104129691
83.3782612368668 81.38779621952517
82.93205610203971 34.24836247880872
20.27611238986733 81.89269400568317
47.656272274854416 17.79749608491872
81.07469294007964 54.563876400418174
78.71461060048503 1.723238631208568
95.61837314726091 28.523485929398827
54.632835692507406 69.07584773246145
40.290532963641546 86.0265539922554
44.67215871747345 81.10850292111363
53.65430239821974 86.81054084444075
86.08586477378594 12.62283018349165
70.34956885494888 14.7401199194781
26.441010054460424 39.84944911253391
19.07171218205763 91.59727947045363
82.28857460896157 91.6656422708461
37.205166079225535 14.821226293709056
74.15281192401328 18.562854203392266
54.50628813391194 68.80814720983373
34.23230627223259 93.92598500050384
52.5683321032018 98.27395797965443
22.37243531413008 85.90225961101513
78.61924783366352 50.346340527219745
42.577424271861794 67.85923711505288
54.989638011021654 72.02136434367674
43.5344340036947 20.65544599189726
23.848111360349666 65.2626649618282
69.79128835668917 63.2509960477989
63.56543302716441 48.337651185810635
83.3611354587092 6.509109386407208
95.80920523756366 78.73474888204655
99.83487729188795 55.51918326817798
42.431119540594764 2.990307828151484
75.02259972398456 93.01372499428352
90.7579199128633 2.4733391921874737
82.02835677614347 78.46864889316669
20.565363571097794 26.916289059579846
64.83068207654449 2.349546135569802
10.708111248272644 40.22618128918628
88.65984326013255 14.279498296886084
15.666778711732722 44.73527809990466
31.069785015312824 68.16789890121771
11.269923402132287 28.33529018808365
76.65886883317438 64.09139272594551
80.76837941492423 99.17656031030026
56.31002085684147 34.52607900854991
0.6957611727421709 55.24482451162108
55.914071582470015 5.898164525392502
78.44294939237604 89.98698376221108
55.91431316742151 28.252077004043397
51.25813794421874 0.4721395448166521
53.395025045278366 54.426034155282345
22.254447694450374 73.89058773106068
21.09187767886467 14.873739789618822
78.85667277797106 25.01325251352443
8.659643580559385 75.16883785200761
72.26070991782774 93.21544578750127
27.990693404976152 90.89839484964916
31.937927709528037 29.82887831302924
54.05050715505815 59.116163727832735
4.589873225011276 60.23769957139277
50.70648647114303 70.75702723753587
4.366328982798306 60.4679389929474
70.91121285482167 35.55261926421037
34.60736246847277 16.53918273722659
44.92616733822885 95.37470655128355
89.48856809894717 81.67483518622687
66.52471308565111 38.384469974482094
2.285997063844425 64.02010087305156
60.75945656249634 64.52283349406758
61.537188552090036 48.95651025108533
95.61859488118894 95.45248722486453
88.36683831155256 23.99654831855941
96.47358624437187 17.943147621509414
1.5067791811901987 38.17342498605818
24.070992247403588 85.93927993269527
92.3722899518093 62.531687978089515
51.9322157054496 81.88366912653257
6.3742322249612515 74.85804456546164
94.26597829547079 11.89015431929109
39.115370650783035 76.44866608961703
31.923968086292977 57.8507785107533
4.791573175011942 93.65016507949862
60.95687310767385 34.26081386792298
19.73185399459495 76.87916479685344
36.761173807821955 84.18739453329218
45.04266826487856 1.8127725692334895
2.1661507959654602 72.49251852149638
19.38782477335621 54.00954014652244
68.78735761146488 46.83316726325225
59.513145743638 22.278177829326506
