237
81.73969791015926 21.83342925964712
31.835002116029067 38.802635048892675
80.39338409469705 7.869234932093095
81.66742780528855 20.17353306678761
4.7703765195646675 13.838200419197877
80.76585763220633 95.7085817863524
62.47077764745682 6.3867118191892835
12.396384272768369 73.15766476207894
30.59040342011533 84.0965322983155
3.347126033325898 30.866303646950133
57.450507944491456 45.7260754147789
63.53231850987409 12.613858788950383
78.42767918864537 54.773789216037116
13.83307083141634 15.750789084558248
8.649935963854505 38.45880300436567
21.702131641460596 35.48639643471283
48.88902253404282 93.44477893231662
26.071235969491767 23.035045697581513
35.37038942471936 51.86112690573107
20.232029507161975 7.093254655083115
39.45475014438296 3.8369636700209875
37.79668173920301 55.727893592947034
15.878032261397369 74.55990032108087
5.695731973259555 75.42356189515714
24.113375657637626 65.02979132583371
12.375988734579135 73.9249697621628
70.56635465860262 72.24909608158634
25.816415878887376 45.11989554958399
2.6016777156973037 40.50415390737167
34.976026332520426 72.53262535498031
75.09069555030867 69.9176390433922
58.51372514173192 86.60018296130606
41.467717715275455 22.537150391254677
59.5249091908291 14.615537106690269
79.79830257951083 98.52899507670068
75.17550002019884 85.97345520812223
32.19511774946624 73.79651093534329
84.92037655969963 69.49340600335509
20.166723382705065 81.84107981632779
4.8343832298828 34.26063099971343
23.899570230737577 76.5657861059569
66.48877050869973 17.987856144659
88.11893718662004 90.50889778453543
7.715701326620428 85.66957321170523
72.6631880533334 86.34746559729423
7.089672733756192 85.03901093621703
71.05572618150356 54.71230281821266
18.23749452421115 9.415316936680284
4.4393413936887445 49.789289476343704
37.631341714782515 20.94973309585494
26.402653156161893 57.46387194257986
24.830613978816828 36.068906548662675
69.88828304425424 48.286400493658434
65.51096666833062 99.84906264672684
53.018457080359525 7.49572031523903
12.11261294541599 54.71816560627039
14.761549047184664 89.63470183130383
77.4706011116814 54.97353251978642
70.79487235165958 65.56565318523519
48.787813966496415 73.1386941721527
65.12533406468289 51.08783880796884
50.33581136912625 95.57429141024583
17.01509797539623 81.95426931899699
57.46019860096453 85.69226555431459
12.092109192697109 12.778911474324007
72.84310956901581 8.404980903209324
30.44490197417572 81.42894778246678
17.667202335228517 12.539500258558922
68.0185534149639 13.646965760659135
2.674971376659785 66.87557514233819
33.74914545614076 8.603210685857022
41.325452013282195 32.47813672273105
46.34993487102752 58.48304427562315
56.126902234847165 83.74986993038326
86.44689073139526 22.7869876352381
67.75481872635024 57.553357818461784
93.9195448592491 30.802074901632636
98.76076319415232 27.608499215584914
39.19249304830045 94.71878894434113
96.46146486746913 97.83082850134058
67.21007491009323 36.080611461582905
34.52332945034955 37.01300410505032
85.36385420318476 80.51906167114791
75.7905578523257 33.5514835206753
37.75079686753623 55.82757002030222
28.735029194157747 97.74232346099758
97.77807371751734 69.98989794116774
86.77869260796551 93.80011023382121
16.487537946835083 50.90650927975844
75.71649392678789 64.73000439507581
98.14285854622727 63.23830304969304
43.88161432345059 15.544802347311826
4.638923109821668 74.05881682404379
73.80479371165445 12.041937950415315
20.491914150321666 54.34821216338687
94.5520202868086 13.268935511771785
4.596357387514594 56.49950907631304
68.53965090065243 63.47836110507171
54.144013212898045 64.2874149985998
93.35960990747513 10.068086968208046
50.29803053634476 81.41144640441092
21.78310179709102 93.32263262188796
76.51237952703913 69.55150325961819
83.92593217856084 77.78449506952872
11.435311958961858 58.494011362847154
25.43819638697914 91.1307414219174
54.049208221905396 24.44003198808311
60.3068006471975 62.84930087596569
76.32388210157572 8.479714637493952
65.03562674715161 84.51786511333403
76.66477178753449 62.983810873069935
71.65364474139143 55.21240500276106
42.51186236237915 66.208597226508
32.05431367353807 25.92506737808741
30.614346957027117 90.61035780903022
15.544526586670527 70.97233757631014
26.006593854275227 56.49777559572332
1.9425668922729455 37.99874172745893
5.1364589041068225 82.58588378981467
76.75843586589802 84.01402998054472
84.70484935821462 40.09493519996121
22.07599206882217 67.80764858242577
16.44846986795021 73.03997293736366
3.2152789251826186 50.117720790594035
3.5442334458112845 17.073044223282174
34.1928743247386 19.87370242564561
77.5248960118527 20.96356390416968
90.56720543196863 64.40161032763334
72.7205427532695 80.98848144863318
62.6145974274216 58.761422944013
14.40650774247243 72.52704649049352
64.89700447968778 72.20824385381547
74.09594605431444 72.46836972783163
91.76496746508835 26.03725046660076
23.34748539762359 0.8233835968407988
28.931565058495543 6.065553369987809
15.519728479508855 88.61243190121053
50.09707820334787 90.6003110614162
24.69171816008351 93.8502808471103
3.4609712283789396 70.54393544262997
48.98773936178608 3.6222467572481265
38.01525104053326 62.43035758037554
83.18845572582926 80.83033412712489
73.06522214336002 43.80804265172517
75.49968968369126 27.01110475254046
13.96882122532036 49.92059170329267
79.66297790087522 68.55349261339187
32.93682798670686 60.72081555591168
74.70113367565057 27.86572462952006
77.28378433734481 54.03980023743655
22.453936176123534 74.8930528461061
47.318404934590305 77.06716331377844
69.13596934996428 0.6247038499299307
81.39381421686635 82.94790014365817
47.99762875190008 10.195232510945374
98.3128617366684 25.186932463077316
77.67003659247003 94.95069829047738
24.578030701826993 8.421430986022905
81.75828166570399 8.769610555705365
44.37447466776331 70.90054800305361
73.2243036991959 45.12165518886925
97.30927302662619 50.24684469021137
35.549502452366625 49.58178623344157
51.59661755146821 6.101267907216501
76.23380587162318 63.7514614076103
0.6308594752276853 89.88907119865694
12.677692081698034 9.09925382541843
51.28286580492879 96.4857656409854
89.59013763631005 44.82251908165639
23.24827708564503 34.74251576053404
41.641820161856444 45.14833695186665
11.462650045362032 65.49130941865752
46.73968878119054 41.552569363147974
10.060102367809776 20.148553703265303
33.73462372425 11.545985643158673
4.6260858546021915 46.029646843059716
31.142815369587808 38.55753465051244
7.971697726084514 54.72168624859405
32.228729380920726 10.200318215473182
59.349419065916166 33.502540725062815
83.21282133206923 88.59304597461438
2.350354164915147 56.73158691832386
87.23396294345936 29.403247085161954
9.693017817851823 43.63776943934743
55.67739648788992 42.043778986766846
86.65449531105575 74.49411066708855
35.64538833357843 11.892593387621764
59.89940939418251 80.12674732071716
12.802833130009873 17.101077695379008
68.21109563951082 44.33647429986629
67.99521054729915 77.34196689891081
74.93976370450243 84.25918690709182
82.00290726658977 39.05075239340322
24.25017729047505 50.55128649513896
91.73540625357003 54.67416233708819
3.905949109792739 79.2276266780977
60.854717435217864 73.24649420095646
93.5730967571483 36.16341823627977
10.707990889527807 85.82322609213799
37.52734071021776 41.48705711793815
59.214741689936645 50.64431449314834
82.44038897911062 8.43405567313299
82.32808253545632 3.2004744300909493
18.66573486535017 83.48163948219612
22.901820228246738 34.38140491887807
56.67223653812082 43.02485178962986
14.08805574385319 74.51494879293148
94.86002300784236 5.311647386672147
57.57210668730921 63.53271550702977
11.051267148324106 53.9124790905636
31.22430704516992 10.75209961967769
87.06976031225045 69.72059552391748
14.945641850647418 97.8315006724631
36.96281384425079 20.076154074322595
32.09357264966722 52.372428384777756
55.868693995302166 83.33726106770901
53.58709043278462 74.36008051775144
76.63757724115887 88.17774134013592
49.707707845695516 36.421060976427
3.765002595111566 70.33569704266334
99.31579155983844 91.41991768413801
17.064145331414903 18.04801798386737
50.620626879778165 20.113392309585798
15.61282463642365 22.208752605047966
16.442003518032777 23.917174376170745
19.232884994031686 9.204849064510102
57.080728707934846 30.8011908459659
91.1815242522312 74.20798120330852
34.80593338037461 53.81019664171216
91.82737630805667 29.879025075682787
82.04791966020748 53.7706498741729
65.69593677931708 25.94269219725459
99.25536216963174 74.35163077058668
8.096436772895387 97.93975783558196
35.178864265849555 24.72760160949745
47.63207889846759 47.748324892214335
82.15419547000953 56.968116437368806
