210
97.46765537860999 87.85889458994075
61.41604582270883 24.31266531266225
17.97070503437346 39.904145103799095
94.10809500854653 70.84516859197427
21.730045803995914 46.20689971568178
82.6383666053555 30.73433155606986
30.11750945538142 63.49496916602037
17.324065892653596 93.67043084390961
13.231312703153563 79.80411550028754
65.94826215634953 85.80872978833408
4.455249817577456 18.549075887737885
34.34812382161293 80.2513750582049
83.29562138308567 91.29653508664994
11.528401127150545 21.473503379710134
41.92011498587927 83.93669432993505
73.66210340909566 63.355181356104104
30.747911184241673 70.44812319809613
82.4466629274763 16.842019555734357
25.175632669460857 93.80993040640135
66.10199332915954 49.69883824814506
89.7961478178907 50.29262242771232
78.67725291014781 63.75919410579781
18.465677291992865 34.13961265854885
1.5281641279431324 24.803988080080718
41.42181638130206 93.82473578140295
33.50423134431084 16.149878127661744
61.52134196693635 15.290825958563047
21.70772552684107 55.5873822650517
36.0652604140631 93.58086960652803
42.340421420906324 91.41688389560623
33.89538047253783 82.4247272559599
49.44079691140138 40.26774312763012
72.64816334819133 17.8867897038965
78.43037171570265 16.71618012845859
16.27490740367663 97.9603832089184
83.38925608054952 38.363111644837645
54.929352340131274 96.73807176313109
59.0938332456728 55.01897975515313
47.83873084112224 39.64859570263711
31.589438294612936 44.609661723304285
19.27210221677653 1.341187539134725
46.19274130458979 88.42468687765674
81.00289581695938 49.48025440284992
85.81265849449731 14.40506410362623
59.32687658245563 82.8083167411217
81.62601556657548 43.44862068294657
30.044022747084277 99.25729542406346
0.29520423311943933 73.47808353536347
10.506988847104637 43.95222809664586
64.94013713439615 68.1425942292712
11.811750849930613 36.636352707884335
21.246016735151287 85.86035490997817
99.5613290433 4.789668730694007
4.534344763865505 83.19283880882723
57.94122297664984 96.84222579517822
76.59966489888565 85.07436645991433
48.36756306620569 13.945476896321408
7.5891134953190225 50.375978619487384
81.72138062764898 79.31895336262562
16.247630169132243 65.36913303893232
62.34379474930475 21.67884583886015
21.813140258818198 16.48105718165993
41.56202682626474 64.18820323464125
17.16312287710292 26.53242077067609
66.03050565654195 85.9382128725043
27.464726497399905 90.21461282430471
6.455780020756285 81.24921895207115
24.14379421875079 88.50869886300416
10.968858992689833 97.31994436019316
33.363111348810015 88.01858808884985
28.36610750541172 71.4522602517751
62.82424933320519 96.53977950569282
65.65039614180665 90.24224904017544
93.97720992531848 21.569557428235974
52.36041975907361 67.82694866335223
47.04163552659699 73.64786053586656
67.40729887196701 10.226117719128137
62.40212899609746 6.569072225912265
36.56981265796312 70.57312333739668
49.76127217741732 74.8428180759068
13.186343892692797 83.99742204282735
75.08447862672416 35.1029578633099
39.40484398531351 81.74370580423235
63.5262047158497 22.31220045220391
43.70688131287398 83.49806329803585
7.9885091046292604 48.075247787422235
25.668778590156414 58.50852680413339
47.824196430171206 12.04623074467196
6.850513615544784 61.845350593774796
0.6158250935099585 53.24183395186986
49.86328217617883 55.423045361164704
5.604424762877425 50.03920073016047
23.899083711404657 8.554347560634712
33.44792450851738 10.977076143789022
75.76682938938262 65.45429426542495
24.052607175181386 92.35472255459611
40.284150574290614 70.46935445274212
82.24824833500026 58.24452862012651
17.517673425078893 20.227732375944385
89.70231716545956 8.643366060161462
99.35245830392681 64.97809250799176
73.15164406424694 16.074338850446214
10.823388209918793 31.573551247010723
76.08309943800371 62.64086483211246
41.05955936544267 4.211729033453782
85.95926272204862 44.61120125576474
62.72426075823447 55.95474418190758
24.73205872320291 16.355910683819374
35.101660835640416 65.87159834514593
70.30947834089048 99.8609191614211
7.480423186498719 53.96629087046945
12.818892508866664 62.569732820396965
48.39406405227322 85.34894215458422
96.58133947593858 96.56792749549979
4.089589129486071 77.76263082217447
22.853612417992153 74.70794706552397
66.48933979565331 15.354166944563708
24.71396187537509 25.54484697165085
99.82097843422963 34.19790875916561
72.07257794922585 7.427873292459585
11.693510577415012 95.11254182001572
33.49603547668464 57.54229545301859
26.1372787199026 74.81150081745346
0.38977229681855796 45.035327782926736
35.03089088117635 1.972312712777513
90.61829778111162 61.08528275492131
70.94258338846272 58.52204814084645
96.96529914955154 50.08696792648948
26.024497032823568 14.548259291484666
19.838378221373453 35.461599170416406
55.9224245288637 33.27799258709293
8.074078082511459 10.848425371319193
86.90640876776074 23.248292359556523
36.43488944963919 86.17758506674281
99.95354895263715 52.363459139690164
28.41592734406443 57.81295615155007
48.283944306298935 3.005792689311182
68.62186734654415 4.0403930219565565
61.10084137213916 52.17922123867266
61.22009734161381 41.674503927452186
16.614141427014783 67.99709532910255
92.55473273569619 46.55952902784113
7.23263232232746 83.72686176336136
13.138280709966521 13.156263731571894
32.369804395161786 41.739045047523284
45.85203133864175 28.88218931159421
15.961073029924734 60.603439131830605
77.24866699908456 71.41200235852271
39.643924904116936 40.13740823483689
49.641887307725966 18.863425151478154
18.635515981171324 32.49175011229012
25.580734290750428 82.24058387497699
64.77703717344029 44.934818456808024
13.333498061783022 76.60909400640836
36.4710927453601 56.25519688425722
53.05693193457306 98.38446480181082
25.026131333131573 8.951689667069518
62.887872584673524 99.27039776214949
71.52290008615161 27.756527458388792
97.21759287668678 43.22065603271047
84.45765738901243 81.87042633515483
42.096112837681176 90.1885178181998
81.48165905311731 41.21575087154148
66.93290761306669 80.15693417558234
80.08350825994717 51.45265406482552
15.127387875791953 81.3146024650447
0.5674375222231132 27.39949424453535
96.87130708214346 71.55125226846395
9.35819908657396 91.22895890711447
44.98536066057236 86.54858684101285
45.78658643191731 63.116115845865394
99.78231146243253 80.38294269868895
21.773898765818444 21.95367183791468
95.4746970301678 30.84175138558132
82.67364200383652 38.70666741768232
85.5450352356539 59.27216101913664
68.37247035308187 98.06851400645215
98.95092821720675 98.74586106575761
29.48051974489627 46.149376243253805
81.0851798321425 93.84680492548881
63.69476862036208 85.9328729653775
81.16146666559231 55.21770352851762
84.1876836224828 29.86729812755894
42.533972622132346 46.73575088694958
92.74387423057746 5.573859021425243
35.27894455146454 22.340985324028285
72.60508136209995 74.62429529244532
48.72416049298947 7.204374295411564
67.38420534656454 46.583564246659314
49.36120070989186 1.127418807071423
90.45959216105686 7.368610199156855
96.52066261411602 95.01867768592834
28.222324037773795 12.013702016668915
2.6781151729488473 53.150592586000464
42.48278607846751 18.454738732621266
84.79125306163459 53.46270217062023
91.11921135620183 0.015663093685169827
3.457998320614031 30.322909701110635
42.78785714709683 97.60923944159435
54.589730212135834 75.49257358540574
21.819878284342696 83.33439405795598
12.006074645224608 3.2497178924121295
48.35524556821355 15.619751088364463
58.96921378703179 44.92221428426573
80.48962731835378 4.361433608578313
54.11074401415706 95.93859707301137
14.085251201221771 56.80861974187428
40.33321236100953 38.90289612618568
54.484156779077445 7.852175033457886
91.23065566222127 19.184938429915167
