229
73.03303788935858 85.6940976849605
29.32872710002877 25.51084720128235
71.4144813848122 14.698984265413973
13.170972014205118 21.145491683888594
66.24139646696491 31.341870407406713
63.077113929848494 41.19115958735782
43.742011367108645 4.102655825670453
70.65699524915611 36.96703651731566
49.71426272455272 97.44667942140474
74.30008512756723 72.63948695580694
62.153315702110234 24.925678631158043
92.08515172621777 28.463878767862106
32.82881646145722 82.57420850200606
75.45501250725673 33.026029158460226
23.65980597879529 5.205872508572895
4.276345686409178 21.767397859132366
41.8721080921581 70.15407454256608
32.632940772144956 90.80850331560963
65.27080122111425 29.128501011926634
67.67201773895773 36.97802079927438
20.876169736823368 21.797908639357622
89.49872403037041 33.024275964438786
20.668319696204797 17.90260315581307
27.19513599892014 91.48702478292209
18.084182469171893 77.66970025526612
51.517971028646556 89.71882951593516
48.10516172531572 66.25393467682996
8.513903221131812 90.81219368857425
63.8534853132311 97.3871445679947
60.11219686709154 28.739873781419266
20.7225461003244 14.414243017681017
35.857135709215605 37.076702388267734
7.663985641638959 6.481810604410365
81.00337065432501 55.049721095842955
92.97733735295182 33.772367489709886
10.534167390671223 28.14082705050921
87.4400424829972 7.555483742546365
67.17756854746605 19.02466729102652
49.086344658952186 22.0656064793325
93.18833005908668 37.6816623814176
35.58501502910176 26.468156618552662
95.1098246742397 9.104568998871798
93.65907943022349 57.575517843594625
27.099887521159115 17.925176940984823
25.495702172094525 40.906297101030255
11.45259624686491 85.6909444122215
14.126660558613723 77.00864110654368
44.34295517223816 28.650585872552302
7.295538295183491 39.94552089595602
24.78138828910341 25.506675053983418
6.493284941213872 90.38260849104034
13.469038353277618 35.526902583035444
45.09599241810446 95.51118892102942
33.98407499484139 8.265989994472445
35.630208211385735 33.42105410606494
20.810554627554822 50.13174499523808
17.131990082341954 54.945707762366546
76.28780076050002 14.522400967162186
72.32194025922573 74.84069702440482
16.174273463523637 35.96175423822129
75.06067886769155 9.097723441683625
81.40991576481038 54.14281360927353
19.492788121772264 97.00719990638993
80.10986758527228 45.85307974926389
17.916345901747977 47.71603043816705
6.676661231257075 96.03994065375173
15.441412112786058 7.491142360776049
15.499850285676386 19.15752804545746
56.185838837816284 50.614120839442045
2.831684211145269 31.36496156345817
62.09468953870946 37.14784125057003
86.93359750013182 8.869369604485444
41.34129820958135 95.3129196781535
32.82399770330924 31.373305689776444
36.76321537297641 99.16125635296288
47.92861446439445 23.02383572800335
58.4208966274866 86.92986009985782
47.83261641438731 21.64405684311629
94.54701397583321 3.8811034392789545
87.3240410567822 41.294473344817916
47.39562299926431 32.73014237747878
36.36461529036904 99.113484980382
21.3395278265645 71.84722529122793
80.26440156505676 86.46089863171385
1.265733033747063 38.03346217645955
11.272248950063757 24.97891332318496
58.218787112019086 33.415556038311614
0.36118083276720503 44.26310362302866
10.859679809955614 23.751117415917346
80.1793453772844 44.852743788209224
18.646922834201575 61.98231796432721
51.21810885143694 89.10223441381748
93.8634425459813 94.09692362958175
41.99310572268124 40.03658499358942
46.82719727758142 56.14214736828694
94.11776190561025 42.87457916971684
23.898774507496658 80.79493911051112
42.878361859444404 98.52722160491722
67.19760778803172 23.501824429624495
35.99696103555878 85.02794806791108
62.693250871451944 67.1271152354809
17.30222126678227 89.75250314559293
58.92460512641352 1.6086306228047964
16.69279837723271 14.415170976917302
31.61443064637608 13.95079189940811
0.9074432999419679 33.667151596428035
75.8324389088773 60.35996346100754
18.25826598666318 32.96338964996561
78.17511987050099 90.45334949248317
3.580187714712635 55.75261990487272
46.669620275148084 79.83866263725339
71.62165199325408 9.751935632943232
51.71469925754334 42.206486163102454
92.07925990295337 37.241147431099186
6.171512720595795 48.57173726387876
14.1887813991585 48.13806067647175
8.724284129379301 51.89194868979957
44.3006734525413 48.83033253932153
76.03000022230015 45.445864921045064
67.35391804729367 15.133683505885342
86.68606860739975 5.548487297956406
25.662603897343384 8.047692617726987
17.431845544162293 90.86366810437268
52.91709715971395 26.173400260838818
59.769699499691 35.27825967374564
52.383912631216965 43.05272800661637
51.30363114289281 56.76505303364946
60.012577398583765 79.46275044280802
93.81822244110313 22.470959254055135
36.29281932942169 16.558966614813432
42.3453505287666 35.66568794128223
24.750359064775417 11.977489195260404
68.82152123106921 65.55867333190855
54.89144559379518 26.37723487325304
27.67233702602353 36.28924300778785
67.69819109882415 97.21854629251987
95.77234917531446 19.751011122817197
99.75919601663485 72.63922721151853
27.680025154634002 65.8539211272841
20.60966437970212 52.26711808368759
55.4780380693379 47.625017074258636
63.97287175907466 57.039207778943045
2.852350239125334 31.075795434942332
37.24310850044398 48.89536796852833
58.00690718284931 98.57503014229782
40.93364977364213 30.603434496262373
50.88289648878631 16.660539187947975
85.02292512243369 90.61290700822605
6.015391003172066 89.75685940731974
24.54849062587323 53.40057246653286
42.261620121185906 32.92009514534928
31.79376322611631 72.15099797730274
59.202391602161654 92.74250555424508
67.0386314814026 56.09598659776529
78.14127533840242 84.4259412956469
48.68188205697328 77.56690791137855
57.54949314157638 12.449959061854498
54.69946117204463 36.375909355180944
88.37022770902372 54.35027632014639
92.01782787335617 21.06042810586257
31.68384923336276 74.1349851180157
14.801225586268341 91.95205272002605
78.2487376417039 13.069730530843538
66.55873339173938 67.32375447319329
73.22734386416478 73.7458890097237
83.23517843848066 41.26202251335659
14.652255516761482 92.65836352309445
45.89032254984846 37.9924981729418
98.17141254616753 24.67149337373179
6.943228850913918 94.66278087614609
48.65939401968472 26.33717641179262
66.82854084569234 27.482786118917634
20.731650342897957 38.106448810895166
78.08979959544604 80.85266170953479
84.8118648360359 76.08383084071559
11.522375252514848 15.348801067943596
92.49938953563246 55.25310418251132
2.25946258246168 28.219843614815364
57.22388921815378 33.26095476363494
81.74714437039182 10.31604152626403
62.81510376323774 70.0187816167883
22.053969487388102 57.047471431926034
30.94419519288314 77.79853606031729
19.95864617696792 33.59700894864991
59.59334659934448 61.118899493207955
19.41590988594717 70.34734686329759
65.82433963077509 46.627699765380505
97.13185009278423 43.34073957233594
17.73099779384214 3.165235622798346
46.39729118429645 97.19012221379317
17.264539138966605 50.901323733482876
7.227687720697185 92.34500392884283
48.4711660265551 14.207769189995933
26.429677484688153 55.00773015578449
9.24856225577405 44.05400176717982
6.5587172687427975 1.7277017225542646
33.90706228067945 49.096395135443835
50.23952000858721 63.93322652663539
74.93844327416053 93.03379727459567
24.429620271297214 50.29149402400157
39.11039001833739 97.49999398630735
83.12981979663469 68.54632452766388
96.14488773838595 42.40273339351736
16.113117239496788 26.13976129234643
61.254658518954216 23.821234026562788
2.5163264006724084 87.40310361611712
42.93404666652838 49.609331628135834
99.80177601879318 64.24779342463201
65.63667873322747 18.964927637797214
51.67580460795733 9.888000247816976
1.453285233992485 81.50734452229334
10.732758258403607 14.5466331427889
98.81489959031894 29.155311709871302
96.56836515755312 72.70429614404064
85.57623428448031 82.3840799473977
56.523049998429265 17.62365741655152
13.14468595029914 77.01599309462634
50.36406347665769 81.47462488688953
96.54219380881175 92.61916573109747
53.36070456139619 67.2878558098602
73.01272258527818 62.20264379562506
69.54731546016079 64.66348035496611
34.447306192411396 99.3013003761628
4.994696179410396 70.01359203780675
94.04269515874924 87.08141769671603
20.121312123289194 34.605202577463835
78.12077970833862 14.89318026391151
8.568295373616873 94.81907040060878
99.77550900972983 63.913009770531595
