250
16.8343229896852 80.184205923735
98.33867399632173 64.87708476248152
77.52446005941094 53.51912049081173
23.351598214130576 57.66133251468032
25.467346263801172 19.415813669205683
88.09519271458184 87.08523801457943
72.44686485448045 82.410363711417
67.92264366656123 17.23382749742175
85.93160157430042 34.06406286738684
2.761433754641618 31.1306517946936
93.3589072194548 51.93034355721993
83.74713933652693 46.704663069001796
59.647461957690176 44.94557145544367
97.11491580817531 17.108938933219765
10.78708445688321 70.62384789320261
92.42998186004112 55.39412691426829
89.48957271918229 60.08208483248089
51.42261630481326 73.32851292073536
37.00100240500209 88.57763637877265
89.58934856805203 99.21309648768066
55.962662460970314 20.678469327832193
95.08597913610309 60.599542998370914
54.043371198348765 76.36370112572433
47.84512818803426 96.36808778133143
91.929850343702 84.3762329383976
9.141076137263148 34.71544697155991
50.091240636414966 26.032461307217815
52.66203064188751 41.81300803546269
93.22419123378639 44.47714737938717
7.331555832317093 70.81961135297807
50.592485152812806 29.953662256590707
6.367277254738502 40.67967581250856
81.25838027992779 43.4089255200009
32.68211029421406 76.03890007468755
97.93236096304604 82.41594943848439
1.7603862554890326 0.45106438754906053
46.9225261074801 51.5786917474063
91.5288342314313 5.9025121204493765
22.288590413905617 60.428670502166106
21.878711687582676 79.2870147618635
20.449454164402393 30.735501205346093
58.51316272667345 10.204736020853723
75.48157855774336 25.374302801661653
41.83999481410889 94.47271013787744
70.9355609895453 15.756748336417637
7.520782131525516 77.4665348039672
37.5456252975554 69.03237152278932
12.08874536280382 89.16614643219091
51.196779519890804 92.46583167944287
97.1166554724056 64.16294968234058
17.908390956508 56.84110161163033
92.89207341620576 3.7271500325076756
85.07285173390089 24.783317527121607
53.46273392317382 35.5828049199267
6.115078131105934 29.102278042632147
33.104712689974704 77.00606857031309
64.97053710608066 83.79907358513925
63.76790327786806 44.75344995389353
80.53836326501015 38.084840341429924
42.593633935256435 67.59952160320356
80.10474488957719 89.42880489689693
47.95093114986402 14.049008503821925
58.08480195407717 24.130841859888164
19.985437249296655 45.77432367306095
87.92438751806824 12.596842603838464
49.01570831881015 41.072053016113585
78.345905943045 53.15342203767827
19.031651177296883 19.947799162037438
70.48863936210901 36.59566927216632
44.22408385880361 73.76333665308155
31.272832455745014 4.988959638424529
90.38955518456136 91.6374396139402
57.353299511971315 55.52659136310463
92.41035834852556 57.369431960577266
71.44976838000568 87.85566148859874
44.30929031676111 68.86235959018146
18.056812836178494 22.316762546109814
38.52084979361751 60.34572116241286
49.685723083302456 9.21578702978696
88.18153544841336 30.479640631872762
41.45195067773765 21.424640488756076
68.10300812413983 75.5189947337837
37.13866307174318 57.459987848424156
55.21150062554445 18.61304691048552
21.402880516523638 22.064419920222157
61.5242240810212 87.11753971131597
27.260438008605746 43.44961767126048
28.153324608928642 88.37477317801776
97.24550406407343 1.01322229188614
44.61007269525569 21.595446011009724
18.495097339278168 87.19328412923288
27.442408181408506 26.884904083885132
26.338446027657636 12.49834826497449
60.6937892171892 10.093934991584064
14.641538098137463 48.889796286326614
17.115371602990603 8.205666454142424
0.27926408304871364 7.4297222794546425
76.26786882239345 89.51585149925727
47.93657160098633 27.40806088502934
77.25900285876331 67.08942109486836
88.74473930004577 69.0701648402941
65.81315717481179 72.09521150310997
92.98374568580444 25.590755672120025
26.820587979633515 58.57376476278492
10.488049314318493 28.83103660623196
29.686237452874487 90.03819792229807
0.07930289410554847 24.845600697726265
94.63392742512326 24.821359439964176
63.47618356882103 93.40375722359325
1.8524436876389383 97.70508498952422
82.59261984036685 22.916949717602442
52.72668075149281 25.890552949071054
27.712597644532966 1.978637069160527
65.094237867478 55.528576755550695
37.501569232380824 13.209618548519387
66.47450279168042 91.1690991885873
40.19582593180654 31.042086438260863
47.89707718706023 45.90761457869834
46.9834858400026 92.10736467217157
80.14877425648066 42.27231956774862
6.961974587679142 28.544218669274667
47.847802545117965 46.99764677679362
15.358800795943894 14.117188494952714
38.62049154248025 41.52533641537417
13.968161645422795 24.43297632330248
31.617078150665723 59.09462549795638
70.45450520688438 72.61246581550415
53.04106492901597 45.897381778387015
60.1257515914505 83.1519649311302
65.84782139568925 53.3258892099052
47.39489844719237 1.9913880307263931
12.33278418292656 13.392681758017078
38.20506372315792 68.91243282381663
67.88011962482089 64.14713130365665
27.6669288133369 78.60871922951625
24.5889210993006 15.115322218425131
9.887579962267479 1.4333829910678664
30.915666528849872 89.34072341518005
2.0067514023953126 78.21888717077164
3.8974727203406334 68.58359250149462
25.6067511076436 28.767332515117726
41.65067641269715 4.269494374000149
82.55937439672545 1.177090303674777
61.074059650551504 67.9818073195917
0.9164749475431333 76.4281874927788
19.865530816251454 11.076259773238428
55.010495567034944 24.772996693160387
1.45024420938491 61.54405846092372
78.49305363186504 11.505283913042364
50.836385044955314 11.908782837684285
31.58136663436517 88.80494766252002
60.65898106406947 89.19574440466452
82.8781562592351 14.613161914288819
78.93445442995571 49.24624983507282
75.9282506735143 57.515812632011944
74.32962932711942 0.4738011285110755
72.40056810587991 94.75305232907499
24.191484311886846 96.48487438808976
35.492137342561136 85.03152302264186
5.8700786656180615 84.95820838657298
0.4162030647080095 51.954390133002256
78.78824345777855 83.38635474852764
34.08986259095548 94.08117354406252
84.97335812879172 96.84603411887474
4.503926670882441 15.045218632472757
15.469804439422441 67.58424963596968
5.833021373591018 26.484455834159128
25.92219473399814 62.38897744332368
92.68828381534404 94.56700691865103
0.6471375530882617 3.960921701973208
59.61453738553857 37.40470255457624
16.91266233814511 20.716639249244185
53.46440005536682 2.9369643249187227
89.8241487468184 5.9039600121072455
18.544874282353497 63.05924841462044
89.97578852342201 18.154826376744293
8.467361154733787 79.85088110653389
13.435134977046093 36.35392243605754
55.23027575163918 64.23859179212322
87.66370382264441 23.42363769781104
26.390111072518195 86.05631667283016
40.20863637279791 28.64250336102685
50.61192167000603 36.90685253977556
28.626611466645723 69.02840814613799
87.07719094357472 0.47293817535074556
60.70966735034724 9.001337433994184
33.015499824237935 0.5900681401909247
57.552772410141316 20.914227782380124
70.81058868466489 84.51265550326599
44.20037116460445 61.884955225809776
72.7161955314475 46.407336864681234
68.77719833457856 8.331894523936755
49.44062728865296 60.38741913531464
80.016609253864 37.1843228045295
28.95741752963854 30.618654872806005
70.98249210582526 12.922164480198518
80.70208971426754 81.93312773003105
90.42019707228488 80.35413015533425
63.70961434559098 77.57218508625351
49.352762706797236 39.60438316095096
53.63097418977255 22.908220753339968
24.802323941593862 69.28543787166666
0.1062335796460534 80.86464713625116
0.1394182022932955 32.465824451408054
78.06227629631684 99.40356069675607
57.56738785868679 18.034545796650857
39.661776653930026 3.1444235644027207
26.376514974170984 49.97699823416216
40.769239961932534 80.31658015185836
41.17496913892273 89.87368080977805
3.6155432933925424 96.00892676556481
91.29403370695326 24.796518366302656
72.39155292054579 43.74603349999434
3.634274364451051 85.76160519275054
9.274354353074498 50.8613578676559
65.09969376513182 85.83740547861795
29.239049127434523 13.25424643227774
55.863936071357436 51.408643548632874
40.88019395504959 16.39175218115758
9.230833902055736 9.3836943301975
29.435168154238987 3.30774785940231
71.48109608066126 75.6184590218061
29.026439142461136 70.7050940342394
84.32940147787181 56.99499504524065
10.83793492199423 4.4934258392961945
98.02565936193795 67.3825015109026
31.301239826601513 95.3405426044658
50.0217531439035 84.14282448773676
40.63632642816346 49.5349880077624
28.26159429407292 11.14843859056186
15.887428550599303 40.16283518935264
97.1557024517596 82.24808795952013
7.208375867983907 37.33676185317558
16.67383013154058 4.312816096694194
28.116728499301914 16.87132875417664
75.03923132707308 98.64135753349258
78.38309711609004 15.254882700636518
95.33014745197977 33.74288767846901
29.318667194805904 75.28997473278599
59.412641562977974 22.417519505505613
99.1938442763749 21.304161243920618
42.8047022235049 6.646271755444033
50.42931330427648 66.33589644315731
22.11497898392649 26.84304459062702
31.2505855565119 13.01590232059896
0.9712311899767623 73.32914537509808
96.93421558730907 36.71937747941969
5.732726310652502 60.847487543467324
90.17277878112313 97.12091657955268
61.8872263154736 22.47801288288265
