208
79.59579002194762 87.2851749454315
99.41824453343307 68.02435605766183
40.09223670982257 43.223240757856516
5.944551544930199 33.482558625403314
53.91980201562322 0.9658120532933023
50.34681090997529 87.57504086303781
83.6456331288977 0.6941896358521715
62.74779683126318 28.433969805378613
67.53600447923898 85.26206177455302
56.08925909161299 21.175079855166167
51.83596802894471 90.77004615023634
67.64210529349329 54.4083488579444
76.85533054329639 53.446609861806536
55.036470961822936 23.470177578051743
39.91296197266257 1.6732520132739404
62.82451475690532 39.22824305507183
3.391345784541755 49.13581763740334
99.7421848898892 75.80647429147542
11.672301736432733 16.68705305024788
37.12654904612192 78.34969692308754
50.42735949517109 71.37675899524606
34.635976890291666 82.00223206961434
28.330914191425137 79.12952445187315
89.90103278203335 3.6521854071854487
25.678725797860626 86.92272045118334
48.12301731082206 94.55416943782572
93.1791980788811 36.18851553459776
49.20440945184349 54.45864253924039
10.037889714419768 77.40646166391882
1.7767251162036368 18.887836463362195
84.52901794268595 62.463294782828584
73.20900466351549 14.574315905009371
91.10365846962245 80.44318147624621
29.277041367172785 26.588453081166552
15.763015820146443 27.66157416081434
11.994132234746157 91.0029849112679
5.4058436845197395 39.354899489508256
50.530899745427725 13.664186018827229
99.24983978006205 72.72466076077554
97.14356967555528 32.445465287092446
67.47533680434353 27.25318919145098
73.79224508971394 84.83082235275205
93.1101068815553 99.15216605606389
6.386247682420587 42.72113720429617
43.05393674890634 50.51040496904082
48.14897087300011 99.43420885070144
90.18171161200162 30.89287473119603
11.901717723553151 88.83179544730466
53.474696745748204 86.24764854801323
62.636901683228544 69.86828213144129
66.31789090727442 38.84786970033929
59.24404353228883 20.107431823269206
32.184335721205336 81.07034622363956
68.94282606948707 28.68789056849643
60.326978860007905 71.04142935925192
81.76438877658063 35.473667738775674
16.101805256205704 99.06766481027975
41.6768119131447 65.91433254925121
74.8314431083845 55.7169911644017
41.62623466833647 67.39646481014805
16.717770204131412 30.03604887218132
19.85400514543437 85.77746295354358
14.02296735065558 96.23882257389423
5.557659719877495 65.72086480762066
99.42688469589933 5.810240062056382
84.22255848200683 62.529551673815654
55.15887765354381 52.24619430915877
6.052832302875055 13.980146033758933
19.141147978207385 28.17881632551741
85.78776431424323 0.2709626613326632
68.08728577954415 72.63415459810568
27.933609315044382 87.1662493979738
69.05874584345152 41.786804350686616
8.049782268955841 13.349829430893855
47.91227598660876 9.556926023729728
19.386049950842967 96.78086236096766
78.49470767129525 48.24282466373281
3.429595418421527 41.82358287457543
47.97044749495451 17.391824791595212
44.239492706967155 94.14430287069165
87.82798930443285 74.84333596960019
82.91453692666222 95.07415020984818
7.63541266149983 64.48162606317163
47.35658225269067 9.672815237609878
75.90551919824172 62.45304084535531
89.03733885157085 8.133857922252352
89.34498180404887 50.67621394247317
68.01186372728635 77.6602393790389
39.49086189431238 93.74733157595128
32.20284382896582 89.4364622789455
74.70874523878824 10.528595494754533
62.14042745137155 75.99427021178784
94.83815365143613 69.2168980766346
22.471316838544798 7.159483182277759
54.447692668181865 4.530131149596017
21.373251125253045 58.098746337816124
50.34159265518483 61.0454660467789
95.6664926436451 87.21336771726712
85.69291933096686 41.85552103284207
71.41121486475205 58.45892129812651
56.35026013211192 15.393635540505734
16.589783278456117 65.37515914436682
26.92629146947486 68.92554297122648
80.79748600468126 54.9105949011937
13.697786039162574 18.413977081190712
6.470474509801704 29.323891684085833
89.05479107383472 85.24890123355887
47.24671070926432 50.03809017437243
82.6491177755684 2.9459578663424746
68.52569981247117 4.533724779720483
9.339896711787699 62.76785469488869
70.21154438240116 57.55719201611033
15.857990739898986 73.25444454929578
63.38631444581716 8.6655930665544
13.748264248893793 23.82511157430949
73.93859065921501 22.162011667008706
34.51498247491042 70.92745321523878
58.29022515030654 79.08707374495965
35.570672014922856 90.18527222138214
92.86491052760462 88.32766633365127
1.0440675345905426 29.242395225926465
74.93696685075177 47.41630682123883
16.701987754903204 38.54392755101965
64.63352643190218 54.57504235211391
61.84235028247749 42.345650246691655
85.32866936542284 64.71506878055405
32.844769149666554 66.94468049776184
5.3935079398717 28.416542258881407
47.667605915325716 39.15165462438031
9.11355344069137 20.93609340197371
95.07555382754683 78.75564349203678
41.52643408826021 44.94207199839318
40.211694522028665 8.225606327694479
80.71641752812754 82.5849506531317
61.125920311339335 85.17920000412448
73.31258653614408 45.687049918804426
28.51694185322119 57.13629111687947
78.46101488556353 93.73116658321635
69.28905462764767 22.000448919483805
85.58262104219472 79.92108769727928
78.62924953107664 25.433991788649667
1.837250802159518 76.59035076888043
92.11571292775983 60.93503713639109
27.583649156121215 19.200513446957736
29.827898079691717 8.52816215800103
94.26120805591563 27.863506400432726
17.920828874044204 77.05800810985136
43.02684446855576 45.68679822668932
3.614174294804562 39.655509701560646
91.13597913719661 74.68897068650763
80.38411977814334 62.54742292075007
83.27159206172861 68.8519658509463
89.2798630374426 60.17586896736928
59.961641769706716 96.78246376317031
23.495797025064956 56.376066240057376
31.685312451486247 78.60687001544349
55.13022420022315 78.24446329874412
72.37677365289247 65.37472149487819
72.73329495459856 43.53797074775082
17.395652171145127 82.45244305183255
1.0794718739191245 74.17303358516756
72.32063292565292 83.09001284595527
65.61555304784267 39.31842841885277
82.24334072197416 28.668746449906145
62.57128678997387 78.40886680941395
7.584838110793568 26.259457504422056
54.37074977906472 27.882522547721212
48.73946505291542 16.64881111322096
21.53558080634057 59.31230212004523
93.71776332283265 51.75672506012098
43.81625375097465 91.56218249062935
62.093607988875135 92.6826047323221
43.90099105582156 32.773138933055854
65.39828233643459 70.42880807033494
19.97845148710403 66.04829601121509
34.37256672747209 77.01645236592908
56.49986507919485 62.33848017809947
95.89577980790051 78.14975655290036
96.05818077716805 3.85712322770716
90.24680892210819 77.43402455678338
37.92897014724328 35.56501421386561
83.14809589230954 13.446197569658313
17.82523783066534 84.24440412728654
96.969386800425 35.705340199982736
86.35938634490998 79.70897508447155
53.82073380110482 85.07559169082013
80.33269739040134 92.42430507451496
25.202915790425763 93.62931560245212
74.91887911875172 60.139055700602505
25.164360872447155 46.234830242157486
64.15063777019063 62.303966777125616
11.318867962396572 10.805299754896991
2.988054699719611 49.80798700232829
83.76799514844944 6.408201985469153
98.44711522436582 54.70939738094823
59.57609681288564 41.377558027240205
11.805971103034219 4.801844224119889
11.799125625679707 98.75803526662452
88.37182669590516 80.12104428276581
59.04458385817312 60.70642446336328
29.412398887500203 69.03521698508891
80.5826957280184 68.64589536246542
47.289115050207364 43.588946015100184
47.11297351087636 66.71394338213614
29.940870782175587 45.71393115713085
94.62114105938308 67.13195996854192
52.29973888700774 0.3959317733158274
53.902501126714256 10.00290168919098
