249
89.75877168325651 38.302587274831765
34.13711323204159 38.22743948076
89.41762488360153 13.01833672772914
6.345120870393817 62.81360037504123
90.57521179794004 6.090561862561438
89.56654211953148 66.46906179465256
17.16402221160147 3.2970282594112055
18.047280886764927 15.096190017382716
76.76062819899663 98.25830450941996
38.26142729011418 47.42863436776471
24.87727415841662 5.79529357171551
57.583109439084346 25.684176551621363
66.25184729785147 11.367366386482413
54.792091152279966 54.58220533848427
40.26897121490892 90.43782214739623
10.513613530730249 7.0297090383983685
51.529109458391176 42.855441932345684
62.88286465269144 25.822966051028097
43.91508823399028 34.68239474495133
32.57199525748023 28.330722145118592
59.02185959000544 96.31945473530374
32.4775476722181 47.310207315663334
77.63843344469313 30.204282568698847
52.26555548765639 87.08429868899643
50.63362186749005 90.68594211209717
12.896290205145567 5.095803210447524
26.012437513182906 34.17010561332309
22.99059311939342 44.96487785392641
57.66665757006015 65.52281298966768
28.537260707098653 56.34066841394729
59.91052104080353 61.79697929425794
88.29697343760054 7.844636474956235
26.70693112184156 23.553631165112655
31.525382364627962 39.04256939778742
96.21026462128938 90.19600755742212
68.94843114636866 72.94385034242039
82.04672205555731 88.76646672113682
18.036221043098088 45.5476887983291
39.1686183179275 9.333543379806375
75.73966768342167 50.10215986878941
69.86671228890698 8.74086715710355
77.61920939095612 75.50230816883318
98.41332897425659 48.48768346327709
70.4045116052935 64.84960123496234
7.13470436878858 76.58035843482801
67.3214131420804 68.98113345635736
88.447449233952 70.08578447841778
6.758916252794512 50.49399622793248
43.89629401592343 87.05289610421207
89.03576217939172 75.46435556322895
53.089906005311384 1.1209601035625294
95.54933527169621 73.3058058999269
94.06589407385717 8.750229546853006
25.831507151211852 64.88512488918306
72.16357412870288 18.896512121014187
65.9515985010208 5.9481447608755955
72.15538018552091 88.85751867769388
27.43179410950508 30.647574821885403
43.92106984926141 78.049372328592
34.2491824918698 26.0952620129987
88.78414043852557 14.794142039252334
15.985398118332883 12.991354961606572
43.248091746496854 4.841768456533668
79.63462551419396 68.26298171971949
91.70371515348913 91.43068729982295
45.794615079591104 20.527662960354498
70.66993434794723 42.44395764085458
51.24665269005666 17.675128613342196
87.8675305627143 76.10214852937636
78.27125427502315 34.71851904253109
94.79955461666259 44.12475578832126
60.30654068677722 70.54784017345031
8.973750682559567 18.780339180483384
15.489487261309499 6.620546966945429
61.95924518365084 26.867796223419838
19.06580445818876 41.719549549308596
26.48938881428917 27.224128434793926
69.98418776677072 83.1899162668075
83.5740174556667 29.122687382052504
50.50718128131007 37.45348515989792
53.20706434653745 84.12770323986408
49.72706045431612 3.433123018136519
28.070272533871577 25.96637542676521
36.69389417229747 64.38595925817138
73.35023598369128 95.3895391734529
48.09496119948945 92.76864163800415
77.82544927687414 36.01110897717545
82.62614302820367 40.379799881688946
17.602131042270685 98.18609283881462
83.41303964262694 62.16007094639172
66.13360930488578 76.39260351931941
63.147394901157504 96.92353274997318
67.85515590369506 20.898549355276018
5.38574564148715 94.64131849023138
19.788967879242637 85.45191337258954
19.348731275898412 27.751929930263465
37.69164384429728 32.48444402352011
68.5270473305949 53.742678753809074
54.074166218295396 0.5999893705949222
83.42603652488962 80.02717839488095
95.53255174446542 67.13974830990624
58.18502509293969 46.56336778027792
74.12019921100844 59.81563229665352
2.488934992813474 42.8366610376202
52.27163596072467 41.54835945078431
20.38953975090716 57.28394424234975
84.87746435263196 9.947244811300838
27.589192030772402 6.005329585733266
7.5232382038884165 3.9285301051042776
95.28128929043605 72.16703433744811
43.24185269053158 82.25975452005206
32.366353524741534 47.321512041610646
14.32640398120183 4.687598667351578
23.385613482228816 63.667408706817326
64.87278193052994 84.32428433604198
96.83348586370208 58.346138582558325
17.763648098596775 43.09119082700895
7.29438668871788 81.41205871451288
51.65840989367395 40.9136880383713
22.254537446369937 25.535193833907577
70.81587967308678 89.94667401604637
65.21548249527257 61.14726959840369
98.09694317425854 95.14149589572786
89.4464827940476 13.910418057556717
4.707897809832017 6.594351088992079
85.49755068185009 11.080526858876016
59.2399018481739 61.684620710733206
46.00320572199007 62.27253887079011
21.96413078018181 69.56311201906954
70.78688162336064 15.077539642908476
20.460910761192373 64.23887045455442
10.768019306730237 79.22109610283113
89.97268820362521 80.44733792448167
87.92311129122974 48.62274879744566
38.85359750671867 32.094186704297414
78.82859151897652 69.90775703088778
60.82246659921625 13.16352609486735
80.92243108701871 63.87392734537324
46.19535884731515 48.23327253923109
22.110867728530526 44.94044112811145
52.71280503875009 70.47958146040739
73.60834091366075 18.87246509050725
29.9824586645671 0.8094945533296594
70.95278200058756 76.04849921946509
0.32228644363493375 77.6868822604141
20.114774229683796 13.85950546740884
51.64696759786588 20.09464826863615
84.60621029364923 43.10779913506683
17.24142269673742 33.581541933464706
36.92673505467688 86.87459020984299
8.512668280156321 62.71259910586302
17.226952818081255 86.92713329998237
91.78088038764992 52.14675180245395
98.69830750494664 0.24717646761682754
35.31737078222943 25.6195174700113
21.003645555351113 53.25661107838459
86.569611384552 42.468683661047834
27.359457535782063 52.53874597322961
35.28976497467281 4.420977297905937
7.68904874475661 65.50989664599716
17.74549989436114 23.087077533742118
0.2158815592150365 90.36842811867987
33.09499285992084 35.30500807229584
93.2634317760262 40.188012897300474
48.12048386075123 72.03819643754323
79.15295713253127 25.960594739955432
0.5166361095662042 42.82938929136674
13.24333589979606 18.092692163239377
20.509716235761722 35.30435745743359
12.977310604227387 8.108932010111792
24.46547908253858 44.882411830585
32.25215707966347 98.03278840217608
10.951861939782138 98.15143851271941
1.1349214839087463 93.12307567547302
47.811204397355745 44.90037186993049
7.622294737011948 0.5630214744479334
0.9841440191144968 82.20305970169036
4.531147210188768 9.347173291792089
2.1619586096471854 69.38873176447159
95.9263737009515 52.99222837762768
58.74890186569919 18.40704897178278
64.2878156203243 41.115883222660855
99.2654272315479 97.3562450300011
78.32367186979648 64.05449937334699
80.66508695020208 80.5052072836938
30.688122957154917 14.97161519101703
89.1881364706271 84.77871544009778
53.11151519577989 21.5951435730108
85.50232754531211 17.32420437259824
87.81949983053585 74.77539936658692
57.97410445383164 76.68960025764984
56.56942025462447 54.88861355493615
14.459644232784207 86.92518177837853
81.10450708605309 46.521512961404255
34.035313709676004 92.23233980809087
38.795089507378876 55.33443215751787
91.23172630295755 78.87607322013646
75.57486768671787 83.76005781046692
86.41818697112693 45.688775530824955
0.4447236350142658 33.74199025125133
39.669988319060614 31.010559273015904
88.59915543678463 46.995701713326675
12.722183172090794 27.077722670229043
16.242874754549263 92.65818322457638
63.253865008756335 68.7865233170836
98.93014925928931 20.494763755543378
40.678696402014495 32.54813627304597
70.20051773737472 69.43506427485957
35.051556804918505 89.50704450045794
94.22042768768827 77.58990266919005
94.07035436597526 94.53135603930197
5.605538493396855 11.713041303547422
41.59489948031931 14.703904525974586
5.50393527031241 85.63886921476437
11.725088118873161 30.00777205262144
55.02736515752851 90.20627531797784
46.095809550943315 37.00039851020948
21.526793970738765 21.840374190676325
94.18843549590851 2.7750326440798667
21.47999049321906 78.3881131632198
31.39983381389807 52.76602235184013
53.33438220684599 42.03127729099742
15.591402813001809 85.0174996180531
37.49285080890743 85.0012410708359
66.46083171692342 35.701156072517485
72.82055743905306 7.017758983815503
77.16964096363027 84.44804496407944
57.03033560501001 78.05151775213993
49.63802807283143 20.35135974599229
93.03188165675247 68.61076746191107
89.7891023984977 12.471374838769467
1.12637408978572 47.781944290809776
11.670214559801305 87.1442177707346
9.353995195498443 52.27939020974163
51.28451626050986 50.03626128971995
77.13231802196967 2.43550786814557
27.49193281076 54.47296146858515
10.104517885363485 81.98036128177459
89.77728282402668 4.322430946882417
52.19230826833591 17.77106316221786
34.05172269625519 12.917443656576722
69.26023620922693 99.20407097053112
34.551892488456794 88.97465632863108
33.644997753552985 48.190624616679344
75.12993637645788 86.66568429960336
11.77611541785264 51.479080869850904
9.46610739554804 88.37144910682106
18.613673243527206 53.877318205740046
64.47946140967272 27.940311015175322
