230
24.594419751148287 76.53502647378745
89.07546183547535 25.37435649636819
86.77381097665119 77.00129935853577
67.47759585607884 5.6984018620950145
29.388509341553515 26.176230170083812
77.34430677946196 40.53683568648698
20.392070166283826 6.052629256525788
37.93793110255059 15.152394044353345
72.43509142061673 29.54498194220084
2.6978909793029304 9.620065543459312
95.49407431174622 3.7484252553879327
69.19851433368572 71.14516586154133
23.570432238051808 7.97197278896582
67.60540827819077 88.9261273959985
23.085275968378795 77.99776092139659
27.090016907988968 45.94573596162876
4.6125106800023685 26.927238094064098
29.05145560156256 34.51709192224502
91.98411000119211 81.10768680132557
42.18237615811354 0.8869472260555122
30.795815684795848 20.293369253468395
94.7428638332139 64.2040096632775
80.19978909370168 57.796589044389016
84.53553800071147 23.796654792627216
0.2754191800365624 25.00975895628026
28.57216489723673 28.818986815497038
84.6394462153919 69.0717412131825
1.9115239991211674 10.326396052991848
44.62915051905839 18.527221798783433
1.665566438618582 44.87119855404333
46.021174982061076 87.73937921040542
45.286767238957324 59.17533181585601
0.34450549193286717 1.534900984460419
4.111977932202226 15.754628872219435
77.04486503467172 32.46848440436955
48.16045675257232 56.306282097522434
60.1992492780354 19.2989737367564
47.30375397732492 53.617506636527125
34.73639443199617 26.675527317404423
1.3151241406672454 92.11337796684616
6.031240641813196 55.489735029628406
70.2298026731194 77.82382500126825
23.42852906432229 35.707945357635026
84.17180551130834 4.93483660841868
36.039070779589835 73.2481595684741
23.931809243381842 18.773711342113796
3.8051466700414927 80.84276173817014
73.91667719069694 36.36654645785492
77.64602314220477 32.806447899358645
42.93994028467297 95.27058827070094
19.10117258120175 89.16393613063208
95.21033538544013 48.371404335242914
25.29671954715791 13.957297418724401
57.4043389808892 54.73620066024537
76.07845652470967 72.82741950155376
95.04694084691452 87.89589655513164
15.778194943940393 29.567912955052577
82.99294039736064 17.433530210296254
55.9551819137226 54.6821469194927
93.0851399480244 77.65622549575967
25.094716456675314 71.24907047647572
7.9256348737644755 81.3194080393927
48.45461435637834 99.04467481278995
57.839214592661016 95.7191226711748
39.16617726958902 82.31610593443058
80.85543273007835 55.746730694413685
73.8819447779476 84.40491987226689
65.16412863318041 15.005088653056164
22.528710556181665 81.87548788404271
92.04846157583307 20.131733073621504
46.2179810825125 86.37340818805522
15.29447136326284 97.35334603113436
99.59203514246714 97.96659636098323
29.709263994409085 24.671623405719366
70.39410949376008 44.662975577892574
57.875231051350525 29.019434581679228
82.71745976054939 74.07905649306402
28.795877477900543 56.80939451388625
5.143910490813064 81.83547831889864
98.4745261673169 99.27400928868508
54.92171489510679 54.67245538645834
99.69622368122633 43.28690920174597
42.03204283641947 51.99372397542679
12.964030203524167 19.232302251406185
8.2805721740142 41.048683444417854
30.629219336561754 0.14606433534677388
86.39520698228314 51.80342459826498
79.40934513764036 57.16371227450687
16.948566751419435 19.639256562276806
25.990021072725376 50.06111784307172
4.955879877007918 1.3693349388211429
10.992496340379587 9.064768625547693
91.30009365043747 38.16709385227143
15.891807609690956 53.018012003130686
80.79038513267065 65.60506105228775
60.584653830695345 32.814495951211256
99.96038374164465 17.777339366240785
60.066116362483804 16.99223261946916
34.110351508482836 56.0066023635658
78.68293605467164 93.23683212599134
33.095631972437054 96.56269373932682
14.114739252442043 86.88468644260944
62.31537896906113 89.83570722059798
22.81508453395166 55.09544867993338
91.01888124879578 3.4548501450970326
43.316708666955805 52.60299489706129
2.6352946478282346 46.69205866241766
71.68110210921589 53.10708773686649
21.165306735810084 43.20701645517458
39.07059693404618 32.621779886155664
35.555208457859464 63.78386091839232
24.095962636118962 63.104115704797394
18.382532565549415 29.910974436488303
48.171340300069524 67.91003829099951
74.31272233177191 98.31663059810492
33.83775304389871 0.48707512119990914
88.4674782186182 57.15434907967894
3.093818827117678 95.80233198200106
62.990049226680625 68.11392635525357
30.02559778660715 67.03797564654263
96.41278529726964 27.206942855976145
54.99497664134881 4.431622282829006
98.2684941314836 88.28628155719227
60.79198407949312 73.52813271527924
9.850303465536324 93.27494149859861
19.052476963709154 98.85592475363141
18.840043373043038 68.30499465195982
96.86006117723635 89.65215125613918
86.94967788361096 38.28384683931271
20.736893508131594 64.86027149142896
33.16624669698328 57.667212294143525
12.169178037005713 21.187875789080056
16.96451562985458 47.06229417359964
50.27001457710657 77.85898975635394
30.437489983468303 34.36780575748743
40.35546241044307 30.08839248062397
71.09299059775037 72.52968023105439
35.94829477813363 30.223360790216745
89.0836490496366 66.04695421550166
43.21442019826869 66.23226679154509
48.28208873623731 39.69628097447456
60.82885369107074 95.26097017080019
9.358192275867406 37.767687659047034
55.63568790861046 69.87295122276488
31.967573040967466 88.61797232084523
51.5321706170727 69.88450923863554
61.197407246360555 50.446773792075106
4.4169608409244105 67.056105325058
16.54263545982203 47.82809467316091
84.09446221892303 89.49599277744895
60.45516207359145 31.612941316847575
85.84002638932562 4.642360964177838
53.16878065140972 59.38074145268166
10.517273621209632 31.14091964889041
25.232707677875123 25.42949615478146
43.39891541009383 97.4052888394675
39.78876695662703 1.5878740895211685
15.200231787194173 71.09665366792593
75.54450635879107 70.00918492942017
18.99470577699368 83.14124927100734
2.5312423245408167 99.37184550045706
15.044854887102188 99.73166794820754
26.338179439063747 22.290430354219858
61.84438275297659 26.579835850158407
78.46816156663402 1.8694220402681094
14.05031439496881 91.14044915866009
55.10137189461404 25.72683477102039
68.52188945195043 9.342883795368362
44.913608765678646 62.36981744560654
6.308765761991686 86.9632353121704
20.73851812964834 70.49782257386404
38.25417875940116 51.27008301442048
16.376108902204557 40.59888805198831
67.96257660234559 73.8360893940466
51.50469870684135 57.0774556202955
5.668447453696713 20.315991678603716
30.4512859005443 36.616553012439844
91.34274891395253 14.050239756576177
92.21372293490732 10.858171231960178
87.39016957021623 68.29294280210912
21.141168428222347 16.794151101550835
75.33810992227586 58.98433713428306
31.522676861888698 46.963341607057686
48.10992635939071 6.307555654449315
1.3596420352981586 18.26100488389808
25.16675941236144 70.09661025106104
62.998886865263394 2.2407273183226883
27.751065853025448 75.72228914781245
31.20696030005122 90.24615363072053
32.84089407865059 94.18466103153261
56.57174870549977 85.14843219905048
57.21989545699995 57.071938010468756
70.2399652004339 10.272834810669407
22.631162327982913 17.19999085397449
21.917868956377053 26.825658366369353
19.225071967436048 32.95258023209775
59.88128458116889 91.22773426885571
41.92112411784843 87.95052270162184
17.65030291539099 68.72213033762489
24.804859795824996 13.05074375577937
66.87190651977359 96.47172356063199
77.88701913143868 11.519485198760437
72.0362827949042 86.74894270033118
75.5409956348447 56.834798582864195
96.30055773194566 78.29763854989868
39.94977831848454 40.963742094287056
66.94476079419836 22.134304773769685
14.058916804056077 68.75353950217395
40.96115120989319 16.04485608060414
83.9372483882845 39.29797353090243
12.932788226296877 96.34820181535689
18.7742565659074 16.854364276851307
65.53481266580954 61.613071354252845
5.832572199267172 13.447742386304295
28.12392922257422 92.30948997382526
10.334311033934807 67.44260549993942
60.809428614093555 55.68110378424844
42.981376256900894 96.1606827486352
3.7130515123865115 72.73901839257711
19.61076910859838 67.13706815431716
59.20681926555874 27.345660356652246
46.21156798212051 37.936449121984815
97.44676725610753 12.205677658047275
26.40446202856317 6.397919794509144
48.22853825186729 37.825943853198865
14.715146134158786 83.8268265005535
67.35764626384912 38.09246535651908
8.235832462931791 33.33774923950866
73.03021026987498 30.198376320812947
28.997937497657745 59.02053917484763
