27
73.56407786448642 4.064616087663642
13.38003752437511 48.95869714657456
10.779870715019458 8.094811359183673
66.38292251956067 35.206703926058005
41.57217556684895 43.85948923485944
1.1040184125656771 13.440497581444244
27.265117766330338 51.72416437770912
51.75003713053024 94.74249451042176
21.073660806716145 50.20192483569876
55.944584421219545 4.765657177944227
83.15055204741468 99.45994623429448
6.62222139520392 1.8253257288515012
22.385642530048834 38.940287784406024
90.78238467692725 24.384402672642214
33.2127299110591 65.57955180840882
58.292059291439145 56.31091888490549
85.86316029597708 58.88790376384874
66.7539937547956 75.98040359473008
8.962035023085724 90.57715495034822
39.683445341216625 85.56068027810687
77.20607183412842 52.96484043719866
28.759807944460135 17.70360064048494
48.646081086867646 41.73109811366801
71.61493627678259 24.951727891773302
26.28637909467355 8.66914400979104
6.5212863755092165 13.630073429767297
46.54416754007341 76.39870032034253
