241
74.92488050968905 11.841215018074191
72.43669569453104 80.18265642599917
95.14309633766358 34.76551150500307
68.88214345282057 0.15955576264368165
46.77035051099454 4.270212613911495
80.72457971596306 67.0057222831317
24.29263754724955 49.03378361416849
80.52203195035318 44.17336870535424
78.96105754875245 10.900911852754081
10.90272306057216 66.91419417228298
31.43776091955105 96.65518747999043
68.2831779588292 17.27216864838006
29.815894469726146 80.86219283048526
92.10402664323148 11.595243409165402
24.93297163261703 93.72598639919418
31.995198640453026 6.010863851917292
11.334948536317812 20.58017134785771
40.51120062000217 59.21340101241789
50.02648154346567 32.75546518918143
39.972815757637726 40.108540289232195
7.529950737748193 92.96185884404684
8.048522544686175 16.5274350298364
54.00851053345027 50.817812653275894
7.522970503850157 60.90521888347165
86.98663426827748 19.072862714860072
89.81382475980877 22.657356061903787
49.98294065907059 93.58125924909407
18.528517514670884 63.818608280977976
4.3962951981669 26.20484565254063
39.830203592250214 4.036766593780438
19.7328311717179 15.65424837588566
82.36037075557648 65.18164231319912
3.249314171760942 47.708455784137705
57.815024065464016 59.631906272428395
94.1755563442549 22.66041479225227
30.537957686736338 55.95665106430605
59.278122806916315 52.52267285770298
71.26391804542882 56.030678860964514
45.299800293938965 22.142971560954237
23.27319615748572 1.121622049616422
57.65964940817903 93.08019802030638
48.79294357435068 32.884251272820094
38.90321910451669 89.96825948352254
47.85229245199565 84.48087345718577
62.09154467152508 23.091967753757746
7.911732290882478 74.48242019089363
13.472411364561376 69.4661932051291
5.643492276956785 4.748991972984495
48.82475885717057 77.85229412590371
49.620897500660334 83.40057109996644
95.51714177233882 79.64418544527126
4.696178354087277 54.626429196325624
83.66799519546325 60.69813400106804
95.23794030707018 71.84227298193643
38.5418726044368 48.96428293685348
6.283275441529668 31.392206114920906
17.700966465764466 19.445147856945567
36.28098377333403 49.319174786121835
19.455885228362447 98.51880690169858
21.691223811088534 20.15294645255664
6.744630252151229 73.4241238175902
63.110729704745026 38.742699490383636
88.18792074961675 75.59860878895576
32.17799782920427 74.14972660018154
5.733185390037409 97.2305632056989
25.54665349175349 29.50331250960908
95.82541740176413 88.93518782788819
70.23532808484498 62.78951580100974
46.378043383983346 48.28442265710914
53.29670506902485 64.86187839841845
43.87153985831922 74.71324235997838
40.8528909300349 63.43959544996329
72.13481579084022 30.140002880262873
99.52038325951543 28.95484926420664
25.982727483023538 74.02321082042084
2.885205495050347 16.01710269782738
14.55553584558411 24.217150156151433
36.215052254140936 84.0130237984182
93.65314777337474 2.612390840529766
18.740573218108036 39.60109682364348
90.47001190355324 62.56214381151466
5.978775228312239 94.42715557641233
38.093854376217216 71.33864836706137
67.79089246741054 25.136392091041458
43.32308210849004 53.42099716804529
87.8622311111666 68.46595293574536
10.349814047473483 5.066512407907298
96.92058870569605 46.258849685933065
67.16555954335561 98.69827887666871
55.36454541617605 14.101557393501896
77.82929811914167 20.9169657315453
50.62575810097461 13.357744828599571
22.08798948583135 54.794461457115915
55.79423817242037 53.22577643245312
37.984301548775704 3.8941807515604054
26.63627367573237 35.51200543252059
47.8714460781602 36.63097374733506
54.58714242002131 86.08063007779798
82.98681568749164 0.7738002858523219
59.0226719902182 35.786693377877434
21.268669375859194 4.823699679255866
86.45197937352354 38.96469941717371
18.132670209276082 81.99564602142837
93.9042339477906 24.63432232132248
84.01986660938886 73.97059428832293
97.05382458541585 38.204301104097695
39.83326507022935 48.7348800991546
68.88097209914011 3.194438457609694
10.950163723131013 89.60766868566384
89.37644380279207 77.64499291344411
31.291533844627896 53.28860782294841
41.19137257616693 6.495587251043943
50.62292472330229 95.01398286020677
20.907011983339817 72.68239182649361
14.574439421226115 46.96400319596704
26.01192892263939 79.47296599094345
51.876354282993645 99.80397221878825
85.8844026654342 43.12666025132449
49.071840412442725 69.6122579300216
16.37050465763864 29.788223151504788
0.42690456934424414 28.937793610473474
90.47531103817055 88.4114415302813
25.61517422957301 53.726541443453904
96.76544004665064 28.25551243917551
75.68943419045627 49.76011334122787
99.79705400696581 69.94937831620895
88.42785929015949 45.49740226427189
42.043723332849126 83.05504568123266
28.43100704753938 77.35630991783542
52.00205145744291 14.77581454042608
59.0328151885592 69.4194584308684
34.234382595975156 7.9943251452809
20.722446917480998 49.523868413604475
15.94413357794473 99.2834708725075
16.000394038482824 51.44864450671882
37.45927170175939 1.434079240263364
77.93777239855253 61.0863656027547
19.497751989947876 86.77849075677811
55.10572470106335 9.68685641145135
18.003940250750162 91.26418446119973
92.80008176017685 99.29260985382028
8.25508461323593 30.580251415374825
32.69175231767972 38.20258284473505
40.73573182528967 5.016136148410966
50.830686411502754 69.96473728136282
51.91566957440572 87.88423183896926
0.47647333663402014 56.041281350544246
72.64564009062812 30.416595058780626
85.6041752061288 76.10339954365601
19.39794140139962 99.18243827447425
91.6374915505068 80.697179585507
99.31810535621136 36.792139166525814
17.34625256893525 86.37428230530975
60.53496646123416 69.98155003160778
47.59241255955067 0.4364242333718682
80.88821111633206 15.362319466426877
10.324879444881885 21.36061161715248
51.251251589646486 84.07494130413512
80.58508214111296 87.45638405184336
99.7728877807473 16.34002683539425
41.80002205492976 63.9964404314635
72.74127960604065 41.41055496317488
40.84078343587487 13.270143770712261
46.322062631234495 43.989289323580095
80.86918685227079 55.499801424666515
46.33144453324669 63.16961067916819
20.01991909145876 91.32603581561578
65.74542707075227 59.903970410323794
68.03801621215679 69.51872124580206
10.815093079757254 61.67942373694183
98.25133895085494 85.25648345038246
99.74496704454673 82.43451107402535
17.054813117489765 5.245766321625734
74.31688513248712 12.390707895106834
61.3923035010121 82.06592285096043
32.36954958594339 75.32160692571856
40.69198412941319 14.146847932497364
28.764827120442206 39.26913730757956
84.88170214491787 26.12274254525716
98.84108143710651 31.418730075837896
44.61021807977696 39.91857521223078
47.26650792307277 18.930302168806545
74.76405010398169 48.47573705300569
56.64526490388013 74.29940397813546
37.80498624882197 93.18047718824315
95.85867292227833 20.669160428004563
30.09800605600992 54.35852234418229
82.6727148488693 14.474528039485346
40.75191344667187 16.468570169323947
68.7941485090878 3.1879372119731686
27.214542278828734 8.670775557496635
52.29850049940852 66.21463345787019
87.46659846206197 34.143792560489736
65.41273197719592 14.794346412970983
8.133617429461893 14.144822706121907
44.50362510603107 72.6170363731362
71.43792935559817 52.89900399428831
43.08724314545272 73.47837657263999
13.165260619982933 61.618719122715994
32.193540503160975 25.14880676015847
57.16681044164964 23.363472856118715
28.532671620622907 44.94564499479332
66.73758464268155 86.6570143094548
19.95236581655816 10.800900462038976
26.921953751279958 51.76991319714895
41.23920885361429 64.81666528024563
29.25623301513729 68.23382879027164
56.19285548499102 26.49613333417269
63.23199961841623 44.64622345696772
2.3381261511449147 61.12961598258722
35.099475117699406 69.858699445046
80.04803375276525 8.839662330482579
32.02638520039962 57.58152689983276
27.30921715651209 35.30560787488787
67.76635854610136 22.414075399956324
9.890308728296748 38.41097596234307
49.30007734935413 64.7706190933525
48.801129795054344 54.39399670220211
89.73034944910346 22.553082512122913
79.80367066787612 38.21041208291982
41.05700746883696 11.027280433940124
65.31950695640472 65.85582838293884
82.74603752460851 69.05463366392458
34.81837833055002 70.03716443830729
20.7297742780847 20.094087807654137
55.38014495600545 6.384047966749284
30.791996533336864 32.08197308259575
2.7111050267191517 44.31058781157537
38.104243243034944 66.35955462115587
67.16699238539434 64.57673610780502
96.61298627703957 89.1464274283716
31.369550588288075 0.08317582337201701
81.42001066435664 97.13846758440872
44.34417551062466 11.624429934823011
35.94481303702999 84.3586780135011
13.545027468006044 21.27325959366687
43.24615840485948 17.256432733748316
12.934655298654585 28.613787305571837
16.116469104078245 28.58469106105822
43.237156205103375 14.346279155382103
31.64968285243629 71.43826978396615
