226
41.70071634513531 28.206722564949093
76.87229059920095 17.619389510702455
17.382065165219363 14.254495095744202
3.357458846643524 36.290783846019245
33.960516552690365 1.0941755667073116
19.3474817601764 59.94647089253389
65.5857351398433 91.74059272258489
68.69593729338517 33.538075012543935
10.593747035907874 87.07211889392858
23.072946544810602 43.09037300269881
73.915796842049 3.4176694991600476
63.29507787170824 88.0210205593278
29.290793102262892 99.93598434495958
53.458641391065854 38.327382501689215
57.878322250814776 43.99048417925287
4.628362030866285 79.49272626815271
28.913503592521483 95.62916082519699
31.117513998207315 28.701325369226783
71.43068584700653 50.894427590249045
75.36261395642143 64.88717688331191
0.5285534162019379 72.9848583935777
15.863874544850853 6.7449571440028055
88.88871956727696 81.86137985833999
78.80424620291514 10.57010261392044
53.2681423158476 66.49071436724475
57.188736208313095 68.08935002616415
70.55565565669279 1.0486724397438252
36.01913620365623 41.47115522921453
67.70866397813697 75.4439054347868
50.22229368647789 85.49625702374196
12.423594258791137 10.09835151365902
79.14647702060329 21.452538475371284
48.6863641113804 44.40833191521377
39.626540520389895 50.32036015660395
6.897410695609518 51.49472765465688
89.86065569363313 48.16056500204049
34.94016066113544 90.569865715025
70.97858300179757 96.62924639899963
80.11979711979875 31.521506705885074
76.52539401691173 72.6277117721284
43.778734804652764 54.70995940107144
65.9364228584466 6.727486962725237
90.35956013608076 12.824013189044381
86.26333595756917 98.73166035853507
66.10603261306672 6.674755541994115
64.31028438972785 10.245404760213662
2.8358899265095716 39.03681199768035
4.998722553411472 91.68448695868749
79.44543529434794 82.17602991677326
74.77185232001816 23.360041508046127
28.83388388839211 12.80876114178361
79.69904770670719 60.55989060180592
61.4135082363193 30.543675704758822
67.6236691614181 84.16494321234445
13.769033250768736 72.6778130855984
47.10970171549559 28.20004402210764
75.15080562269087 18.45499262563942
52.83312517193861 3.7994593175644686
6.554838554313602 17.505833230168733
33.69529636188171 2.483017061695525
4.543063649593981 48.38685080975452
24.136477095939767 28.396726579633757
90.1146859057227 6.57441217164455
84.795336379024 26.13372701328276
55.45216072272918 96.86260155218669
72.28279853300288 4.631940873696349
68.01429484502826 61.45572563685585
48.3674042244236 15.848906049971434
22.920299084657103 46.58088637390436
65.00414298432291 39.1035382342927
9.229838377864342 80.60391124313638
46.24680248091813 97.44543397409213
30.209208729718583 38.79316065847584
69.06431399637903 92.03565830596273
47.66804978435104 91.84744772598489
72.76745673168223 80.93045523652471
98.37092502024095 26.786089468824702
30.64745122916014 21.503678513385026
43.31094587018086 54.5130930280434
51.539467914151636 12.63312221114472
4.572939179961666 0.7238618533394137
42.94519787997737 92.39733241554218
42.67989035754074 69.49441094909645
35.02983779091694 41.6453764387112
63.081468703011545 94.01344785368556
29.192130468882805 27.337503659376207
88.5435210572445 0.48127345898550944
83.73396493459562 77.35853241240181
91.70277000627442 2.2481164236811013
72.79824048870968 22.143908333500907
99.53327724937893 61.6584487394098
2.7506775510581227 49.49292210478708
47.72142022497765 78.75746566029224
18.948431025373946 12.021252330323817
25.564218768341274 13.84140211572964
57.691793390037006 37.009682530596635
72.2394272215185 95.21121328222807
36.24305163874597 55.529042540619855
23.401079923627076 99.27381004700217
57.583924693166196 17.389962093673507
19.73026995760071 80.46024404881848
44.25484346849659 74.29055263602848
44.15491361341354 85.79058093385467
26.488823672484727 75.68498614456739
44.37087591327658 27.138595496184305
37.35000208770064 9.749591178033468
81.80962507095136 51.25148765268024
68.65035882876732 80.74680292152728
80.81630450609391 88.9900437659159
78.30820383497881 84.15666268838868
47.00377394007154 4.983400690521867
83.42872261502214 2.6785788107954844
68.02014915922432 20.78597887489514
4.133823610515385 89.86538233915198
76.2096675074411 9.157274012404637
0.9693099592085197 96.76675145823303
83.40460338705368 37.691867203088734
84.69091852058719 93.13990950372529
53.38976277362263 16.253849203077454
13.94573918736578 9.09985059787165
8.896073668358396 28.098242096730054
11.933893659571948 51.396074443237474
22.571869743156793 91.34316961395157
48.80544067496054 40.40052251771819
66.31783364331866 54.70268734648349
94.758568541137 44.66783855718436
12.271703183120565 15.474443962584704
96.01735630672361 87.62103027492289
2.7575490883786413 85.34526014691289
81.7668067450027 98.77537562348977
54.54126116797136 42.50881568820286
54.7648465884133 97.78304035676791
2.9053394710278235 92.8124123195979
57.072977302253605 91.71878616302617
37.092120244498986 97.43413165483072
8.080311835724885 34.48771138077852
11.120200441538476 72.22943704841059
95.70017404152291 75.6195806465961
64.58652560053994 32.62622600412802
32.73523940349763 54.87851748621072
15.886331528127041 84.30016398951828
80.67443635324688 41.98182999715353
47.58521014710587 51.147546486361485
0.5692537872518222 93.08135220937314
33.66461456798163 16.873521728524675
80.37501942831574 4.4331334881951285
98.05851873452028 64.09509680194545
36.64375152994194 2.3777076273038045
44.23258130973754 15.310336059015084
34.955087083205804 96.99311045357781
67.96342048329439 74.84013263075701
97.19490470892039 73.90264372793935
25.77974432340515 56.507088590782026
14.335722415682351 18.165545787034098
32.51101595649594 33.8373248247916
19.68410321937788 38.55749933658481
88.38277675680025 87.26136027025373
38.92163473063855 23.626468681194147
41.73068731668972 82.47981304306545
21.538389929852777 91.1965418542947
77.24100724034824 81.83758931202094
62.8634223724469 38.56349646919245
16.405499123804713 37.07817317817339
5.67372402693922 31.626728388398394
25.702501368834263 11.888079762370863
13.445849644813645 18.057735240414207
28.70060672911039 11.173867664509196
32.73423062743722 44.830287081830356
13.846372517247252 43.472330131232496
92.9402041677921 99.4687654013818
19.297044690837208 97.53984655640897
95.6890480558549 26.92826391956634
74.9489008211577 1.4285640195925486
65.79051595902945 3.087336901058335
16.402363269184494 17.92473835531141
25.901100896862893 15.607779999110793
98.9360714149982 93.93502208444721
86.19758453646996 75.05448146295244
18.618146180307228 18.940934368516814
41.46878576227472 8.482372854386977
25.88637627602163 64.4153359146095
71.06376020123426 95.90926544676937
93.9798079051689 76.80123123457348
45.736627598721 43.831809279689224
50.59437585097268 27.171646664941974
58.56476287651747 83.17379731054642
69.78931216797594 76.22206343672691
13.760590772657011 17.16058730422303
24.134998464843804 89.64220262751367
53.91641639858109 49.41059941634194
4.777907868488917 88.115227872316
87.09740859197561 14.67934790305826
87.80166647609954 27.34544883018739
30.877975071282126 75.72359390606678
27.30370863104473 45.745487767391445
62.209994183629924 25.293019503554948
65.69335175886614 81.93369705068476
93.4972144029073 35.323180963920905
25.95515993341505 70.38196293678006
14.600829342172862 81.63315980719736
74.8624893008357 28.73564035395897
5.674765372982449 75.04446652365033
91.40469844448005 21.084902354787804
65.24926782793018 25.052611051917307
51.42253318832821 86.6359607909573
89.78420042484862 96.70102914691057
59.453902303537554 7.9791015337188025
61.68301128844921 72.22934203917967
51.05866668110234 29.207703458203106
78.32429353654916 74.75534255612769
36.93090242107231 84.573073638928
5.626690242523457 42.826710084289964
48.30809908240488 48.698416534486654
71.83255052286803 63.01150023035602
38.07023984608811 87.13800686115802
32.052601109666455 99.15614559989383
44.68479043737318 45.992869511838016
4.409081821600392 39.57202352489866
16.418965218258 66.6791982696834
20.258490459475397 87.94315712962822
40.61216421668908 76.93879039588464
75.29503421607151 10.283930057571055
55.31677889484033 36.63696422244745
74.21570893767598 43.90588656380889
95.80769258121245 6.982013989876723
88.27375473603382 58.61005238859979
