218
93.06616019817837 46.216970161319345
56.753961764291475 94.22675449196574
81.44800717868787 19.993250022440236
64.33718557129973 53.43522835691423
73.62797950518014 86.16705345510063
18.81668259004855 76.53683315281023
59.57812873453226 35.37150923528398
66.69364167682615 86.3830545810607
42.56245929049437 30.46439823121788
58.688119992474654 7.5543030693863145
18.09294909906143 84.53810152833653
38.387697906580655 36.00835309370426
77.77609505682653 21.47356006022576
49.4370783877034 28.82767702393143
48.67641032144602 54.34621273675362
64.61771264919498 13.288127320530263
41.823900880759034 21.674179811556684
5.138336072954408 78.21302862169915
43.69735843976898 53.870924816519874
18.823426071850925 82.52960459317705
2.4221650228400393 59.18094111058455
66.12214480330952 61.20683040621861
51.01461140092168 35.64101307053732
83.17393047205414 76.58881586592835
19.10068027120795 61.947688644265696
57.37538554574516 51.63796844740065
36.82141883697798 59.02019824073474
73.4710336211107 63.60212617459361
92.19522559117178 5.599771750180804
8.026684626103442 75.29959437449367
20.290619474699056 9.662925608188244
38.83385156796877 71.4911972615245
82.22780693852204 74.466527590024
94.38285022684234 76.72288380834723
49.75436057971315 47.96605037717382
86.22725608362596 72.80129141956243
58.99106035392661 92.86641926613115
57.58885743332729 83.91437538364426
48.529657540691794 96.48688151974311
59.59100052319719 49.09514546592697
17.594261998287962 0.9040792823809651
63.743332375235696 56.40886501343019
55.094137705889956 82.68594866237984
11.746651760498272 55.57990820042665
77.4449230087869 33.01998190308998
37.819813591950634 75.15570278508451
83.29880816626522 6.430182566994713
41.629648113762826 34.23389179910236
10.352924740847481 96.16582511324407
88.03730088263329 94.48971929888535
31.991478529737137 88.37564398684215
64.30045583320477 54.4804217410877
39.16982906119849 27.040406565833173
97.52590452251688 14.407205348853669
96.23692704200691 66.93951416037477
22.747182607428474 85.0796023352465
35.22739244731753 62.74144836121626
7.009956137530915 5.931973221861453
70.96593735560968 0.4992665398568352
35.36050598106932 66.35220384199599
15.19118054260744 61.73618540862833
12.301064114894212 37.80993517310165
90.9939194623465 84.78638101370473
74.80342651072526 64.99252308994107
82.26295222421076 46.71600619761706
20.515465568633463 2.3718906577570698
9.326614857261617 97.62249659121282
94.10235558077312 1.129795473063
78.12071586873263 18.980356795383123
66.34899270499426 46.797533880857564
76.12181212860347 61.31952807466601
79.56077257222022 41.57765384264616
35.022453625932116 13.316892028905002
85.76387640489003 64.11965847678812
98.3829815711476 34.75213545696042
81.85820966770704 92.05999926148641
22.827185021321295 56.376171591818135
51.00594066541452 29.710855784090462
79.19970567405278 28.037937277306547
79.94064970861274 61.57077912106047
66.85648948229885 64.26442705642084
19.473778949367436 79.46760506681846
53.562236927006865 64.35128476222498
69.0434182527387 21.984549262749155
86.41555926216581 59.609087541963866
52.34089201258495 29.381639323387255
26.343880606940207 4.144958965394096
57.92539436262922 86.42735178755694
45.23554051227825 24.361929561332595
68.31189051487455 54.415513647622205
72.80314429529162 49.65390036195455
28.632318182434012 31.606745868012297
66.49928783324415 32.29656648803022
94.72853070945096 4.470928536970353
96.70226335924234 48.63028396302306
70.74565805560098 95.84444532629428
56.18658893619719 27.349885541187668
87.68605242806863 11.659348262151692
37.319688640696526 17.952159835952276
15.780532527719316 14.689803711575223
4.041215918839425 96.53223085421102
73.65828019893415 36.69889361016263
34.64097901466342 74.82107565275294
96.85922885163843 53.53115517722965
99.73978723078304 94.07839028393626
80.57451361739648 17.065843011098046
92.38172334871598 3.39914548005944
47.527990960561 47.11090893880111
26.802436158811915 33.58110967875672
58.841851821927705 26.957499817561526
76.23637009222925 42.45168019380318
34.052466850953046 10.045538031113887
55.868889397387335 65.1486454586638
59.41908269143127 52.59228626474567
5.5978651593833195 93.76167149250581
66.25049863616297 41.25656326485591
77.19320499572636 16.28442994106991
81.9948236595742 34.49398113697074
73.2740131267077 75.51897739502776
1.924512013993529 96.8245621025724
41.16502557982109 72.98299959067472
8.508049889292135 82.57341943085312
85.9996777217488 47.327758387581966
19.28645332970047 60.41597605098923
69.50342615217657 61.16959524801218
62.99350231925178 11.614148670469648
49.513027490740136 71.41840439885651
75.39619002422221 42.34695944209741
47.090286285216656 91.00708053017627
33.193515041153965 93.76138529686196
79.67064697727362 42.029347804790106
17.856105458254856 40.806069642199574
79.15998272471639 51.74206732364404
72.62524781765502 66.23160381416007
52.1557276186805 40.31891229386718
91.00112516704931 3.924584501099637
93.73038399488098 66.96492582335226
51.990161286646696 4.006422366527196
84.79568385433136 23.400953806670223
45.6060049815718 23.026696249283575
0.19984605745122508 79.38769852710689
65.71937675354057 2.8264851749490227
37.15816583502624 13.485079812573774
6.951708812430946 65.23779492265072
34.70795683891647 62.13046061443558
24.89639049210831 27.458924420923115
85.14022243542212 75.29699928100459
63.66126986390287 29.077148055884194
62.415451950007906 19.56605355492822
52.62476858887462 65.3578653164691
66.35182346036727 19.287758155278954
1.8031733011171114 24.013647379493907
69.33846665958464 46.4197276563714
89.76690494907557 79.7203864043362
26.785742430442163 2.034157415970661
46.3464516590018 87.97589194754886
37.682848771615255 67.68357687429217
39.92989907798614 57.23900920823669
99.6016924307291 18.218738547172087
97.3997738120322 16.65023891542886
42.511754121293244 41.59275239426259
33.75011094358603 39.54524034725798
72.7651728337598 21.293589491911412
50.977021130286616 95.70088702607651
65.73163630992049 66.69794355663755
44.57737278115275 84.92625886266313
20.446963863557755 33.77285151654781
2.2938354733483157 41.31377340775948
32.53010024033948 27.851209739260064
90.65814812336077 96.92011461672622
9.476946236265437 78.08934162462312
48.95919203983497 76.90530814582227
33.21499807268572 48.78491518028291
21.08808201921677 2.3673395073344317
16.708328542187378 75.99912750204003
53.793966274674396 84.94504807501619
99.55349272945564 59.59783410561681
94.97359366982027 13.639816162040464
66.40374391388406 75.35895436960729
94.1950530918574 50.853551824111854
39.642212055323846 78.23031637406284
97.05018428708765 4.107350026442336
11.617182949991323 99.76642089451974
44.86312476682556 40.31280044691074
58.90620434646041 58.54015683875863
5.142498060683398 33.26508838102635
36.23396385907283 64.38198526642185
21.02086807443714 46.778611520305844
83.19133899282119 92.6036373250539
97.59697011949412 43.092781485067235
15.0157629954067 75.32950101345658
70.8917336844993 91.25172774484281
39.97236227596087 43.64567443697983
52.55193365221131 89.2090714181294
61.210085003960316 39.40278180902287
60.16217591430871 62.1671347986997
50.65102265195455 45.23130822772485
19.053303286036094 0.4027365844249786
76.08896586028571 84.37817754657786
73.95251751646825 99.2565727154735
98.87283016144951 2.4339653442264297
92.80216243307473 33.21369075971372
21.53327655981728 64.43741032624077
27.877400880114166 34.563154750636436
79.0439279949645 21.577086074040974
49.215039966833196 37.10837289102608
65.31812248200526 55.11488448968127
97.34611650397385 64.44689224597295
73.37973385479192 91.90291056298125
65.3756987033633 17.23962686214129
23.046395261044594 52.39132862835518
16.491516887222303 34.67133918399583
85.12012178309877 42.85049390751522
11.39838540546868 2.1316494684565535
79.04466011094482 0.9432611126813817
99.6276376878241 24.479568468573877
73.52294130606052 91.07934049662664
84.08029524799025 86.28589706170622
