23
10.904121934611965 28.035546213622187
25.068991533557405 79.49434042474856
10.343759969079647 25.602285649460743
56.950048343558876 55.39526549749058
51.62187061257003 26.202057481165
72.54466064158896 74.61124555989144
62.76777631420806 79.80543790753573
26.870514006914114 26.32166717080474
15.763548791459026 48.22204286895484
33.4925047329191 49.557945201057905
90.3306373497726 85.92791266073544
66.29841428505 46.66351923947182
28.9368120368399 43.51870612516099
68.18784917206477 74.05333440349932
82.80207334122657 99.04832871554373
46.90380971340815 98.12804436635506
48.73908954184984 40.53230674254947
78.18674500789417 31.730188967740926
97.6780823139234 24.270481971564017
31.05768470798792 95.07949809828106
45.993998397629056 18.308323127304206
29.58468314708792 13.097396885479707
3.9974407349160246 86.68415194880619
