222
78.44414740126098 27.071056294768013
80.07060920675278 49.02683339876208
0.9447457963222772 14.930227564931153
4.819699290542811 61.41611570128025
21.286877549272297 96.21634182695621
57.294603951533 19.887645214031004
45.91641400132437 66.58301144789496
15.208180888532652 64.879923129605
95.4161817853252 21.793702105793766
33.38579511926066 49.05507509579958
45.90151287368251 64.51807081230164
4.117613825808098 0.5452165571388279
22.040020561219876 70.65027894832119
60.4793807687496 68.54091846701202
80.73612730471262 7.103845443600331
12.259951558636617 87.43285771881672
80.7339731349191 66.98522857851059
2.9163911101291906 9.463888047989022
84.85909878630221 4.773627359851995
85.19581070641735 70.28439886550785
46.31302414171859 93.10805208691222
54.242409953022275 62.689854580100636
84.1817184006913 48.72072055819171
94.18273656152074 14.509997129358554
4.860455640772921 53.98829130600775
43.17316819862208 19.068735519767532
37.193283855037585 5.28012918628058
53.4162979382481 40.932846666969766
97.47778066582349 83.1115418445879
55.427519828074445 27.12978856221223
44.09798527191392 8.206411844152395
5.438563143060804 58.030304741847814
11.320272597828197 12.25881180632815
25.347943705705656 32.92968232950454
76.45862384489007 48.424327946123604
71.29052065205624 28.496458730623843
78.53913039899055 55.644239789938766
91.57637360192048 4.02921148827563
64.37615522732185 21.22548192699716
72.85754085236698 8.019666676479742
61.14067597439783 78.77764363592094
8.928777050641813 12.43838251511823
93.90104999355378 7.534490433618101
32.311711271927166 31.614801626451026
86.62535254634619 44.90701576818624
46.02613650199257 61.48997671759279
37.63289253901192 0.9335937143437945
62.29221866706679 76.44236024134388
30.201827362170384 95.71006136247198
49.70998942347353 88.64818125335866
3.7303260006842143 40.05232029844981
32.416968932468 0.19656958579225003
37.62774191038495 4.097656037022624
56.3182498645891 53.275196963537354
55.506411075062346 70.90778800802039
48.286447548111255 6.851687026802267
6.714910861850165 7.625753285226056
14.947012639564083 93.53864683872902
72.94916534051816 77.5488400779124
35.334597309391 22.557808455765592
53.37974551002541 54.441288820148294
26.17611537262804 21.9549039092212
40.05112889035436 11.1461333455672
29.069162388301084 30.076739449215196
69.90133987834193 76.16334974740056
39.611897368887874 11.309641276479654
64.74066064294284 5.155040705245739
33.60073897138092 11.129378242113807
17.199138788376487 34.356546691532984
71.36191578898928 34.409225517207666
32.45743578740296 19.871138135256516
74.19216675042395 67.56302790799202
29.69739220798957 46.22099586795733
26.782420944672413 14.624151153994447
40.08284633248279 11.79249973022145
58.456405822008215 10.35981354779999
52.36005127140195 11.913118698514403
12.620810768003777 34.365107297113994
72.1952858686372 82.73743506613232
86.79489542556996 59.508645621422176
50.777781126492584 69.52622355207045
78.39620311995445 99.21453957987086
32.09984689961267 19.669537032071492
31.704657948105986 7.7373031540548975
67.19560712899822 88.33522756086175
92.69195926182577 8.095462464289117
18.32771318593651 41.93472015993602
94.74634071171909 19.21347101351619
61.77722133048233 33.37123077665367
10.525009544833674 29.991468222797025
18.741412953565405 33.61137463452452
6.655241785136424 90.9504776243249
40.615548008760946 0.2876188623485043
38.6628515863847 11.078198685637265
85.76627519467091 3.0597208620283256
36.4035298273665 43.63370153278727
18.00733976194384 19.855159223127327
83.36881711801063 17.857529975369
31.72382574450833 49.41524691857664
3.0598210332794196 64.42935482209721
80.20859018594857 44.988880301914904
86.6855169687271 34.83760026688534
45.39489532631059 17.586771179489403
68.93851947360056 88.44478730508183
14.307831281999817 59.22598139085425
83.33197275733296 98.29270085938185
82.99550575996521 53.96753324887076
70.5451226269498 20.45547185449845
16.522237246912084 40.58022571422744
32.0469619556222 17.168054779523544
37.09774052741855 16.009875250554305
18.21206783011182 48.84319181046607
65.9028681719006 46.56291333948097
56.85525711876412 8.78854589802527
51.78460259079246 41.26069138907285
57.80515171881206 61.61122153018488
5.401991860798249 73.36596359363617
26.89267120191945 92.76951281704174
77.03419520086567 16.99694319315971
13.65996220666802 95.75062407146397
41.223055830838206 60.03484029223307
6.200397582234041 50.88189112497897
57.59741808219408 20.485775285196716
75.46543633810307 21.91208321821082
26.53574061812536 12.89072018168158
38.42104121675103 44.19469377100738
71.836370717284 55.77588609166114
75.54123433311636 70.6199178554235
39.19956863963095 58.18773242023458
97.04334042592586 78.48832680779444
40.89146983967791 46.16195274306857
68.25083117809795 75.41264846023893
33.90738452052726 75.9120624398017
27.114233268583178 22.174749741911583
55.93164939950637 70.58009851899119
29.151849251892227 83.49675489077148
50.25083947892488 42.778188041569564
89.34780537443098 93.50943398497868
55.14997433840758 58.94985817218
25.936469263217333 79.31533435306875
4.479943694822874 71.34343923879763
36.423361426135116 50.72073804479378
54.76027051587845 78.08069398510976
99.52352837409045 92.0893098681057
6.890909573296488 48.330097821447715
79.68050475219043 18.410495050787745
24.087939580658624 89.71609966451591
7.5231141584829135 96.04303745692361
93.44772925243575 89.85530340184354
9.665781089121527 51.46572368514741
92.14130332739775 60.31979852896877
2.8211003649787125 23.423906587583843
14.170202952935885 89.71379017637183
1.0577898124022989 65.50343722862179
89.78491218867055 48.266003146239235
43.75599439516432 44.72129030973569
96.67910252866011 43.79654829239108
63.449455137776354 3.186284056343247
95.72859155921388 60.059905336352394
49.566010377449935 59.2574299292212
42.93700906333974 65.5064077239018
38.53879856513044 90.82575415480542
18.04891788455849 8.784618303100888
88.59649062240409 61.47106863904581
29.08365055316502 88.36240501080607
27.38305198121349 30.854296853720776
58.07903139597714 49.820757962411435
63.296001487519085 71.38850143238507
51.17727384580639 96.34117654523058
6.9364341730165595 68.92202704445151
45.0143978731351 46.37384599349963
70.87767509248832 19.841912214794753
22.74216235876054 29.856332082506963
49.18227271400583 51.86122417758313
4.4263049387751945 81.8508426083953
5.715571824036236 51.68576359763303
90.43834833816405 22.495252650892393
8.760034309697984 72.03391913941776
98.76768835547742 29.01093944695473
74.63133136637843 0.8811203671631018
41.04701574069058 58.15234897601592
74.39398232077825 7.505290467484416
29.379607412786257 64.33465989577579
76.4981468923864 65.65142589616558
55.01590995254442 12.435749089379833
93.95810459141076 78.59677174725803
79.2952113221782 51.01518858518208
69.05523452291 78.8485041501631
27.637173118701185 90.9328740378873
67.5621470782317 51.89651072128767
96.92043725989166 80.11965463526256
84.950223509409 20.106685718528304
70.66667009064876 69.65544922269545
26.004444918656056 8.47713974003944
78.20731427593796 87.4857362002162
62.53488459324355 67.55157280392504
87.97529281280632 49.32231521391274
90.64894570635603 61.854507100479175
52.86780566322131 12.5592614847161
35.434711952032586 37.720653149114604
61.658022074563114 10.830332654375807
55.5001994423861 86.56238793911935
43.83376847358669 30.591344654714735
14.729304051213566 19.69713173921076
89.14546825204445 88.51091626354065
68.09887376067886 23.42734916375042
76.29889996781687 62.16044931472644
34.551928497064665 73.72772071776801
97.21029044522479 23.250229020594638
67.88294779667937 99.77405295692212
48.866809876243146 35.99199891615071
53.83797093116672 71.82081201073998
79.93670126867528 27.126601431938468
34.81770016777155 17.279310610986
41.69520196678901 41.910953221117666
36.231366850617206 64.83115576058584
73.87190736233687 76.3119756642731
1.887048119136281 64.9842047611792
18.966279056129675 51.60533589811196
46.22175286114516 43.91952951271918
3.9956093561600126 34.04220738002037
71.69652236190734 43.05755858743359
