245
67.14148806534246 29.47704404013335
7.796560565128452 23.757232030444374
95.70854603478068 78.12393629767543
51.34532047067242 23.12899749240752
61.586511891976514 47.28256707883971
52.894905118782255 85.16731531150947
80.769811911168 80.13833905410709
85.47941396478345 69.64397173092881
16.485861750608066 58.08052933708964
87.83225948740872 66.99472856043901
56.98540647397496 17.77244522127909
54.39173847894775 16.968714480172853
63.488559079332276 61.39334118789108
79.89551482712767 5.047337723313749
38.03197803354919 48.61252830372005
45.45601644403091 26.20079844778489
21.77269524978831 99.46983531402623
1.7807493649687922 37.60867085064038
57.136002666639186 94.55674077437229
80.73559647193666 25.12803620540374
60.68618843150794 73.22988820027814
65.17245622065604 6.018278324198212
48.899038320534395 50.34808116386715
49.92422894055392 57.741450421696804
68.03235392843 19.993852856201933
53.356522616905025 41.03013721965769
0.03191023992065167 8.685305204754968
89.81735330903284 66.8142127286665
53.589056098685276 19.55180362343266
62.389279786416765 97.06343000407463
99.00341734403509 5.162459543868803
56.41008580084089 13.386491552432489
17.58481827194722 41.63584263475594
29.937107594195467 60.5512612655788
4.622098977889911 54.74934351379037
18.529479553036033 60.829100523784305
32.94867636300732 44.48688009569296
46.45226228879152 17.364436139649044
73.59547055161765 9.16276584507848
73.01951972833396 11.78735776581874
53.9097068033226 52.158392572142674
15.202719628415673 46.554194463962816
82.67029146446436 10.7547909220978
16.768387074693823 29.402202145321244
17.29577327931262 66.13824556320772
0.48677300916284416 96.32454440088738
9.78069941852031 58.61736266290596
82.32888111378254 62.62992505866691
64.99002546992243 59.732562728060486
42.24242019418602 49.4704191874637
69.13944570000872 30.912608469333847
44.75066101296126 17.79751668412318
76.74217436060844 22.662475760874557
9.14326900880198 59.53598777403448
22.6194255730396 65.89599955885154
91.79538540180002 80.08666279506477
54.35036341654489 71.36564788358794
16.031034337044815 89.82099734618576
30.516457798505336 68.80477143116265
36.560070769113416 52.114018099878514
85.14316894168631 29.153344385768975
78.13864015509787 7.228080479233611
62.71161991846924 66.20319724861731
70.57596803683441 16.576274422432913
59.26809250599423 14.077847227011109
38.67057810924578 42.17444053853973
11.112853537969759 48.031596626461614
27.205954605346417 22.34309148375727
35.93470848996928 86.71772805631805
86.07999130871175 72.33027879023909
14.504828404051029 3.5015194170948782
44.01710104727402 85.15091648322287
64.06443318404989 37.705444201933055
90.9220891231648 84.27270056402863
91.73858393785227 64.62154804484341
34.24170266157296 68.26942242094688
84.07957365935548 53.498457380743524
67.11452212117052 59.10122386857881
97.98391316552468 24.52912096128642
2.032219036379579 72.6902914445779
39.979688500698884 66.81036566904814
35.16780696970346 67.2176770197859
54.1918869310162 19.709667341789938
95.60404414235164 74.05001981526105
89.6617966069105 58.390516852374596
49.061290470500964 99.08022282843191
30.93658744607941 57.4222341000998
48.9970452947506 50.86574541828327
80.41065102774905 5.429529412355915
78.02891485204098 36.912179609653926
23.65878612899176 15.343822342363655
16.291830492834514 15.435791085977701
66.08054565741371 52.82014599657071
76.99825685481818 61.722127381014715
80.1009621976846 0.5504652024693746
40.631886488589664 72.20767227400235
1.6455666632001598 22.896164658260954
26.96575365925058 80.36647260694411
28.13841033440392 1.753828012437697
33.73098667713246 68.05679970822929
57.38333044397259 49.02442928602477
57.79200790424384 36.275844414139
77.33722972474413 60.402109647274116
5.6095616223063915 53.47211784955637
18.28189685682956 40.76467318374753
53.982591904878376 37.37793573801904
93.73985048955376 35.609863507266894
4.853450795045122 23.235358155357844
33.27449545223953 98.47945554862387
95.79726613546522 99.67207692149081
96.23505087554615 63.24247707206828
7.59794789609426 25.43994289323678
10.487123636065231 51.673488101712714
63.00536820113676 76.97909200250443
8.667204203165202 37.46670233256295
17.184528195500803 68.51467560087752
91.06984972898425 56.39242156977927
6.082499964084986 72.54507440774421
69.41288134602995 96.6665411216027
57.5064493979338 80.5954508705648
61.78035780185974 61.85049169940995
22.525440240415918 79.96421801508983
61.80253439926159 69.82013689467341
4.153379441047922 40.2949250605002
36.71570383609981 56.93127756799372
68.38537306685355 63.16310522485962
55.733061535948856 52.41489847019446
75.57889334517013 13.978937944396797
16.41288619163498 37.50370007641982
94.30689550288825 69.9303819860579
29.9146904685757 9.20796834092732
87.9331237100584 59.3533605254641
87.0924047594602 49.61166637174424
89.76431863347145 8.195904847561408
53.168081404437196 16.01784741571759
56.38794207276205 94.22387709253476
44.2671363314996 82.11372706272884
68.9187171485523 0.05094340320530577
29.464661418315398 44.26346544427323
16.416950632349437 49.43573638592359
45.03765512985803 40.16174899223009
65.83565549496402 80.23630385693788
88.1090814651656 52.54963120099111
79.07706137974118 19.67290248873691
19.018377900637052 64.02215247750533
12.393262351431943 56.2966582650282
91.651256847825 29.47976449788513
25.84676798163228 68.42326572634295
48.463538321450386 88.90950927763619
66.95958984544671 21.045812082978287
49.315544297158056 14.174301428966029
50.20324463897157 55.68454279297554
16.281689917960474 19.710750004084353
43.609858827522466 19.462574412072176
29.282057033839916 63.04195558955161
80.42217355415868 27.089966933076013
82.58092770841773 51.1557648532398
45.69298116943946 27.272571919769295
64.90010786129703 5.600789464550971
57.55274813002084 84.37558912220949
87.43277803496134 50.655833406950165
69.1482618623148 46.54687722947399
57.49390216502761 74.8713337719008
39.409833826119836 43.87160961551926
99.99372331774926 3.83481703205959
18.143906257622035 0.3878007686613616
27.266404824152623 16.190541529056222
22.34177050457532 69.92503470103568
23.15131850639317 63.55567155629777
75.5311154016905 48.1818431275554
86.9414978454443 76.27177210612889
78.51740227654615 19.56467157184375
80.83912504294486 75.70055681927384
32.97474702946689 59.482768126447084
3.747379601603773 90.97288186297612
32.67873451846677 8.830528286524885
94.6547443755983 94.92131883034722
20.56506533768607 31.55798418412611
53.49778953548944 70.79889481765413
92.46774493228122 76.51918085866355
19.827301733205715 92.5590129511275
48.657592761156806 44.9963694433779
85.83443586624348 42.14047664266557
55.94639477118274 10.428347284584472
4.536809751000959 97.46635727472885
20.408371984270346 44.0515386149704
78.76283402555659 62.143366424244206
64.79675792390684 25.373208265107106
13.889251264007662 86.32663043321004
10.888838803459155 82.14652581209543
49.61747678723969 42.90646319250527
51.36216385258593 55.56654135600102
34.1734620263684 23.024797073435554
82.96380643535493 59.5055623225639
43.498150553295 55.77320962202933
13.923396438163637 48.74594685632546
45.64145888561845 41.76643357146038
23.027047863915286 46.76851450458207
99.84820736990845 71.71666605906294
54.68236856245608 34.51531375595187
88.73987688987285 60.16707763877424
6.618772386415506 57.50265654364334
0.18781073694277284 69.23308021262238
37.134490498260774 82.69156139769343
87.62601274091011 83.26416169068474
28.11030993350293 58.696486355031865
95.91396221997263 57.04085483923558
88.67727932383008 89.87871241069645
68.7486958271197 33.558312041842754
25.011163613012133 9.189168196775865
7.625248401542894 40.65357293115931
56.86653679171712 78.8148536518238
20.533929605335445 91.10489609634452
41.73668003241213 40.524248567254574
87.63826086556172 38.02842318599778
54.53298479884492 47.98716596774042
82.12598507584315 40.802317744618136
42.77584360972197 97.69402992839301
91.37669056288111 26.432792306786656
63.94434244281689 76.0049222207242
4.7178118399164415 56.9669939821589
28.944004179304027 91.13345658181984
93.05697656715046 92.05211567190813
86.61899475172493 67.41310199084157
12.670859634281262 67.09065161959792
6.783878477287164 43.53025867571536
71.1395059270144 98.73041704569935
99.29647844341494 43.894305011222954
10.000796015831126 21.83229904758992
71.10622908018475 41.80439620833227
10.099457349997055 94.27070590828794
48.062299840888386 40.479333414778516
14.16512950858081 77.36459198509732
69.8653031923099 4.873341572953116
67.27994773160052 32.883891603597434
50.19710959027852 69.41802589449624
71.82209790237583 7.695883204518705
36.837048718563736 42.521122154107395
97.55052487168123 39.70371107456499
35.9995678463566 35.77919871697348
95.12228159722758 2.11051769673285
88.20987656988987 13.908822404413812
69.16739576245476 95.01487108202365
68.80135746410349 89.26977626719794
67.4759871572341 67.29367046632426
