207
73.05818444371648 1.789195694849266
50.10881118492724 90.70361485507927
47.31014419332046 52.87939266308267
62.39608628174271 82.43258767605651
73.9161036059975 81.71531599852614
44.46191029465716 63.89155851304703
53.49667576141014 97.29495518333617
62.934357191430145 3.1238764861760027
0.06210766619085817 31.740751429625668
47.828724130410315 19.022034422518296
64.70087192209338 8.760188083524046
35.596146431049306 74.67138361521027
72.251274567488 53.25521542203225
65.82599481633166 2.987553188012293
92.37885398274108 70.72196734312261
23.19893335192943 79.8828311400752
26.30483874769961 42.64332607314064
76.5947637714173 54.017302685525806
87.29845254072349 7.742537530207494
22.964274933935545 36.35406798500354
25.138494117052566 43.445646839947095
64.4260426316098 68.85599944588651
1.893601859628602 23.48529526421571
62.018088481139735 63.92662595013099
59.651007165390865 96.4171643852116
77.7629725361448 24.387813100056565
57.291159011481774 33.54895161122807
90.58784154382525 17.29722620744869
40.28293861473442 65.93182820855975
23.090152540826825 72.87631187859843
34.47416145212837 89.74766862766236
0.6644920548576017 71.56824077666128
50.85461314608109 4.357661142353519
47.925528677372554 93.49469480446731
56.0929491848311 53.77438800887724
90.31912850770895 78.73423409845293
68.8626465113856 32.50709944447024
95.36952567774637 52.08213272493592
52.35131362956606 57.50656516631889
15.473867514767303 39.9066025781191
80.94130133504261 59.0780447541661
89.64517038570987 29.855651125259985
76.54896101637891 36.151835966088285
39.58420185581303 83.89942921117375
81.87913622785992 16.597549560662817
8.666995506252118 76.87994606297543
85.60298170371797 63.17663788048766
51.01676736219447 65.46097372335848
20.29179143718638 38.0913308016835
79.75449939009368 48.35063567063964
84.10583707020619 27.104533159713284
51.077114567814 96.55247999791213
2.825193820178562 48.712878608042764
23.556806899095484 28.86704925411452
24.980156797840493 33.35414555037065
54.261748032224645 81.3680712640627
39.83033386048146 47.81368034761522
12.41864765237234 10.557766406817448
95.63391051623842 93.12209579054073
36.32470779534602 64.80159588359469
51.423375466769436 17.003063807284093
70.26910679008287 39.356341377401236
16.349629974679424 16.22927969500447
40.06597264130033 69.59760129776004
83.80523465178099 21.875830916048344
65.63790971942295 77.30087269039798
93.77507112093875 50.94448270939795
95.23772699497735 37.765095960411934
31.585744153513616 67.07684040745029
17.611007855209728 18.610435638553934
40.13396924726265 41.65689426061705
78.18076822093204 92.07482287398928
3.6745916966630543 94.473421810024
17.547888818987044 86.61046907597223
64.75521999822445 45.218743302091916
16.480144480353566 64.40024177047674
23.605030368279955 47.26602196022874
6.591898407216757 60.67346035339566
5.528127926414317 90.56507680836741
0.3132734801432502 36.94093555771876
44.55054461277497 60.78416115887968
88.62691626786405 64.29315111572268
97.40909799898513 75.69760733761555
99.7285034731504 49.25132957600109
78.74323496574941 85.08004864542717
18.553280618300683 52.32904702520236
17.456046671521918 9.61392483335467
34.42330498950735 47.25290823424588
44.213568148499036 22.27669321922068
97.32135576299224 67.70362066440126
92.83181347383128 74.96969732659383
89.88060821339423 65.05996713441402
95.4844576136412 90.49381380972025
91.06401616548155 57.618374417233255
27.79683311203679 97.34400714790898
54.424627013321704 83.22708870575653
89.62996597785104 42.96629347081967
63.35920603221854 98.77778128191494
99.73216742300039 16.809275403278466
1.5985903900230136 94.10473473778899
34.73020379426877 65.75426141105595
5.776878165320564 17.456088474456976
13.657919540262375 70.0587522089708
63.44576600331406 69.82018479712673
36.280905160843766 47.598621181703315
16.90632578902186 7.884435724625316
20.145107792291817 68.18706672040447
87.30570757922982 41.039021581429644
62.21096458919257 34.83923799020967
94.33924537591984 85.56930339467085
39.37744533826856 33.99318584897674
20.388965821206995 36.01438141479322
52.25369992037495 24.91797804544811
84.87076571968474 62.62983125947103
56.81266167084391 46.89347021987857
20.655605800134268 38.19622482420265
79.30676670045341 32.99716462335003
76.12002137620351 63.00026292246187
41.096699004323355 16.82333706843626
87.3547916727022 0.12345698817488593
1.8812143730449482 15.943210372402927
17.090408000301494 99.04641498305764
88.8350358933138 32.763772714486315
82.80661209230016 38.172365063935565
96.18043907786587 3.3217190825602816
95.45034477409303 67.46384983238967
28.592920633978846 5.363798784277618
98.75637914849966 92.52241183656866
88.83891217162333 97.21915097697367
78.59451888669152 49.97048095274423
6.461763268792497 71.96165571472388
31.592961182856172 89.71834265840008
48.22248603435303 22.72427347860243
56.54956509950924 84.61836189498266
88.74810124304724 75.89194928332252
64.34348381542007 36.86438463041589
48.10933440682692 3.080925237704446
55.33117047836503 11.88262308626673
20.3830325269862 91.69594742179991
47.10669749474715 84.87148946814182
17.982882090589992 34.10426915261072
12.459622813055892 4.053710392638877
92.80588752614598 56.84959646372485
80.94694458113494 42.15941144345054
83.28546804203314 12.503904891544204
16.790634934128622 84.84275208715644
68.94981554766876 11.155315908524821
91.9555307763314 75.30801961521283
89.38044764478668 1.4147426449934497
8.555422843490422 87.99797514832352
9.184163758419084 96.46591707779817
33.783881997742085 86.1704335941665
2.4424026051938275 51.05204329270635
73.05619961341162 41.29991692144248
3.247519058913373 48.13121593259112
60.00213118950277 97.28673808461502
61.65465261590511 58.59027803116722
69.16400082111669 62.8796144011865
59.74289901738244 44.562872291097875
31.158062335426163 37.97031314996232
53.401695266390014 90.14743300751292
85.95336955088442 93.12757154006573
72.17959706841015 12.412911988061747
47.27416213203553 32.84036373756205
10.832907207876374 97.51051527581468
22.51978417556725 27.426050198280038
32.50097782403314 95.46552267626475
48.62272450788265 75.92344264176444
11.33080123611454 51.89705060453501
14.31943632008672 70.28079661618526
49.044268522381444 35.908462546032794
6.315608742593504 57.1387267616157
23.795818217690535 25.846710114781445
98.07022084641952 68.34537790802852
30.543639576548443 32.99590936246406
59.726798700154994 30.92992561845588
95.38692853754911 65.579418251454
71.31029856329147 49.202713953819845
9.626973060617717 80.36609244898627
81.33071081095613 19.024698825152097
39.275778212785205 71.19837956717421
88.74011608562307 87.33632405263964
26.33744232863613 89.37382927593433
99.44246908624118 29.36606904035908
62.76861505463784 72.50407660087096
64.31702096381598 31.380564349218954
88.33762649977307 28.066499661055232
93.30323857988279 31.217580085228846
77.05722010906489 72.1881627289159
10.482725671871695 59.188497435139496
61.11622434877998 99.30433553423495
7.397387266802625 65.03064775178945
46.09849921108973 31.83429098328735
84.62458436408353 67.75349021071165
7.857865973657252 53.38757113752567
80.61456830539538 32.85375407043226
92.05158437876054 40.967440610115894
54.682708664549004 66.55384607148332
38.48994704624745 33.68575470231801
82.38575330911456 62.85302506897701
53.37327382247946 7.44558756815199
73.73744740556305 37.881869722957696
43.985760058513094 59.43474441125708
41.95986415936015 47.66470243880977
35.629358982261515 90.11093012746957
77.36676288324516 84.345286993437
42.49591160909535 32.924702760093325
