30
68.52971754135062 35.142834728761095
64.16353737685789 63.84535154061213
24.001466368342772 33.5527863475747
19.29177713633089 24.060271058928773
36.522837187417935 14.48165971298554
18.65022473811784 32.567997228020864
68.42154805377287 93.32277296862999
87.69489417567864 10.279500206504844
54.0785769117186 71.3843167305846
61.36539002058944 12.589982847600245
61.104819844735715 6.484425731046162
52.64850485141086 19.17590501618355
53.951652548694284 7.020649398202949
81.96971041541842 45.375069257379444
19.432176079048567 83.1794764099654
78.12986290937705 91.22182588770121
62.39332135389999 89.80635210397779
30.811467768980695 41.528466345204016
72.6584666854711 26.36257858781701
93.79567941127087 78.8742216872408
57.73696431822346 45.15569986706872
8.32483855271523 79.9276784144029
16.55423473284985 21.074450369274977
76.09453197284375 11.31820577099376
10.410864139018738 88.99409258659453
10.366989884471234 80.05109391560995
65.42036524158405 12.818836964336167
84.4869594441112 5.259439581462577
95.88782423325904 22.402951422939566
4.864545051887037 48.3082619336922
