243
50.78448842893667 13.420133565336112
67.86213681564917 20.73065050477342
87.31034600697136 93.13612971718706
88.95778901437164 64.03841248836342
34.38126458547922 47.20126611858746
44.48306795346391 2.4201117153078378
65.38836580927959 8.810171577963445
45.187357353690025 27.910842104662258
65.21609375805458 84.86366982758786
35.0672619724189 57.23469322122641
95.84480406250549 94.8582630781271
70.19453451178923 40.19565843557007
86.69567331716908 31.58544862566437
83.79176716278455 27.582035672894158
82.52867615543688 52.711277881949925
64.0849035633837 81.33181297821378
34.12231219905273 69.59009940670987
78.32234082517616 83.97696700332435
77.77236346154685 0.36306641113370564
83.00066850101089 17.206351832738108
86.95281032568613 18.10268791477886
54.15178554519042 24.41134846094134
2.3595985151339205 55.97752960303583
52.099610087788726 32.39133122442933
60.9935584159107 87.71967412598121
57.088940464504354 35.51109797490852
70.99549399711071 2.728609690535788
66.78518517632865 60.39073276829529
91.83473426551446 1.3499256585734032
35.380908789332324 81.29036013511079
95.75779672635255 60.85452696067441
99.2113185020127 59.293867025112334
47.530043940412895 62.35111002238517
7.9121989259478775 54.741191252276586
7.865177904210407 95.08595471948827
76.40000609019273 49.59471443766172
6.430193057149037 36.63738530073364
66.93660784782793 68.59085073527238
7.2187339983518894 36.08626355377673
64.37214239685537 30.48127901136809
39.28374159753003 90.15825360758066
18.36150241692973 67.16460939378615
24.039494357697578 17.794738456591553
42.622747116743774 39.950856413413725
82.40231104392561 9.588168138589436
99.1637193443499 46.407793882177664
6.180016466345418 96.00968298703741
48.958103330794124 42.352810593998505
78.7663059070681 48.91442124910703
32.364773146777736 83.83625729095411
31.049612327861944 62.87002658678311
34.39408382296547 4.124212046039499
57.60685026444777 56.315288016949225
72.70669343629424 3.68102361621232
3.56261621851236 54.244249555313196
63.8245187248786 14.937957519394441
73.82177377337099 6.3249649072067875
46.36417683821181 18.992111840000923
70.26878692456214 65.04607804744411
88.03691291272648 89.32331710904839
5.233847626678068 91.685409707013
7.29337171066059 0.004654713359619755
75.48316549561494 29.51839424527024
40.3894665802985 82.9986094228331
18.634330176720614 55.22673612314958
14.94631507221178 80.20662681247948
89.44700598244336 63.50039288310243
14.56360391350896 70.77608764220183
6.571870221143161 23.60281414782276
36.564456529606694 75.58726488784389
89.71088629463834 29.87682883871675
75.18580081853578 17.70015708461241
42.521274613087755 1.4072446599619814
72.51454201349333 15.184861171385533
90.17560408066267 37.97489431577006
18.09644008972713 70.40621649933497
88.4092974742992 64.36208422168737
73.77010917160132 62.238021553348474
91.48334543007955 98.14626495025716
21.084707649230914 86.17108213508614
35.207360522513945 21.05073462661794
38.16840853784142 20.047313527007972
56.04686110116505 69.6210970441286
61.165184258642014 30.806186826760594
93.42922634267985 15.306665148175902
79.48708533680568 17.829040973333864
81.35749656974095 63.521005002142
12.191405759532014 28.474911902279644
90.67088747594904 5.778335823240099
44.85664832300193 59.89089178877261
37.44835708625135 28.879069091637668
5.472903170303978 14.874644934262049
48.28508764177587 69.62183129025863
30.703568013785677 58.42081226376597
71.20521873197866 98.96244664761866
35.427419968355466 16.34333862241608
86.69008490340072 17.851254928165428
77.33441904199682 69.2990389706039
6.107641500188188 97.21855471318017
8.800455180741483 18.240153623395273
26.88460999150918 22.07526078684472
63.360547413556645 87.92405271124778
15.923292456972415 49.45233920939833
39.20936446574097 57.19614426233917
94.1034152196311 27.05527313476559
34.635290047141496 66.9981819163518
42.296488902907434 74.66079187885988
58.00130151128825 93.20679812688398
67.01986996149076 13.167663340113233
47.20373827958733 73.05495149043566
79.2582173632665 58.210847101316034
24.33174062408976 29.637280355608485
22.01536557811602 46.47539370308225
58.65734229130315 52.21125292887581
37.893345360952615 37.85412471932147
57.36143033623856 97.34122049216938
51.71545733126 89.80515678861167
9.138127953260277 14.503390682208018
55.99783728272371 5.1490095010896075
1.1730425604829842 56.12198181542524
27.938643038925903 80.3285437549448
76.13240293354949 96.72396100193339
55.83964770611014 53.22860844674365
77.036638101206 52.80689313311725
53.30101314143041 46.25738092287297
18.408838086537404 42.347722306469905
1.0030851753982661 89.19799985196441
81.09809159038306 13.335633593751005
42.397016244389285 50.40467758914933
10.066989262213443 24.9224001746568
38.57717551855474 45.026332341246224
68.65222272200184 91.1890396650064
97.41047346866914 76.32642341878312
36.25341458796185 59.49040215103686
11.80458886369009 3.702668523066943
99.31448532942439 43.063286903868736
51.38877221902285 91.24272535962051
40.92371130625455 34.99322722602712
95.15814390025065 39.66361176252037
77.12704954948276 40.125673007016424
54.49263946987074 37.46134349649524
78.78177271037997 3.6783725077679574
53.81113345570894 65.41220305830349
72.30635064335415 67.6127397500248
46.23620886894694 89.25267705124837
68.8499658096068 61.361636801471974
28.805049994250876 46.37279073532794
14.464727626590278 97.70974014452027
61.32811778502878 92.49416312976074
2.969536028738151 61.613256346683485
54.55298332009417 46.488318721969556
9.066720634616644 51.368378611584575
62.00151160893982 18.30890610233076
56.72275598564962 7.005846597521403
12.327457348625327 25.4627658674236
7.816655309305299 86.80326520462816
15.843839670042426 51.50443154739224
40.37813082835915 81.11386309603785
62.284975664259775 96.98777041470761
15.146281937394079 89.73633372801993
31.94879377320783 17.001279066930042
44.04382564500593 29.030094958784957
74.57828835746531 6.664552373395837
88.8929769827295 90.84858760560127
21.80550220506706 3.100367564457851
53.24376030914851 91.02742643878081
0.7402741012558778 53.795530009837464
19.834757612956654 52.108259460717434
94.57781107762291 87.00533843635839
22.56553778110225 24.651200830297316
78.3396096111821 20.101733886440098
60.72668770252039 70.25489997346514
90.15309518641295 87.60421036490061
93.3830028156305 59.26366171468385
35.463564175651726 85.39741497627466
10.146421414753249 6.987992605934146
76.08780901083458 90.86140489619754
9.303319212659368 37.50436562757364
59.59495106006229 32.88389499097655
9.146674375430685 80.19009348457473
96.23061233367044 9.243225175470648
3.71428274794543 36.09473521310556
7.836731590535506 54.5021268101587
57.65021557493192 85.20181481559804
26.35214263200043 56.58207726660741
23.870005152596864 7.532147619189844
87.33141373998734 40.49494152491888
64.74300134254409 48.660016459284236
97.77068140641786 17.17296707449698
69.98115937532506 1.3745585036955554
18.671813535676385 93.86092019326885
88.38793038803762 97.66747017664692
54.797894230300706 33.33978539704417
65.56426927649859 40.494014213657756
49.34524310284788 44.90541056908862
4.897141814235795 98.23178037773698
4.212727283464601 59.491803415659724
31.631786640312896 13.173446427297385
85.44379352576411 7.425267947207637
80.22627432423455 71.34554955302379
56.6278030232497 29.2916350426088
6.961538953199153 45.45599540058285
8.5284026751693 21.43092439630926
4.927764493828146 91.50878397435946
69.94015736220437 40.60137982432711
78.85858108458793 78.76850472094918
2.184623799658647 88.51070651037259
52.80836575315582 2.094796217876349
12.277484793855509 71.8403862775826
22.761964783222687 87.05806195206594
99.67167954441014 64.69378945120621
6.795287695247709 85.46880961075725
99.18680040335317 50.5030068197056
76.39382194997559 60.82319866045813
25.17056634138416 95.75331531293197
76.2164579567447 31.864139693989568
79.58091463640862 87.4103648943
71.6545508715888 78.11029260880623
43.64477980503024 18.481816408358963
44.74426742080476 83.78650099578073
21.484857892261378 25.14436395924905
79.75780441226836 52.07302790831931
52.41269814293329 68.58491644487901
73.99876469358192 13.280595905022496
2.299538156621217 20.258943113051377
89.60221783476435 81.30777192108128
63.18414179254245 44.46040065472035
68.23611486140551 70.91160030651051
3.1884881147637323 66.84728944028868
48.37567971077556 32.14538706721625
45.75407215796029 50.10413823789472
74.9646286067734 97.95275804925382
58.64552526240531 4.291731051869164
53.88037247904695 70.80704827771433
75.25222268201813 65.18035224229878
43.8396688762981 22.53182592678591
83.52752522061614 31.739556795987014
83.09660671913257 89.07602642438816
67.01142861452574 11.818465315476768
88.30353443189038 77.58019556794747
73.89727782842613 31.53450241734176
76.66991476187258 63.49660272423142
6.326639516064613 12.076380501432403
