244
48.64232497225293 27.78558139194636
32.92679171519958 59.14025881134746
26.989086531360474 82.3764041279989
2.111548518125972 81.71619367275042
53.679406225042 95.20835163324983
52.10857630124103 59.51249022239678
86.37509286793436 89.08230028392417
31.20035418625099 18.081793700331794
18.181508435023098 68.92814861511803
4.982990453466196 49.8490032454973
35.69018175988874 96.94461292437025
0.4684909629305789 70.0613070746813
90.01634298738487 25.944553683879136
18.688982653492904 56.09851068670881
16.639245009055735 52.310345754680995
70.12115773191701 28.504391123988448
99.24194990293101 50.31629430704664
91.86368667690557 87.18923438558329
79.7877559868566 14.083321570916008
25.75625114228407 84.3845576400832
70.28026016274194 72.60119803110678
81.60893437203077 35.412771025767384
88.30836970833464 0.39232119085256256
99.46842342010325 61.74364077339439
4.6653582813394046 66.9190729659843
9.069712538009922 46.43984649858442
68.78427602971048 3.8713521314478916
48.90091907883506 48.706414912562046
98.63206701255561 78.44680643830802
42.90366154102787 84.02787488963085
16.18046304417906 32.41035688119411
35.03780438242219 37.7625650523789
36.63684903367223 21.45824043983294
75.57243910329814 73.48414815535034
44.80877298425187 88.9496003565447
70.73956100406735 6.581207602841643
82.11541832112442 1.3709772043554058
53.42063447859997 8.924509879289888
96.46128924871337 41.22274958929989
34.43810003638716 2.0979658295154913
39.841787316598996 18.448771498138004
42.659434155578815 84.68811292503224
89.86053370174635 21.18930362975483
75.57908545886313 97.86463322537335
77.35689455312423 24.73054992010392
39.23453421930607 50.08272251329375
61.156026260552665 39.25429095485187
85.32529508634488 36.62182540449251
90.52013685336372 32.737918952086176
80.699005338868 3.2923408173595736
14.910830863980983 3.067476124774393
63.58798097866348 57.71411410438034
24.544458522580204 4.886528007884838
8.046540731598316 19.40872557597978
12.487863496107677 27.72260764981479
35.163806750026104 75.29586509594583
12.359564158576076 83.95104605193357
66.04501434992859 52.83021571305485
91.71663845585581 50.580298381762255
92.68143074702176 26.184756179674707
68.09891615502951 99.23661035796856
65.30740937408599 19.100218331310714
13.846215217604064 66.04010136428045
12.60109276322896 69.96045078583101
68.94680807515905 22.183456623553166
33.95557566674383 47.51112500355026
47.178432717791175 0.6062014365309842
27.445721921495824 29.809558783123478
82.36726032985318 90.44867992756916
81.62198581744295 20.4237679079897
70.0604499988276 94.17027057993914
44.7146645270172 7.093986211472869
27.59285982289279 71.71878019524748
40.14682451747639 57.25862739947175
89.4835606008371 80.83313323390034
61.085674831569946 68.25020863627556
24.43000588561286 34.893400883303705
3.17958681261149 2.8789401419300975
59.575468596908884 70.76910499306719
64.5905570462362 43.09917242146911
95.24113574457901 94.71227109765597
57.46272123208242 48.09029153744845
64.91824133283576 51.108108193482835
76.77705856717134 34.47212527594522
2.06109528704691 9.895084311390058
58.14257580022362 35.319945434973135
28.48695181767823 85.66987068931594
58.769924750599856 21.599445918800864
95.65905195937502 74.88775787843656
9.359750103799858 59.946159378265406
59.89776341348514 86.5976639348643
39.970946325056175 31.766105872727714
55.45033049696 56.494615213772626
77.72123943056492 96.14093111755204
20.692673882290656 94.18311299025491
51.006805664331566 91.8967988878313
39.64929937125129 98.78799302130255
60.40765914054871 42.9249601001681
82.58577108831837 66.74046387387345
52.95788669911603 14.241604283229082
99.21392831860479 62.57947393221471
40.90621712660775 29.50803994527995
20.44408050289226 19.3422975163438
99.02557889134529 28.141171119629092
94.919740126182 25.357261977540823
0.9198270714135481 27.687384678837613
65.25303780310676 93.9226699013839
75.73570555445637 8.567676243083522
91.69438898118646 62.99917929619566
70.56039094030727 21.97678592045571
65.80252439177585 12.380607282730915
5.297988459813984 29.851660990713704
0.19387604060929764 54.20814187051346
0.6604266729172359 9.08470423811093
21.52403248151803 10.96458172192416
68.32700235562938 17.602569868129404
52.923166735886184 78.64677556805043
44.94264608136112 97.04093390448017
35.856566666205914 63.92370212216329
72.68047524190833 47.54389728643069
41.39690572278998 56.35798228268569
26.16036425222308 75.98386399797565
68.42921695553986 97.65684754733184
55.36777291713425 97.56855777278118
94.24117233577655 33.40024823950554
24.80487773994313 54.290015496788456
18.519407533895482 21.363853568871228
4.163670625015737 34.67383026644342
41.94619384445848 29.566813060827947
7.662257274908968 27.27699169734268
94.58505944559725 95.78925486062892
89.25948716422063 69.30902564539831
27.61010101723944 35.99785542225279
79.26795547056425 5.03876070058441
49.263085807687204 60.03272562525163
23.128384308299445 77.44840044394408
65.47282089314368 23.58773629592006
77.77497737885332 20.167668955932694
45.13549890109817 66.87229047595822
39.21524637807251 99.53232319591854
59.056287182620935 86.11329753267056
40.58408987381548 32.05706220489041
99.43590237848771 83.58597659134287
33.99605181459846 42.66965579505623
0.8829201236487116 60.31303131514577
22.276470009012638 60.62775156753219
42.70724143796922 0.5424111175755364
31.912186608013805 25.851416611188004
12.835972399735985 76.19933842129657
5.900081473781071 61.26631939967419
22.565291940967324 63.02235030291571
61.42172672119435 72.09133412900908
16.993989077156 99.39321283804823
3.9970004976008777 52.723536449091156
96.65551553434604 52.59965291488464
57.93108301818985 70.46521076187447
45.15119782140997 58.07513140422126
53.976647084361694 64.53786104561507
91.0810373396291 46.52730914900622
3.7308999089530115 89.54287918124417
9.841863215061608 16.4805696627334
30.65525122306383 91.215085330786
75.50977746939736 40.11768860850412
65.2093520747469 67.81799282830406
21.108160202669566 44.20996572630161
46.73668368720869 22.643291714444523
91.38213761745058 7.848132903785365
72.9649355555551 27.413184657982782
19.239689280246886 6.373794651502318
85.64593826920107 67.18402732785368
61.100520054867324 41.423727775228855
6.895817284675498 78.15282823892231
42.746703653142646 53.88719780664939
15.054042829339387 41.05470970634987
36.88998774178448 42.99072390333936
70.25048444074086 32.8582475549849
25.628883881473364 44.27307635503658
80.21564721910246 89.50184938985146
91.98885026989323 60.28385860386889
91.57604490976115 79.38570734679448
69.67910511026358 14.06237684818895
73.95333644943194 57.853753753214
69.44567302295592 65.09578681328419
6.288864517225045 8.342983878036048
55.80531228784405 28.291202001051563
72.57462621992231 32.39015342817466
93.16090474148588 51.18956934866862
62.969706877449006 77.1309611981786
49.71105367098838 6.8307158232109195
9.235170760988753 86.30105672367776
91.27360118260222 92.49449651708419
66.66824283896892 64.14796180784721
82.97928029219128 28.185975795656184
43.0823453208106 67.96107188287712
13.68082374435019 4.6126792152049845
48.64698557480842 47.17922773742001
30.356181284284222 67.3366831256394
12.488014201223496 25.889873921010754
12.227285728337634 46.26101665356542
46.58902597882096 89.22260003261013
74.23056868022616 31.75415013509596
43.399772016338986 58.900601253627386
43.244856636488684 25.4151031417029
15.714045175115244 20.499862255145786
26.88770514773632 43.3610678353592
73.76060320111232 6.870893757152697
75.05157312194167 35.92442756902254
0.8017456599846873 9.262496493596107
85.77674650747453 87.31963405072779
27.134146629974342 2.797499980928564
33.543381901290616 58.240081492240705
41.883085943153596 2.4885178454021495
21.470416124046544 62.89845005802655
34.250654945192984 61.398541389785265
60.3609203577898 90.86382116953696
15.588946684689041 95.47112317681912
90.07458731479704 17.3877510939062
69.69617141443979 34.12763936568469
26.921885506469668 81.88097012344106
31.684673404304963 47.25828427967629
87.18040224187104 32.86682180568624
14.28874126605586 44.64761505016214
40.13722750038714 58.514088411402334
22.289868353995278 9.944276840043553
34.749659284741305 39.00077879486608
92.58136072821462 68.0610031346649
75.07886065520053 14.046108840867477
16.320375056622204 77.051579879977
48.30369740946645 3.87697152214157
39.24255283854713 43.68095353974415
47.73807480659153 39.5324324095167
7.7514171785441395 85.42855448272316
36.49795113617908 8.25355718182057
23.805573824788475 0.3083342956884061
40.12528239225417 41.91735285880745
91.19277036899234 51.32016818015084
97.22834361383097 28.384798106961952
55.42865962592892 65.35997618241885
91.79853435094053 4.2104790863619845
14.339633554332309 77.91503907464507
78.51142593785072 36.949936595536926
6.0925591812074025 82.63270842266536
45.27494837608632 75.91547597011929
12.689459984198903 81.70532390491579
