251
8.776868309571084 63.52457461759825
44.30625768965846 71.17655751216459
59.392908635583886 80.30075376960701
74.01795537385716 36.66947522351809
21.08692777300314 66.6760374343282
46.61981532638243 36.2531316696032
46.1325277671896 68.60005566365565
70.36181551935185 80.78695375393796
97.83682535202742 44.14243973219808
76.04044505526144 56.42016885825498
44.61190379456902 87.5783351105446
96.11812242364984 90.99994891229807
66.84487844145222 9.496804726234354
43.548218968110355 48.95122572834101
68.64806840682407 56.09749051804089
76.7402378499909 11.481236391688087
20.344061230764954 74.02682425598512
10.059640451404583 51.55517185646832
40.80687229800013 66.14341045650622
79.98245510904194 60.74725897373195
0.3490573449770773 33.975848701989555
36.96705442357341 29.798842273548544
77.4334546909854 16.647234399988665
58.187043115633855 20.930075663984194
67.4657321411234 63.11739001927993
75.16114882265748 97.74289469352502
44.573798688285684 20.304176342221126
65.85270302865868 18.333618666077733
70.01666668852175 39.32169732464222
7.2549398307618755 74.40596048360061
73.55151662128691 41.058803393383826
75.58723600140323 88.68696443165783
14.68247488390293 10.20433591639246
99.18488673358215 11.324414790988513
6.497907285560411 23.680191544826823
54.58715077638239 18.44597862954004
14.121373067686594 26.137484783770137
73.68095932937328 31.86253351923316
55.21058889506474 69.8161280669111
38.200144013226634 86.69832651165854
56.77779316826871 74.04636029494499
72.67698430570591 40.84741238658985
85.9310288120525 46.04071058176837
67.95197942648277 4.879831009313884
25.198594066624114 15.005795873001748
41.1000067920258 87.20744008993273
0.31079093291164206 15.55609095218089
60.51907223552702 30.329149841262936
23.0044260345028 78.39348295032839
44.64463840105015 50.39769142339318
61.899884740514345 80.16905157202675
95.8085993132723 72.35694935681833
30.93032867106339 41.01321890480185
44.346113522029675 81.93754729151162
46.477262375932725 12.084644999921224
10.971348038857442 22.798932592675502
53.47998553888975 20.969936206181284
79.9109805856625 51.94300497599759
28.191686953734607 45.890116674241135
1.7641336061502866 59.38580403397533
80.62285890859498 18.860538097310588
49.245794463600326 87.42754901285592
79.95352865028407 49.140344064092226
95.78161225385531 93.79099272512597
86.53083797430145 93.97653231207211
37.02424205814614 79.68518227299631
73.61831268607025 87.6960081177891
64.96920261992275 73.95904569340543
57.93164746764374 69.83051899653596
71.552210820185 24.93612043063297
57.355625923311514 81.6613033301415
99.5035325785334 50.87214691565814
64.31368489520639 48.702417746035806
29.68356422946653 91.45874166877893
4.746117171613983 94.09170256789979
92.69587647318669 27.01717830359828
55.13511313839249 73.66525661842307
6.958950402021003 51.67694472690045
3.3367907627498528 19.484057385903732
81.11656653322619 13.871731151827992
76.44215373586411 0.5395574269808079
13.826162935483177 15.419443713257152
69.56998871747953 49.62989631910716
51.165612280231166 42.07009991730156
0.5865575346509444 42.562998948793464
59.50540314842748 55.551018803274445
1.6339758385943592 7.4325743065631
75.49654577973244 91.82809305498498
40.83893935406688 89.55714302677222
90.61351441270273 63.21708145049835
19.78252136393631 34.33542668211841
44.667395426293766 93.28400961317493
50.618930491681624 8.842382317326436
24.065497152986083 25.670946277289495
16.53938575926228 98.09345324027956
64.953452438189 98.02263727442427
14.420387058207195 28.065426794584337
11.735223915548632 88.87087369975615
2.9830326009369523 84.50227930583453
57.89533826818977 43.7409823104193
38.34424856331702 32.204393114865184
14.807132358782804 9.843716338524256
75.62701793672232 20.130670072872412
79.74717728827243 30.580814455687523
1.9636411158702294 50.90412368063911
94.50855540268466 55.55247446980557
56.81264888706491 42.17941249286632
36.96985063581059 70.2047731794272
23.18432394147042 70.78384326627945
13.569534837570052 69.67444679040356
27.797138859758242 67.80548631332263
53.59072119816872 90.71528690794291
92.53767386342014 25.195920231505596
27.1809267716567 9.868631515045445
38.29036548093193 20.08832342320349
12.133474052378956 99.57405892161098
86.69689310667273 17.172884203280347
83.6645274239446 76.92790130408575
50.06774257763534 58.7623855313784
34.54660179261584 98.55763162956886
10.160579940004478 73.4898157188395
57.60780557638261 64.65089708221106
87.18159375169942 85.11353597406304
60.108337281296585 97.56348797908828
57.42770275328891 75.27553905743292
0.7723731186156879 29.353750383549404
90.08815271238481 19.36364028305759
61.35121072541189 51.04259345556794
99.74966394918778 10.389628877915058
51.773999090435794 80.12435673026944
8.10407649770777 79.9200487069985
4.923131657870594 99.24374589130728
12.392357481456095 1.2417907901416503
35.44054026829685 37.9056899125881
11.187046533367283 45.12441375320664
15.629272452079146 92.67011543718901
78.9274027518505 99.64884047305945
7.101829052644771 7.65168446742851
93.40541982627181 76.36504272577534
59.40402806076715 15.437618625778015
83.83377167258375 23.411913307904086
80.83441427649825 78.08947660138891
35.80420700001311 54.818516374411175
65.75494294007488 44.57595504336172
5.35802371073375 33.41739196897677
31.68807482907887 5.07604690163268
54.34826869990362 42.44278937170206
83.15576739408604 13.148495931641591
38.31827034873149 93.58270413493437
31.4244758773602 56.82234964344204
48.66176430966165 60.516978540905676
92.06870910674847 49.60977783784302
3.719916633713616 54.67545468218569
40.39115439738378 76.44836674883375
99.43615823852456 88.90503070809697
61.8411564293988 21.28095980499619
45.22968819178425 33.81466804728258
80.45779039424345 87.75254505229596
65.10469437830182 67.91667920737558
17.12939667593435 78.92705704715797
45.20428259103304 25.714044740626775
74.06937624331572 21.35817883875414
23.72763851544988 80.62153313151822
95.11060354774439 95.64795384941131
29.90895733578276 72.50177310895249
41.00085434144513 17.533609422330677
27.746704340250982 17.18367824564666
66.26674045103884 67.54765369980977
45.325328062524996 49.57351423768106
61.28435754640499 53.74380164020581
55.53385394668607 31.99976865343146
75.9465796407111 92.7363574771064
67.36949771928126 22.400017684609963
77.12663061776314 82.79017851053422
53.710015628399454 67.34277631867373
95.62770873013581 49.88044117752801
31.94963512621174 55.808727726685134
75.44701841903134 9.95041197605271
36.0541262026873 42.18645242507604
55.98096037226418 59.926939942178436
7.308347867424924 57.25352271139384
27.23738707230933 40.09107685479818
76.1906402700283 93.57776004448542
84.91940732917702 80.16759419404603
5.149552795080236 36.76803206961188
70.12338484932789 81.01235383209851
91.92372903712119 87.95872561514729
80.13493178436865 34.08609670339911
36.0608483078049 74.18338849393943
17.04934887759386 52.52733607067918
94.06293145850651 48.66797979639629
62.10349985544963 55.10601608885376
7.231319796653867 63.030027073570835
64.39027210533882 61.06702756829917
52.52401311369104 29.268238697696646
82.86725462323807 33.23853647880255
86.38001763160261 85.34519971837595
75.91713353436673 15.816972794954909
19.635092567013878 26.17400794938105
19.035131503971236 10.927330450781403
33.35906483818961 54.88079376183156
68.72148579476483 76.89425372178408
44.386262798577306 76.48001774313117
67.79631860843608 30.07655607398252
71.54719761057001 90.18140464573969
62.75845778458857 36.7382834252695
79.27506699673565 78.223641402459
65.97771913560824 68.0551123169133
32.9000560114367 66.63122188292681
54.293053335810114 89.85852824484591
0.5305125166098823 33.91319161586588
65.39398504742189 5.109597110850994
10.309999816968363 21.571233391984567
62.41606658440102 17.85675631413044
4.186008206373248 99.68439220187516
85.35856157751138 13.948068317397267
42.90917070458238 13.6255099401407
58.5230120313873 52.96263722345324
87.28527447114116 54.29332835664955
32.412244362364575 21.973945128230277
69.64845128167717 23.878565752375724
70.45541487773826 15.393778860156615
8.055415659351727 91.84909865513183
33.09466035226604 87.25477556787851
32.0772687610025 9.093166067338931
20.69554969717854 36.83012182760187
78.18162629602264 93.8037569243276
11.803934120902781 73.81779791599949
48.874862462976076 49.52024580884712
29.543591200511244 9.425423998413574
96.32610672102504 26.868514219063556
12.38499690328333 27.887664101890397
91.40203392370022 99.61929173747205
49.35756911437266 62.08112407226098
65.69022131966126 69.19644435595276
36.31737720986521 54.10041413043181
28.698434728929755 51.19505736434656
20.922442386702144 22.00796923742058
15.035063497361655 97.94375004197595
50.676380624143725 87.29222861407204
32.58161491183792 2.071397179846912
19.47291235767449 93.05717072207534
35.48058568929516 73.2594444178128
59.41285962293461 16.31435552323408
66.00332629374952 59.55304090386739
44.429485625608876 47.249767663733046
57.6684764335164 59.251870827199724
98.27986013929612 4.312543152726467
52.397862911892254 91.08515294928385
20.834591798147873 19.299696262914978
56.98362671721918 40.882898853308056
