236
72.19147972211982 1.8915148691865502
39.851276806452084 82.14222463102145
19.99745097536 59.64184267888768
68.19470578385857 5.26257052696929
96.45467738137381 96.91970476465809
33.43366197786377 92.79693121578553
77.46081758942078 45.235351018762735
17.888020344580546 12.101641633598781
31.49520016359153 94.0415558983659
58.01281886265242 54.96160233779217
6.301834800252815 33.548195209486884
62.86284487975754 66.98717722859679
89.396213516626 5.065730938508583
47.50320508775597 50.552583965976936
38.66625814637074 58.49669475316672
94.52702380000517 90.01282797660308
1.8008469051681963 2.413313329334732
76.38381206378595 45.83343197760694
78.44941381758846 55.048228446335926
86.1192707517426 11.92874634235821
34.2977775002015 24.85579083307372
26.0091440005482 60.20343647338849
51.332999306439476 76.75842643704644
0.4955300043036348 69.71611791667925
28.20707545563411 19.112752720363858
83.6483332688124 30.64535929559985
82.06466789099265 49.429328428196705
43.84549709398215 83.72066840349608
42.3718942423599 21.044319022546166
51.75753803986203 9.9158885709567
93.82038968382604 67.62707840796412
36.91991241401639 36.4035105211107
81.11682581917665 15.55130423732768
95.59727518607549 5.120581251159639
5.136288954505885 44.56866470866107
40.75092887213767 90.44674707473101
89.54320498032715 43.403157246955715
81.57521411628234 73.5186813324884
97.27701456897877 80.83013346743158
9.32919740879644 16.987452512092794
3.0135388662886453 70.82894124027015
49.53124181829248 14.289620892479915
50.006156950005675 92.37310993941314
44.07817410325102 87.47850140656871
57.19883409035242 44.336653564975705
28.17862775282648 10.61919313889762
44.12339381192445 29.678807485186663
76.00748534571741 92.56084909347435
23.871971962888527 82.89303448894519
50.714544757044266 85.02007783816214
67.2486917694472 15.752555272433998
55.96478098518782 69.09070994589635
44.43531507104027 53.65448786196016
27.736098509235816 78.59481665181521
38.698869047307795 36.47272921800053
5.526693115500548 52.44401692076287
15.423832629159284 88.47290661708087
88.32817656194169 37.60577860542209
30.921977035829183 38.85875106700338
24.691174890594624 88.21682299497893
8.389959875867604 21.0813838706413
40.61203927655055 84.21789642447843
34.363178032884264 89.60065223676567
74.72958570753305 30.20267966904816
64.79721887579191 72.64122400069417
0.5931702738324551 20.835454914978012
60.21219271932 7.673951714577488
3.5166291702807384 62.17917725372266
65.70967405606233 47.174139380938584
1.3816032593483962 0.14607917370675905
53.49833940895441 39.588893744992696
42.24462315018748 38.03422204563168
15.45088084601126 2.539273470245196
34.18561907260612 73.23582181092802
77.20857079481274 18.303565696829715
39.3424736244336 15.155591638547206
36.09127388207288 92.84341934479086
3.8878453849397143 25.06044939101062
82.77651448594314 0.9136484419720592
8.318898733017122 5.579892455321856
6.706429772145006 12.350033566228047
38.24182886419835 95.42357550722454
38.12683453044008 17.3733883634829
21.99630557243185 66.79559636030062
29.327087304604404 56.35271153233048
58.220970039345524 28.433902416892774
5.9034344334215945 94.43549017631429
82.13346158763616 64.14748565237589
46.36830755146602 63.96085942059151
14.242508765659046 63.20746850552486
87.57328393304542 40.9668206268054
97.44849936210109 77.87582389912346
67.86366572961694 4.951698485676948
58.54908999178456 42.82433283579753
34.040093509228264 97.18901987906975
8.500031660950613 28.332006753341112
22.305691849538846 67.0285785975482
42.336488540562556 38.097848766423844
87.46728012415606 96.12321223081302
26.550123082427923 5.702100353166106
79.76016336590726 53.52408214538329
4.914310410566114 80.45787549910544
27.98556132489657 93.86129790478505
8.495608801289123 6.61315924886452
10.288815381087336 91.8308331193792
50.67327014037899 65.47646206436109
8.47006532993495 59.4155942379316
81.80071234152496 33.870332770840285
35.12099734732127 91.24392271144387
0.14101755926767545 86.54042187448199
33.150874161891984 54.21310524489971
88.49539365881269 12.048208920846736
16.513705713817416 78.11928214664523
95.89016022239397 16.22149136745932
3.785063831114144 32.06511738970488
89.89752401566471 28.70329242630364
76.7747160987881 74.18844944957189
26.114622361995433 7.331867916415091
24.302875611899765 58.464603266809156
96.18864669811414 70.23034933450957
19.27706542338531 54.889456584077045
94.14521466317474 99.31588813244319
62.11099374238444 79.06955467592442
14.264806902792483 99.2531839985474
38.838212080045764 70.29196718968316
22.65511156471307 26.67513066404892
63.00413673508075 94.08284914762912
46.032728281286474 77.2631329577872
22.648543488909244 38.80974328570746
12.347300663331973 70.99721371969304
82.91157424045169 73.3261098869799
22.74165678844119 72.87309390851121
65.94391319066035 45.11179891103293
76.58431063122877 26.45664129349601
3.033108874837953 72.71450598052448
17.13366455029307 62.67178734435658
94.51638613762188 47.71289241611228
98.19471869913038 87.69431749780418
57.71925951216021 53.06696489143068
45.53344475453669 83.71214360017973
86.54489639629737 40.62408392921619
12.668928794160772 15.194060910274343
25.027337364137647 31.040836914277293
65.57644108503654 8.915168043445831
83.67010035778354 27.537493720408413
84.81022312543972 66.23984382536014
82.5897438207009 82.99160039259138
83.80918841308134 74.03128995834088
9.529450706265518 62.680357317037206
31.899090806410648 96.59453230547979
69.67088000055635 30.228048874876112
7.703052727529213 50.04914460762811
53.61893760159777 48.21257282982982
67.86635493826769 20.147887665257958
45.88749216082738 11.113417223005683
28.793588356190767 24.505964989277363
38.656431950891545 84.50332410165346
36.57773709610234 61.24024968442229
80.45303316012492 38.16575150874088
62.24288304641969 2.309900113934382
51.89644847771745 12.791359172812932
23.24904998160051 70.77716817349358
56.760321288777185 88.48133123651239
73.92849288467707 3.352815882553428
16.63676982894815 10.900876730333053
44.27439037832615 35.126952198076125
55.99994127526282 31.43199337795601
66.09117017063434 22.372065744765933
34.118351244054566 81.1136880699203
99.1124014162363 8.296676630891941
17.174963230448604 61.93933342508191
12.319522308143217 30.496435568934356
5.1039230879682655 40.92736284605108
26.792008316903704 71.029143196899
72.53664641219353 53.24001656002898
51.58355896306453 76.41896431739407
10.612037978129196 92.01636638964513
81.96803634973801 59.08188482278436
67.93795511806042 46.58006360630726
40.14023161540492 58.15041127234285
91.30900204108659 4.805557001987526
42.77536737005486 45.10048497905588
70.58881887640868 89.84899548601814
54.00126208570018 98.69373543706435
16.769392400438377 8.094246364088498
58.07682095317818 45.857627852369596
96.62566827479873 34.51733071222943
45.958343954629 11.346128190716554
71.33694642561494 26.977116333665652
13.948838168051536 61.33712858138587
38.14800328957219 61.97467535023568
6.383511579131785 34.18182871807078
44.84483230231443 80.29250505908838
31.94977512119227 79.02454025042638
74.60257393190356 56.47796325507832
28.30485108377171 94.63533009027955
75.85362898601997 4.144123751397277
62.302455925014534 85.37502254422719
86.8120566969775 78.6468070909876
17.887277713693727 15.532449028858952
91.36283194676923 29.613217972371153
52.95174785995438 69.9158574221657
5.767032418777928 31.446362093987567
7.5318920604239175 39.75239907642683
0.9687474169751353 35.345726234604214
94.15804084740688 35.78990485313168
39.99594546425054 1.5515199470142904
94.70279631316676 79.16429759852691
69.30128837226216 41.22649971739004
23.84545466283705 71.74672068732472
4.402227970978501 27.29708163145521
56.05161932958772 82.25877325844766
42.895653159118844 87.25379650805593
6.780598332437049 25.59801033262984
63.4304627164449 91.62091903201168
55.61447307353921 46.87660856444135
50.54978591256075 62.5422294528811
23.831576825628286 44.24302147658818
56.15776357611178 56.904817364197804
24.604014176127244 73.41319792718454
55.06227663027216 79.08986044179836
59.98322431025475 22.407252784463783
88.17544882432394 34.783652423090416
16.49552658223037 84.79423920165696
53.51870563746927 61.989036740870404
26.88371508669869 52.13413251055496
46.53095099056054 51.23213895448917
26.149288025178485 55.63064917121863
85.18289021650388 23.009666514597484
49.49480881748646 11.251454645157233
12.288275174018558 34.922419533064776
6.184242031396437 4.593231576870826
68.25099595823484 96.58193524151699
29.467783503157463 78.0677154376079
81.77803410131364 55.28832094441955
11.909890982345273 95.26202077271222
