225
10.94753929972545 67.80717022402145
61.05106095483266 49.12053420786574
59.5036564788707 94.1159496855954
26.717330336598966 72.18602582862592
78.03312044954387 81.31472047481907
96.93727062976886 88.70685804560554
28.2730002321234 73.94635783107103
37.26012863388257 34.128669040211214
69.040655571145 60.382530270201464
22.09217007596006 79.58090875709637
22.410732088844597 59.98725025026138
49.26824758920817 74.11183382878865
57.17881487238399 16.758212927138228
43.74878124106342 35.147939121410275
97.41757003755187 86.25002044158427
41.00032451592238 44.41171933521516
26.197748532759448 13.611950035210441
31.389438302635288 74.51568846815614
31.982717522903293 24.742565056785736
52.70080411165849 98.1697406256876
37.87148859116598 50.10620504298519
3.4604041579204936 46.23923066338199
11.74917043014927 12.21608738462674
25.376095214263504 22.8423001971122
34.17699093028158 27.410039194986258
37.545991208063555 24.02829895053439
58.94225048881802 31.67140875232517
41.52954858369951 41.75541017481117
18.48416511036023 89.68166186577778
99.53587890827623 97.94275940520993
37.60760385497742 25.3218652609431
91.23390241308456 20.274230986241182
4.631237177800996 24.00736346732937
55.58079317466537 1.3049979161453895
32.9534515998719 6.212983421774931
68.42582335864586 84.4822032193057
9.395094734131526 23.76478310171969
30.205821388720324 23.342879378887528
89.11861777021998 30.041794578388693
16.20821808089602 49.249746734835085
41.38508667649183 41.97368784592563
53.083732415605624 66.7430299349446
57.52731237212466 6.713707674025693
98.43956229159198 71.82903065475315
24.531302425023583 84.99385854166957
91.18964566697747 93.33993038642234
4.986229598367098 0.8970383824366879
50.62786182128668 28.740263433537837
45.511084404535126 33.015430517683
90.67923670029032 48.240650986239906
19.505006834846927 53.31015459746071
40.52645193829321 95.15671605037262
62.30882557721959 91.94457984111793
20.458748516256254 49.63545242200578
32.600617325975456 83.94609796080462
76.61459397250674 57.79993639485718
26.640315306594044 98.98916880797628
52.33378479863692 61.21314924747767
1.200190090922526 95.98850103948922
38.483279729033036 23.359335165538276
25.197339307155218 54.599053326772086
70.50395247022085 61.70915999951971
20.179274268245496 64.74574561314276
46.35266084035173 21.848142128044223
49.094439442745866 18.44337017239177
25.64242588642208 79.81502209626089
10.987043473584057 11.0025429588398
4.2687174882182655 9.017295623646216
27.739470666797704 22.758870757924697
31.09884669228643 89.35931900430933
72.2903448246129 19.176253211535442
79.9612062545391 38.310305338758496
2.2895428212038715 54.64704250322791
36.773176836864685 88.25347987040466
18.621910315549105 2.9738490537720152
79.41465671272425 72.44115079429274
5.901131531445558 50.649806765212155
48.56219736559771 56.92986047575004
85.06797314135856 43.26927059185365
1.5702476670613308 7.500541069201705
36.43346086458592 43.49687543119607
37.53403077866617 84.62748815902025
14.35433451271364 17.950775005133078
41.908968755249454 60.12260555911722
75.93094888227778 40.80197656365018
53.52407635593174 26.148403803347907
51.82609672345397 10.472652968844775
63.42379867491164 53.72143460287163
28.670692744637005 80.90587683626121
60.826741744329816 36.900990388525926
97.44966451696017 90.54688798155834
32.04805286509676 58.30339915597912
52.833829077178386 68.22156238243582
39.08326419885684 58.66863777602167
6.328557850537742 59.87770936608765
95.3564118224655 57.55976711997298
15.325355656562056 35.530348642452005
42.44707555805288 7.146247191309374
11.206829156816688 37.06737905569546
30.435762328890636 7.105089078452154
53.15766811872314 73.40976974894699
29.182188219034554 33.53451855980936
76.73365519684772 61.429829242295206
26.4771225974629 24.98163822887749
68.30202233863491 33.88767746776633
57.87556467121892 99.61275188244946
95.33300945386767 7.457316977217765
48.50107036590329 95.28195678217338
19.499545272104847 32.64901955698052
49.38891438516983 99.20200674169489
48.59784363214057 50.775254489106594
84.34340427969974 91.48525447893599
8.896979663950388 16.64729296280165
38.04714060140033 59.12143925384349
96.98884464137205 23.58906290164513
57.50399450886938 52.710267811545684
74.06618463121278 55.86431128155274
49.67766242409769 54.867523358480284
71.25022818200729 38.447409406083985
91.63453558008288 51.436141481993204
50.647831450089896 75.09784763868853
59.24420979914022 37.92247259422459
82.48925343056997 97.55149030706444
95.02347115028985 56.69688993539733
78.46597949064748 55.48946479569028
55.049691912425736 85.23734623578368
18.68364111026517 99.10672020526845
32.80626596519027 23.96032104728284
76.62602816215714 62.54760943207813
30.980247694947614 29.74574069354722
37.810186898130084 66.9329864265331
16.752726489290303 34.381244875373206
9.130173346566718 91.74455706225959
56.06077347066892 30.19144017536015
91.55223271552472 7.911263510822764
92.13883919028608 16.87586541425209
23.355848291260916 17.578077576036932
4.041091699370236 91.86579591416584
5.576233151559573 86.87640433188785
72.61982569072276 26.216971837828517
60.182303595311936 85.08604785387126
87.89737904714498 78.05349357662087
90.70438566836094 22.897604159833364
46.9961283621669 45.931555967374784
29.74709983273237 60.8590765396695
10.060597688781526 34.941172658019426
63.42629948838495 98.6902772039915
16.467176372053515 14.863623732991528
12.30859682798422 68.2689304383285
98.83821978219753 17.91924827093394
8.903926546764197 27.2603863797683
77.61742305740597 37.08461847341646
63.044373110714744 35.80399409965446
6.982450883512936 12.689729739622058
97.00007089345198 13.39310548855439
11.844221750035056 41.47065686780091
50.46382897341607 20.67917224751693
20.37868433185025 72.6725729844455
32.65077947100758 56.464849184911024
78.49068407180008 45.902162444646756
91.126265787554 80.33951475803705
41.76823855327374 22.727502478426675
29.52211745398251 5.962676607004869
19.172116742403865 44.253200249715995
52.03083808420699 69.46857321501831
1.3691913715670134 8.904374860061004
85.5846295795394 51.33076731101932
48.502750072266444 72.43045180235303
99.01366418111098 51.41856356404959
7.163117031118771 21.00204543088181
68.31315035265055 98.42370294009038
86.23697755421445 40.72358137211335
69.9198578127985 7.547077425569193
98.81530385894078 81.17587656790579
88.21786577996927 85.41596404874852
57.51768645644477 25.396343323446878
64.86083986277548 31.501369866455498
54.670805857215285 78.24412043491314
76.71772653751412 79.15416206747123
26.795188324542075 74.10163447986338
72.88842298515526 28.63611704754405
19.477079995433233 81.22066697271762
64.05987375486313 68.9401870847853
15.36495259588767 57.88900333155367
86.42673175706956 77.18048592092102
21.351298414151753 40.081813230568805
64.6180200496755 38.095299945197795
58.36990097534276 95.11193743918108
57.29213019706448 93.48430955548352
73.19868215162037 87.64866572193097
89.11050211484657 69.01449508156986
22.70541769547495 16.030255346389332
95.44921403639164 91.01703514577909
71.83443069037969 48.79884041891488
75.23273483421222 57.29779859351753
78.58023106022128 46.25755079794634
54.99144762272509 0.20875842435540415
87.36446125098304 61.3668458392052
2.9774561487046936 80.79712888733508
49.20547742081166 52.73627649387517
26.955985114022184 54.40250852530747
41.836508444759616 70.23279009200498
96.55733163850849 83.80212669060337
14.78466346812668 83.80431876092148
63.89064606890715 39.878520207903904
42.580107207916086 12.215339230494004
14.775593864813297 53.52852713667132
79.30502260610336 97.41875250312594
13.008467767062005 10.890432956940154
57.53447117346969 51.28438956685496
87.26446275271181 24.723411154798313
34.15254932753305 3.3589484881247356
43.218167912044656 98.18651550816391
10.383788986035968 92.1387604349433
9.69351390683042 78.1787603732838
13.722733284358036 8.058339734190156
31.63492555267102 76.79983034318542
5.702218327874798 82.25628113485119
41.69389853411272 65.70293366611594
45.23300852200224 36.4153521889118
80.09031925605822 51.82031509067676
61.430174279388005 26.64157453501713
83.77884030619978 44.557789228735814
25.787577827348297 40.10392533234789
47.621999743130296 18.4332684155998
