22
5.65572864928976 99.74961746533693
99.6737564994819 10.612534176795574
1.005008542042296 72.88790733625464
56.054878680796115 35.052493466137555
42.79315727898155 98.26120297887759
16.63662630920356 5.157566866623453
93.93015058421179 91.93810323522435
73.02039961678464 99.05105288428653
51.510236220455 71.25314933713992
85.58684216393735 32.09086069372741
80.28516110430702 76.7733012046229
53.73606569423429 12.530620501918444
36.8812647694311 59.61052610657587
30.575886638818663 54.72181147517371
68.97238421528324 70.54874792404637
1.3225777871911593 35.69000474421502
23.242903902416245 97.61278804896442
36.4150082139312 88.39145154068272
29.786155164063764 74.93656859162297
51.272546789475335 77.50305054354072
64.66440266666704 88.67952146575338
91.93151437120498 41.67577209916752
