40
91.16220223263596 27.536343145568708
16.73868996078397 36.23822596131365
1.0741281565829874 85.71342267447439
62.3147859117012 89.33959369113354
31.351472350825837 61.0524549705868
16.171036470800882 44.608033408449984
70.76072604720075 65.61266319141966
32.41125741409648 7.7011157698117945
79.54832970566005 78.51660755179107
58.80698658516012 89.42804313734676
1.4996070237509151 88.4714396215919
1.0692071455330576 43.23226374450548
6.592517613462878 31.377149549212113
12.443261432305896 76.30096290192735
19.93929978297778 39.55850608568162
95.14928847932674 81.73136345374746
35.23348151635122 60.71980121900863
12.437597950060997 23.18422296823879
48.216719919475395 49.22049547693861
39.27912493121437 7.507934932015969
37.00303306524625 7.745810459235303
33.01618777818075 31.16045572654609
34.80817631699436 44.73908693664779
18.07006180213355 46.61657975676926
95.20107040647716 17.49399853982493
97.37412272529676 63.324949365493886
9.200412443744243 47.030901086036
11.92185391292746 40.35114126597779
83.54367930098614 14.381517084780594
52.748784554796245 44.80967196674366
53.52198654854654 62.791780696757705
22.8279898230074 47.3326122370214
59.06212456987257 58.14201110735362
85.37108376161203 98.70633824526617
49.76128751086818 88.94606200435867
78.4059095521173 86.1698071307327
74.51861675039521 14.869160416239158
41.4428913179425 84.14468373284772
73.3033475048028 26.379451373841345
63.19419489070849 74.03086706253984
