36
36.81955315492538 30.308618992741053
59.895287114301574 7.990674691459542
30.16720866153807 82.99881012407214
31.68898310393502 37.10865788047254
1.9273637596568305 18.65401808563916
74.55604446771989 60.703693417303306
20.621805755799937 90.08398648981512
87.56198873900966 57.957832014900866
8.97057989007829 77.2050142141442
74.39221720072217 48.49962443482545
90.38733788823549 80.82120637380802
60.13596060981603 92.33531476392733
16.253633436601167 37.875537585978236
83.08170899990674 1.4521698876660216
68.18104649382488 62.97516180354306
83.41720672145446 3.9549938837437293
33.867389078279054 70.8068586434292
54.486826328994574 61.298810250091215
87.53699412129716 61.41306845111024
91.68025910926582 47.06174898261515
38.930731061230375 14.780705829512542
31.53347241674198 82.3121084654262
22.224747045886993 67.04885811616522
65.56758686944433 14.377893903412298
69.30725615959568 35.6687468721714
95.69902709168755 84.8711809986305
79.082793576754 28.592263613745473
71.90762172393383 61.9088736863276
94.55259534541864 29.28623219602735
65.73479585958424 43.97922752148319
36.64814337065339 92.76525736224562
16.37688337038726 63.04891202057114
71.18297259040884 33.344161402881966
66.98267115875971 23.746595262519165
17.909105837831085 57.03411157806415
58.46328410962847 40.2921834045995
