37
95.44623047186602 6.811617240413548
94.4657930633906 73.29895533518638
51.921704932151236 3.4811276302087357
16.689217169426783 55.8513620748221
38.13552010202136 85.89572547720833
72.61477060716204 75.60804442107714
25.396008618908596 39.45730541267576
78.20640927362167 30.234524730259484
14.457621635834972 63.195810431067166
98.27548519526104 45.999011468727325
50.38650135353306 85.7474774474548
47.3637698914237 65.69344811899452
13.93143104955331 99.90508470253289
52.86360041567667 47.58475807068494
1.0308416395611086 23.61735849829556
90.48233088431603 81.73763038268628
39.99960351925452 68.76446986968845
17.738812397115133 33.73367031196178
58.028293906905844 61.48931938172312
27.961519556454572 43.61061664872281
42.49340011826448 14.754119782014886
4.697750068846229 37.0998898360558
60.50620428970904 52.279697355921414
24.284445428361657 54.40035746144135
47.56830158536097 22.527424041480327
96.91763616756862 72.83624717890405
56.069626978217734 25.45467823037154
19.604009091479224 40.36369667605171
55.37177209757201 81.01299433002306
64.46578921598932 82.34566982152366
32.806715583882216 61.38774691101156
28.9243368788628 40.44783725875578
72.56729402345229 28.971514753469073
35.03005795565015 22.674801670625865
8.366332974370605 57.14635102784234
70.67032871492688 91.67098518907459
7.579368115030483 72.07175005770179
