33
36.50412384403582 28.63988987153949
85.79216369040672 77.62571275407034
6.78566983318526 27.942179206649197
93.19761544557817 77.56510876089153
60.3230338221594 89.18232042129603
93.67207308299295 54.83343304584049
90.06743046518032 41.534407630685
69.89505478721276 57.59019744541353
67.15551397520039 77.120227299719
81.17273646988728 33.49896474292689
84.73506406789926 73.28084764512481
97.15061057496732 63.992123024021495
3.753509546618128 38.15763837431378
80.13424168304643 92.74328006650705
44.12529923169103 22.146954488480297
44.83532450978013 1.0859114076514853
82.6361574570307 4.05557636051832
96.91882455738558 6.081051127245263
28.518858390928226 58.5592497992688
16.28594135496 38.5174219771684
72.37794298077938 58.196734476374054
77.69632696126901 29.8548537239386
74.96656432294849 23.853437988010164
74.1783883767625 52.95543678072466
68.58641884556457 15.996335202426092
67.84803388189694 0.48398105973920247
9.193214446286625 74.36187244054577
33.94513676404659 83.40383136052202
78.31927813362788 2.288211632541326
84.54129124723636 57.55583259114402
0.6887787304572734 41.1506732637831
26.99965260228473 17.045380801596245
29.893295041766578 53.48683141527451
