32
22.721705039211248 47.987667111998064
70.20301560078241 39.97915307464922
60.78995725837321 63.56060090662361
15.797958915939814 89.55473164906685
74.5542178266466 55.07505070044606
88.66069194815655 45.847753913338494
39.29040911759664 19.854821627763673
15.240233965768702 51.59781869554786
57.36115603973844 87.1040321934318
70.30225690971444 36.48523636442954
53.70057264134339 20.49301010993623
61.79472746390162 62.725829692916115
98.4671945298895 78.05597213125178
5.309417708934294 80.90672564285339
99.23554496173237 21.44543624082863
46.77737059222559 5.695054715274384
96.58517746664266 15.551976446148464
13.634879757572527 14.520452630565073
20.57538985885318 73.72503936757717
76.98322383844301 15.170134471251595
10.178703035747994 48.15935180550369
8.46678966833182 83.50956211721737
77.8568347003284 94.40607486504177
93.62979067480981 46.25147143177366
77.65584729153011 87.32986970065383
73.85533973306521 63.41787108121133
33.75452306085472 41.32992451916453
46.7295473578939 47.115648683656254
98.54336186822577 1.992818641085503
83.83842831680064 16.944424522995362
91.8122366234547 21.99276049022214
65.247997022283 7.7895041983984115
