34
50.47681264625148 89.08177131568193
91.71208284601171 10.082780765117938
16.212725835310927 30.227609448024385
64.76461775968504 52.63935535296762
87.42618007472835 24.884321424315836
92.39704098265662 34.69864182100208
8.533140090499547 35.823518735169614
49.83619950727531 38.59455640408183
27.010970149650593 27.632984192054433
5.6583741546119 53.17636814233667
63.11569348699947 32.359955595060995
82.59717985973708 94.75483252664824
30.703779272197995 8.771528060955557
60.350227096174734 86.13383075976829
66.3825693821208 22.398511928257726
21.080141900528293 25.491636445968325
91.36898441006426 67.65543388993183
15.541685480673806 10.997639608723297
99.7445382003449 52.92638286037755
40.56213463783319 41.88889118191553
23.057415807711855 0.2978207266010058
15.164321735620067 68.90849704321847
59.625821272741454 84.1756563324146
69.55916835814382 57.454765828806885
43.261771812783444 67.99218868482008
87.06194900407763 47.763015736977835
79.8967938708547 54.00333336765777
88.94616715566245 46.31565095680361
85.03927670088501 74.47758980542373
8.22767496560205 3.1162462911668243
15.61144945654096 83.58033855388469
1.7769388918408069 21.01554495065454
96.05625404645764 92.45540107900786
81.62420943724536 68.33931815064524
