38
54.19853172167186 27.28894063364814
27.584609109284706 13.197369323628184
29.192064846034704 35.728834695431885
87.61163385932586 82.83366620303238
37.04451222599624 5.545164131838232
93.4675323469655 3.3329472866558407
48.575309551232046 46.192275199227716
8.971598635820044 41.941057493187564
72.9741049653244 30.302929561422086
6.529965018678352 75.46511182265564
13.669252635717177 81.94592322182513
11.554277899648191 62.60383944316064
37.606221815118786 88.61283458889397
58.750154393883015 85.72288027266436
1.620859060325175 74.16226738011102
32.661603348178524 62.19823664344521
37.91775673575075 77.477829217058
59.874941379610206 7.317150772575576
26.099522046635993 25.848542194088342
89.04001690263404 34.00319026372966
74.85096733530685 84.66675116648292
74.62863834788895 75.4550816042293
98.56384302914518 26.657104579489754
53.34028657986648 25.40978781454838
93.51011533918422 10.838372545548635
17.80425435014177 60.90531003156791
93.85007263212319 82.35652930412061
78.26491920647425 97.76899162677948
24.72487006162628 21.980050343168767
77.0335864471033 10.943698389707713
40.566348403049744 71.12099608526738
78.74426612899474 34.44606718015179
12.187628244624948 79.83730318942743
86.1668071682301 16.940877806130782
8.994680956044455 98.87632883469917
13.875469172730238 68.95265124602528
19.594422742025884 6.200943905622147
13.588355291589405 11.14052693359362
