39
79.93288141967044 73.30833434860178
83.33736511715799 66.65353756743652
48.725370835271264 87.30096993959656
17.119545536206505 9.073197177752245
99.68151916583972 36.24787313068818
17.107874979243853 19.780077103931305
90.24640423874031 0.2296485835886819
34.64565400199518 36.378124919058926
34.06977897750715 50.47228174552618
67.4105098031993 44.92881549470684
83.27416074572382 77.69798847988535
16.29834378118986 29.309675930764467
20.020163489685196 73.50126715599444
21.891244485570972 30.6112586385344
88.23701022435961 2.64005386984818
42.55480479570759 38.51491454927085
50.02576183544911 80.83270598865488
52.07313722449546 84.46224094612508
19.980880957789783 63.908539941498375
41.28308603887805 83.52310857040295
42.59884571673812 5.867005238192668
86.96975092199115 22.14505982277607
81.86340798237816 46.19874001999459
30.952033167548787 79.22544423418542
73.82952290990691 95.76895955636789
21.853426986333346 84.7215184663723
66.38153864219073 2.938313998032438
97.7731940647245 91.20772428071213
89.64992209173536 7.729486939357066
9.566805410876766 49.0023150942295
38.16028637909298 96.54415592189015
86.11792354762919 98.19227594983468
44.29327129927033 39.36801208205658
36.01376951890476 12.106851948544527
44.914077988637814 10.665575952713036
86.11610062248991 53.559451689970395
36.050668639301044 13.941631442990033
30.937039878168438 87.96950746374131
38.992430476650284 33.83392484641677
