35
73.1699942447649 92.48678022322181
69.00384236940086 60.19697429201083
70.95019452674471 84.02256170756267
79.46896166291906 96.88078170215448
76.01377861236406 63.3265534286231
43.32429774590126 14.388634720473847
92.29934509134868 16.225949334915978
90.45289456873232 78.3448968682306
57.40253140459698 30.786117500118692
7.523866802801116 17.309669282335662
71.9751968672432 85.42715785835982
90.31093934118122 63.321398794816666
8.26087271198973 98.94252761001191
62.3534102870873 56.20076914526467
18.57220864822926 74.65457353004513
65.52854711901008 97.89342609314276
10.773565415685106 66.7126998724393
96.717096249961 41.55411798175835
11.801690271086262 40.625888573004055
81.78166545203965 37.63478776041433
40.174923504022274 21.761783648758836
10.162016185253053 91.03980168742716
9.242327745059908 93.93563505192627
26.887377700589465 3.9716831550727916
80.53584647643575 7.89925694142688
87.04394779322536 57.5522679164731
47.97384408301032 36.38555425518847
96.00097303666024 89.16687795673562
84.759882305461 47.789664487860925
75.21782013912758 51.77792486603826
64.67269127096782 82.09166708744802
69.44078409665624 14.156753052609028
83.03139419876345 21.766545760936605
91.68893831912544 2.7055076353374896
95.90189566900418 11.95019745230711
