41
82.86185041600642 9.59333714754803
64.64572042936419 90.34709314515163
5.94578696821767 58.25145701460953
67.02884816122148 47.542599673534426
46.08714355413085 72.03697366636464
40.2887418660574 3.416723074461925
60.08659465799663 89.63971611407105
11.78101516148866 46.786619968359474
31.343801715483732 55.17543286377477
79.50686479851402 44.34027735045669
95.06442459914237 30.38353635926351
26.44698864857553 45.85597384597422
84.3668726902241 16.094458406243195
60.70226601688415 64.52268742504234
93.78882130327013 39.51575600891508
82.05512482655065 62.22726580055187
86.33855000459002 77.46172942701574
96.20853728926255 71.08245357139398
49.50536209723937 66.043662687175
28.21623604555372 51.58875097386941
72.2597154946119 60.634983745682604
46.47765815252429 96.42097766000296
99.85363484156103 89.03924470065454
96.16222646598347 1.206886882744107
97.67923957523533 98.72079893814669
7.394090522924879 13.845281413324473
47.91997896517841 31.951037178944663
54.49797886003087 82.4104967846863
46.553198230207514 94.18889588954508
64.57667601814083 75.67862629768979
30.501712159093408 25.64632294180631
72.58421903767486 93.65524838997425
66.63389387646303 67.73402009719447
27.77628940643242 83.43847080273825
47.04129631830243 55.54826132741633
23.492227028212287 46.08654567011061
56.48837039813118 89.98510291649822
72.5087611241634 89.03548427173295
86.43585065346362 10.57275382599162
62.663094478501854 76.56329058846849
31.41128673162842 51.62835040462219
