44
19.091014851652645 22.829712506603585
55.6457417845196 78.36772398939212
64.38215969643217 47.618019193835956
95.19396844623583 53.389597252281405
66.53823966407388 17.686044576381278
34.49762174981947 75.46838589277377
6.229963125795868 77.30193033913562
26.536012965386778 37.925968439929605
91.90821275038228 86.14563763534612
89.19335945995385 32.7243040437981
12.66667835264068 18.593315095479777
76.40952406621606 81.12717793117923
24.33812613123144 62.523246893163275
60.5018479660058 53.45794375464433
85.53387637944596 83.5078881461909
33.661542771428685 6.297510528449002
8.010335417034742 35.617700999951964
56.63440991538832 85.66588279986014
81.61694007819929 93.71185355356712
24.56053349549575 8.523309644561472
47.57114481888096 81.36844197855807
62.45185076776939 92.25043983339776
2.9886816192478682 25.351049937955615
14.6768930793429 47.69845771485267
0.9244811302984157 63.71230216767372
68.51923909268763 71.02729638147494
59.01405027913255 5.234798302336985
55.66863792507729 57.80920150954927
67.56117759483394 36.50678572127261
26.43166558226907 61.08613079011882
1.4261423139540819 44.42761467000055
36.124974913380946 42.619145419402706
81.01535883420684 68.78689376638106
69.60605976071894 75.21512741597641
83.50848768760089 87.55830983387362
96.27022391261437 45.35002255452471
74.14674017013628 35.45111189922806
74.73645035642568 51.28710141437794
79.0376405297334 77.84523914793972
1.000168795986589 49.7121963276338
82.8299471410786 68.42111991026938
87.45723542509634 28.98496686058992
2.330298164537792 78.35633842075903
47.8794579648221 40.15317723869312
