42
67.12560317447601 71.61485478855228
8.58960715473236 73.50999658286638
70.92073022976439 51.48564421344082
47.62125309205405 57.90616806706915
1.2858549245193696 86.73861312091972
73.75602773341929 2.9965682582725695
89.10743760066346 54.37648433843126
88.14459454771905 78.13734696512611
60.470323472828866 81.90371210740054
76.01734483558222 84.37612707267722
88.87998972153501 45.86644701373616
97.46097380919517 51.202373160795986
36.0218289759128 54.276740305815075
11.916806145556569 55.187563647317596
61.076284004541094 41.57053757321398
15.35039434886224 67.57747006905804
51.084887502154196 99.65982245445453
26.147653880442867 36.53710836140511
60.57258880163155 33.18877012623888
90.42768794659922 18.687806055673907
93.04005049230716 63.84394059138421
74.17075856464348 32.2393864200763
73.59749055150169 96.79473032187616
74.42330511457176 33.63229003527389
20.434652491852624 61.17233678022578
97.87376013877135 51.280809644361206
8.28555006862981 37.8533469655567
77.40578740987131 69.63099665677657
46.63592121770475 26.007413654511513
90.81410315476596 66.36565259905997
86.02541610905229 83.88194325169165
38.46758168055702 24.29988652321541
66.32468495311194 79.71508505319731
59.89982725534727 68.15411955182698
86.13376889748643 11.648832434732048
35.1608018708914 46.45335745833242
84.10082138002386 49.150382419112546
96.4995356851955 76.25450832321809
67.29587557224198 45.84883404936709
72.49824353603242 26.402406189954796
14.711314052323686 93.3228201129096
74.37386909708316 93.04038715812607
