48
71.12622767715611 36.41734847201546
31.863289967848687 30.728552579620903
88.98105083021434 37.43836371963539
34.71317124204041 49.83243399564441
4.410718445082007 3.397711739270126
27.812654211848763 85.16220971504819
91.51374799132448 22.20453500222185
57.595229261143125 7.25585304214621
81.75872948959228 25.634376578468554
54.57170602017235 6.978048239377244
96.98477541859816 48.846550301307836
33.406630562073566 33.758824302472824
61.84049930101788 76.1695585572192
9.014109334975407 38.68771450559838
21.228430699209255 42.59397250906287
83.21291321356082 58.45271912365724
74.26370872090158 88.4868230434961
29.209154799286107 99.35277768589387
12.868369994692507 48.01581459187242
95.51187644596509 24.976658153537535
6.198312824949381 69.75180003987575
61.77160290950074 94.565909026755
81.91688762723386 77.75291537290522
42.10001175218093 6.508996916770204
44.245617186058226 13.767160754429785
15.451927671151754 86.10682920407852
16.041059645542312 93.7572581047187
16.779317947121108 15.403880816653404
88.48841483742113 93.28037792561872
78.00031294894558 35.42904969168856
23.833711363245968 33.7334561862929
84.3958209412937 74.39990653143096
4.305767053888021 26.37433884285445
64.2225990788548 18.33139561141953
44.211457079422736 33.958426966921174
87.48452280152243 97.17451397934887
7.7117908430310855 10.801420083025015
78.53256012856133 23.25004710423383
52.68777180670688 88.3363668622203
46.104517684247014 5.058546776224027
88.75733089770243 72.4826540580045
87.08535159472187 91.23659115498597
78.90832831547887 33.782600934825425
64.61038275608668 91.9144376048205
56.384416314721854 68.40129323691609
72.54961593031011 6.0361817381403
12.880858695809183 70.61356371790042
89.71099192431026 12.328579387118566
