46
46.0553526423065 55.848445041619044
40.71716402440872 59.23320781975827
80.8381421845665 71.67712448415887
88.67544092212674 84.58851126219264
72.49699864029056 42.13684714089371
15.375544705756294 18.288849513318294
24.294989415699586 14.290566600166954
66.04606854983163 14.037970246532073
75.14259143892018 42.92932308235115
89.78984843176507 24.256324161913888
50.94323890221569 40.82032241556674
71.33724506782433 11.149424635587401
69.88372625644949 99.51545157320419
54.666816272798314 69.80806247650612
77.37193503308964 48.00293565318614
21.771226387785692 54.4141192826196
49.9016402832368 15.136759448188696
69.6490699311349 10.253097391383225
39.0221525281607 39.03522232840917
9.355004670316802 77.45313448446001
54.376707455801096 99.48680901491286
63.812658894411655 72.51843004023594
81.45291594252033 43.238908052990276
9.437778839237176 31.328644802003446
1.4020634205704652 10.26653779831025
71.26455157887 14.016263751192904
5.282664725864638 2.986017239988348
90.19180610798074 31.286278517060417
85.13503875581503 90.63745878845192
62.765904394888004 45.12937849961129
52.42610694964883 20.97331996778423
93.30746791593182 29.28860585837276
86.19024874135633 38.80867526338433
88.73737648163636 35.73611622398435
98.93950655124897 13.912008670291055
78.54348603348723 85.00091608800997
3.807489343244419 91.54489976605824
57.974639530132066 52.74972149622484
52.36796915789246 28.5275372917404
61.373819061943856 4.107454754241269
73.6168777536931 9.028521447965066
78.87235702743054 4.452899416372658
16.98334470323838 49.85127752706302
68.158607151967 96.2278244743184
89.72722731331069 9.135932332039499
9.109990371217702 59.40950267994805
