43
66.69861357007557 47.334222507307
3.433895348161864 98.32666327189963
16.12420121615754 71.59147825713642
12.443566371032711 49.779519819618734
12.357559681327569 1.2306783155205059
16.434111621102844 25.520735507177296
75.84110481333909 98.51488061666046
45.19029786449447 44.36216626549039
79.89127697253561 90.10649061481676
84.79591726729537 84.20643417239579
13.562843673119218 59.21181296477316
69.24138227043208 7.371580714898618
32.90798523412183 1.639270125514103
60.55171760407069 39.92438633163222
27.382716332078182 64.87989716129402
63.38857226453554 47.18700045907408
50.08642708935043 10.62596812907719
41.362089948719905 54.484315148192266
8.87808915279492 5.490007268760833
7.250470047737057 66.13253341399471
63.9338981859361 76.20003058706281
77.76225899942625 40.67466417913527
85.74709144565277 48.057155365679435
18.176182257959805 76.34909392116317
87.33245425981777 59.670355491965296
40.89960668002646 45.68826720920028
42.49819573883773 69.1650927450978
98.88279928701068 57.79126488986089
3.7802210460014196 8.580542142310122
72.2182006139437 69.5158655067705
74.471420969871 67.30504326877947
25.707382746944983 75.22831452386444
4.209875533283114 64.56892097169961
70.7427799134118 63.611172140348415
68.91330622999583 43.161805986579424
74.10750650093054 83.90405189405021
13.085612213859033 91.11825445238635
7.742156819687818 84.70792227719451
41.88382088121837 43.42223164098703
86.5632406982397 78.95838498631778
66.11028387055008 69.41667482668164
26.75611066219186 45.40812832276314
95.02659432870908 38.371700539981234
