45
97.98657634525611 64.43511699076264
22.660296699068272 22.917905104978775
42.407410065484896 24.480891464359477
97.36079188361504 96.97240506603555
70.25341850759412 39.41829776716978
74.21396221769294 93.80874019967722
59.51699073062442 44.11375900308474
31.399044661268892 32.08539363792431
87.77373543212818 83.27076413926223
74.60547168298565 55.633816060559795
19.52557703163189 37.57127937414256
27.192382875005915 53.069588727864804
53.53143524242808 60.4135329105802
2.4970816667669538 13.44855643746744
4.604532637372182 71.46742525177096
42.83839763201722 47.15808229349355
51.65206324733492 44.89979439332961
49.60827420283578 84.95374122978681
12.871937487799745 96.2083444460075
5.213109363785929 56.310026580032115
25.809891613891235 33.55573735984547
51.21995925851633 7.706200006799979
74.76474485281798 10.864340141788587
7.128437037705037 52.61473503436369
69.61908690894612 62.43204214665112
13.16198708020635 5.001240042881494
58.626445627744374 33.511987991725114
3.7609585581936833 3.2501880051202026
67.95235124851708 50.93491268002728
79.32013493532419 74.94990326934405
87.01591941985659 89.6044425916514
27.201494388220638 49.20762195357592
46.24848186151011 82.41620800451173
90.91704928070841 93.25869731220304
29.821897025730404 77.75743379405019
75.07750810141697 70.87342841769068
88.3801062731409 23.167328837478387
32.204571454462375 51.19854294087312
60.70387048955862 64.04199498030462
10.894841305588887 77.81287912419668
42.058850397189175 38.995516091044976
51.91841306093398 87.66815279069652
79.51400438612924 28.31584798865794
20.601681797811178 32.7380326186663
11.228415047089724 74.38487076617551
