51
76.35911238264023 26.76448275643888
53.24361047184596 83.72924834525844
78.25142497037874 90.87239913094572
3.8006969531202084 32.60411910693091
88.05405550770172 2.22465023973909
8.185987281293771 74.34939895472135
68.77783670622362 43.685724380440085
50.73349082832416 85.7919646648088
89.85372526017285 33.22647687731026
51.63379392815028 62.14803491102092
58.601902890563515 56.18170519259294
45.35820369244226 92.92085116718913
19.294015971118938 11.568719541707306
21.167066287678104 59.99430782227755
68.12945043331405 93.23809968588883
51.30023744860449 12.216103735546312
65.28448242751831 19.34465848887772
33.919550217380724 52.12613526036925
87.80945869251985 20.65804250853802
15.322173779856762 40.33378005795638
27.67943021773318 99.3350815855653
58.34924943366947 66.83426415226701
22.6279991298981 80.15999058275384
79.19112781269423 99.708766529301
61.97973452936727 19.280739863886375
37.89432282168844 71.39026439935135
69.04586665409911 20.122307323890542
57.76556024351338 42.93604580315985
31.24879100209229 84.26586938292986
97.74831330698143 82.4154304750467
51.07836053129934 6.8241734060687005
51.424189023898684 62.95747043857895
29.963297126266063 88.65712859548722
68.71837665251923 34.48256502500509
96.13556259536763 25.7302783290438
94.62687582756956 15.470503693772375
37.278858137297746 10.767627507059386
55.23601879427348 68.51390780091985
74.38847349076366 43.68016339625724
0.5184420234360609 74.88631046644801
77.16807042373632 96.76927062905996
53.31930238662659 95.49347005219715
27.942636583730252 43.21848695641438
12.03894091598765 62.50135070490717
62.803757529464555 15.343930983549846
48.30534160251118 94.35377267239517
35.30007983419724 60.95066803044686
22.052191302229808 33.370075119882394
57.23427545530162 27.96667599259909
91.77191029320656 69.23981102541104
53.70529864270275 89.2529504090271
