47
41.28942395430579 36.39367114882265
31.604154063052682 16.001172382583796
2.818928900150308 37.62621094229803
59.695609175558836 34.61552011367425
12.74729129163571 25.389674612322466
34.24587319906502 99.53563782543911
56.378484643242174 11.195853375884578
47.874436607545654 28.499581101269843
44.273875670117135 48.03440894690595
42.754705811410275 97.4289204731362
59.092616055652016 85.02902268498887
63.99835548492779 56.6117565642452
26.79709624899438 88.53011741176806
34.86008035288462 38.05046725792928
69.14031239175948 40.66155831792515
94.0959544035291 11.603003813103175
0.8908461868545325 95.46025594247187
31.47399863220903 59.541928764979076
29.444389869387077 85.9361695200062
79.01699968767409 3.5494564084584623
97.27434809749619 90.84415327027219
31.305010981743585 48.85819001060333
30.05681357773212 76.65237264105116
34.92592626669692 51.26103622532582
85.01398077470034 28.501363567620764
47.9143953325716 70.54893490686561
20.227965609599007 2.9038571904697497
41.10147515372178 99.10871502284412
69.7829762099739 64.8367551080982
20.366606278692124 53.833424942607024
90.3443907794466 91.96030471339405
56.65186914384353 97.36295954547526
49.81474215013686 92.47251454676946
0.43443906927500553 26.507905950902423
43.527002133050765 79.2910315977778
56.12726162689864 12.463989995445225
12.733039740230845 60.80126318820553
23.222140836307158 0.06423826255370635
38.512583957104795 68.56872403583726
21.84609511821609 18.028447169151118
29.762151753029254 58.611885796601136
25.514048802155187 91.77719768070894
24.067497156283167 6.430960238276839
28.81876616595571 53.05268387930817
52.24109521839407 81.29643475395935
59.94404786455968 78.47059694606332
9.485173532091162 64.77285393467372
