49
44.1685177248061 97.91178630235976
94.44442133663618 0.3106135991554071
62.75757000138371 11.120311355734058
70.7620404457993 20.27531153512928
43.499004832931064 52.20374012983295
68.09094264510237 74.15254931627615
62.908720776841676 86.21679816129767
81.93149346422753 2.0405248457596503
75.67167710313785 11.181666277846992
52.43058766992307 21.171620523080026
69.9147139335053 73.26255152102766
63.4979170624824 83.3406526841386
21.87977888687369 6.869196957972656
8.628728066777425 89.73447886278821
10.390668371346301 81.57940757215272
94.41987365890068 83.92891291517626
57.304646938710235 9.86614464050064
51.67379485133493 25.864402536109942
14.231868517514723 53.34449626115504
15.274348523261338 12.93784616918786
35.77470480957528 60.38818303867325
77.95277793381223 25.49663834946767
97.59101251149683 56.36879770917284
9.98363742609345 65.13446226231012
68.81613410042078 72.86154717033946
8.419155662080335 26.275117199859423
33.481851239724 56.216004029041635
45.71223706192029 84.92243862741388
56.339863876905774 65.85946218938578
13.542030697647167 66.90047985815778
79.8133814528548 90.60662965499542
3.1817162742816874 11.43507464072252
71.56071542364162 28.374369848102432
90.86755627182326 53.866870174500725
54.66479962800306 45.275831225100035
96.08438005305361 3.2792303472413242
27.217679674687677 28.172208023231914
25.943462157749586 54.51546634469305
85.39766773560662 61.84424059009932
76.54810972595249 25.890184649915227
2.7419943881639375 34.706832270125595
20.18587564843711 22.625344262886347
58.92282315057182 67.12956525861782
41.08549311782011 4.724617587897328
27.22602295820369 68.399807312157
57.16952535765005 71.31974194227755
95.01901896134764 85.7499129730146
3.6343785058849387 3.4664144318784174
74.98005809384296 4.353607998319109
