50
1.4799257696234025 24.203734009679234
97.18307786994465 97.78998108674065
41.17014568350798 25.287239020088414
56.95386894432105 33.37925786686019
31.074216776152397 17.38986965249387
24.131700420846315 0.3787395093024948
40.25318677786372 60.71891083749556
67.45106758340431 44.2304219870325
98.40477112026257 31.777078277677273
68.83118878448087 5.107927755840402
4.179858885681198 88.0314020864002
0.43347031443866646 67.16941864056196
3.531994991610876 87.70623007172044
78.27586094210456 92.8663062627674
60.844973449383374 71.14972111647367
0.6259504591332399 82.8281847956222
95.13326709911776 48.57262252059892
2.7259500954837645 49.260424617835795
26.281442623054485 74.81520708490353
87.74852000218544 97.36318875462212
78.05530767453085 81.24320686665666
77.75806733055764 29.119143263767256
85.68344391704325 46.282281057398514
1.8650982067378585 7.772154555763244
64.41322084990631 31.061875185340647
25.805997132289615 34.07344190808854
85.31828130235617 30.579774190131147
80.23977486747344 84.90294892673987
25.52335763097605 56.87064080175739
12.97827415296119 1.2580527342967995
97.51097672917504 75.56259601719091
78.50385837530102 25.423761531607404
81.4665006987275 85.26962493582859
69.2826732465216 52.094510115487815
74.26126672847737 13.430405248898559
32.91939795334995 58.930976166803596
17.310879606052143 62.573079775535966
9.941742725419012 95.71674755457241
70.56289657912762 14.800483747840165
85.39393274715677 0.2590610265555737
86.10109585441509 12.557239911970486
13.54822697706638 98.5330966841782
21.82148942794496 44.23518336463069
75.07540269179555 14.24951186312775
78.59330898460775 90.77849927246669
39.65421664187958 93.76363305198325
34.59130728035705 86.30292070481332
67.89303828545114 10.166255274265602
33.30796033766763 88.55044454059347
80.82118942748023 74.7382130042453
