57
22.19994629963692 61.31364088172656
5.41523498303329 98.80285074514539
86.84099382680498 20.934824259995167
22.503449911595553 15.772385462436588
24.547385307766735 26.135273516693548
41.45971377319434 27.52447901581927
48.008905260372416 60.33420974882453
87.20637003247761 62.04086474261107
77.6372396057133 62.04074022688848
86.36279766947067 62.02212187646059
65.081115606114 40.30626471652925
86.44726387314113 41.89664099661206
64.37214153488338 59.85495249935375
94.65099673116501 67.43571115883898
7.172821304518562 18.83818552365516
77.4363783887833 50.26430086626201
32.53085597661979 32.030555634019954
80.29587952964073 9.68435471910426
57.020315291281065 19.928982199523347
70.05829639074358 33.19954572660926
91.39218033681361 56.99551341575766
45.33202845858929 89.22174682336004
12.499766831211778 29.347785286987648
17.983648470237735 34.00665477905809
32.785776559441636 28.29852090800721
45.92653935318206 81.28548679382635
6.577943478508564 73.68726685733812
60.18216075090207 0.5311787161269677
26.744420484604582 63.70463015056798
72.78575412627116 3.1159836495203375
29.484932491789117 47.907705320718044
47.28574401340768 74.62338924021843
99.34082304319037 39.60694100632065
12.241482023537776 47.499243304187665
43.38012809619608 33.1449469965921
42.42623299014454 9.549561167483379
70.31084818436972 60.89022099007325
69.28448573871634 42.00520663291869
36.27784187500942 47.65701720103157
65.61906614308346 48.50490294485827
89.2729252949227 41.71844069156674
88.79673989680813 0.7705534818159165
37.782543513105836 12.563151987688814
34.71721300501197 24.62296150641642
60.571618654084546 49.61453819609619
40.40591624174266 85.21898648744214
56.946490162451056 42.08902010943817
14.417699634785674 40.94975460678775
99.44444473734583 21.503146414756003
0.5656115113235938 35.15178666902741
94.62573955491447 83.10008759725063
17.949526906211055 64.74551985092802
8.934217011117862 77.78969203497805
28.431986044004475 70.22659132552565
87.02311758753068 60.183473711680804
31.751711179475052 58.96968885822059
65.74302754858434 88.63543295006201
