58
99.58967881423165 26.131921920868706
78.9345660616875 6.678258102645329
2.980486897898993 78.97268949151314
83.50426351185072 83.24405400990568
67.67738951817391 13.725928081679651
12.058228341282472 1.599388437002136
15.958550936334536 20.656947616226706
67.6485692699092 35.169701983196155
72.2409147685823 36.606459008654404
20.511391268714586 58.82376115686934
29.50883640447176 10.47696981897589
20.662007901087176 4.350995235419153
18.480794792750498 2.5600006312119783
54.85250941846276 10.75009383403085
92.62320808598716 4.219088950012706
26.245230760701798 15.490205962124627
71.84056392859046 54.59434625007721
70.09281607065475 30.5058614012105
59.046171005478755 48.47620199805365
16.413113693963123 4.8427656249459545
75.32848975435095 22.02429208651935
53.97555550184493 29.51423222720708
0.27015098427547457 58.48195490809628
1.2245302347718368 83.73211146454007
74.9920637748377 10.219044241312892
89.25197547874465 80.95452768407625
68.28047760647642 24.644691295491207
34.46405491499013 43.047343524834226
89.92326028334901 75.34465602141385
89.07995143912208 48.99476764497327
9.548450776775507 39.0373236431245
98.83573608128395 36.344065055209505
19.770798199595664 46.12800987498884
75.58979532265114 20.61601553796836
69.67480988813254 73.24678486072868
29.059882555428786 13.924868612947272
89.58502181789018 63.02274717795363
39.137648935438065 58.78703286418815
2.625097536135512 93.2681201934086
81.38394267608572 26.06410201372311
93.03572695129095 62.72582934563148
18.395714351747937 82.99017337619584
64.90736632454933 60.64361834405967
46.87064188516155 17.916102196348017
47.708945685227974 9.898956350742584
70.74270706188388 29.534380929122662
8.66111499897112 62.252637314239855
30.314898628557472 34.86121840298343
25.67125122739913 68.39509020039063
15.63931187368267 99.49668442455119
4.674860401147784 67.3435171103112
13.826970682570527 17.456082311916166
8.796861573251114 67.3737322303402
58.99275803624864 39.679301084662214
34.541136295108124 39.98869655289504
66.22758832357385 70.33816814198912
97.40898568029459 81.5790971198629
95.20100507852857 47.72921026830234
