55
57.782211788922375 28.589067026741077
64.14136046131486 77.31431007058809
3.163876653833586 65.51631632432759
2.4675577832311224 64.01112335954626
44.93296492647089 75.09091590604584
93.87153153383207 96.31033096588696
87.4955761122449 21.238074218201387
86.61558820096474 81.71698922036357
45.54804071547888 67.24061118810816
37.00474036968651 64.45217553421514
30.811329371266293 65.60659007126185
78.79825283284507 35.06430739403002
38.32694598124904 32.49739757765933
62.90093737467368 53.436509558623015
88.39147599899002 96.28557822903076
33.35212168852769 64.38721701427596
62.948749215068645 49.4920443359538
50.63713468860607 20.53522922951492
42.962382493835136 37.45120574888918
42.62174209489511 11.434167386676485
57.56676382304617 66.26617825344745
69.71588991568638 29.479076125414604
6.435859991817628 38.834084395071976
90.82987210729215 37.38258522144077
50.38373092623175 61.38363136783158
76.15698334325688 16.719053184881837
30.456363961314658 78.75198979745491
64.91525156917741 37.62310780693257
37.78471799313302 24.650630648891493
91.29176998156515 31.646429520997653
98.43635932999935 85.89955210901788
3.825596414625987 24.059653336536147
92.3946575956762 61.99808196400872
90.32147640639685 81.92950499639718
76.89384788141778 9.190648613686058
4.871183419762248 52.106587094465
39.110691907905135 36.90614975057957
18.34057472418443 23.984997713489587
4.467437993741219 13.64727194329175
84.59871052892127 58.99260260051402
57.34759656712606 31.127655364516315
95.76570289321587 61.07656658418842
97.16914615273372 24.3239837865735
14.937798362962662 27.18062426589607
15.29742429721389 40.44414735395188
27.379063489753687 97.74912978187204
70.76473470356315 40.59121012904649
10.22023238819152 99.81014043232254
18.73037055645138 63.93202018969178
81.37715521158452 98.19430368686746
44.18807399306757 69.01635017439284
8.481884306511667 18.31026436907579
91.05089785524014 67.46552737060651
25.461628955784033 59.250618488398246
90.08130576043189 27.008965532632413
