61
51.969760160401314 34.31180427222559
67.56274288473672 89.6223824043715
78.65069766636394 72.64413348324858
28.3997968737678 32.68475743274707
90.2071509545407 27.932980497166014
68.98212788753544 38.46882105061966
21.292386304910206 34.398543584995444
98.97736388001044 18.862002408265756
96.07589646878009 28.17669879198963
63.89970461171646 49.31743538918555
37.51806921333277 33.59755116252315
47.013544395189896 69.39976587615344
37.04105647944188 99.09002438552284
29.036177335273162 76.30769451951643
3.0664008759368144 19.127097831071026
41.382218791546556 29.34073212767887
40.88094854381805 97.77047969935039
37.64688417616251 27.541343741247825
18.984347125838973 52.55066936888009
80.87941513912888 35.76697838804673
2.071044486458651 13.178102555650229
66.29109461942411 48.29939496078177
86.12907755228025 32.20475136832934
26.412817638985885 36.97327148824595
0.7440709664649603 91.47840929342898
79.19699389609163 66.46575280995052
61.546083880587155 16.33947135666406
67.09441587481811 76.3028037659554
71.07938151531269 9.463985063723168
60.9071919461789 11.853716253606539
79.48829242519734 30.39499292901319
5.957334096769518 3.0281008892817707
18.406620721548272 51.11946479089835
61.73250640972431 10.262542252019236
83.54528583933558 79.03704818500037
71.9317150409959 36.3516402365799
83.01708955304424 36.68880191657063
64.19756034059594 69.59421407748282
14.119873334050236 85.19043255322639
71.16352648640957 29.888052904312158
88.6647338831574 93.89957989061011
36.003870356561215 26.335410571222408
26.61230501441121 77.0773142046014
76.52415825249248 29.08491124224961
2.2865519009450996 0.22772323166438957
46.95926460386036 11.717072652498306
11.886939147822206 55.98586889819622
54.68571082991812 5.5883906625645245
60.01197205969105 70.26651319302411
73.45145279872742 13.936730994944691
40.42680006692141 56.09575662057846
51.12446779308708 23.28222823637407
19.707100370437026 4.689273534717775
83.25695647073351 4.26221363068241
32.85110896701704 62.606808353751816
1.7014515131824615 62.80969522965621
89.33987564163208 61.01918042527279
40.24639004078323 5.857717544106944
23.068295801145734 2.1463061872730727
50.32308560100442 28.79435149871039
39.45938873555078 13.620269907177729
