52
89.37466582066548 72.17182467055147
73.93637442092388 58.12366169364086
68.39169452117956 36.88132110544357
10.578417078231016 45.88650622862056
44.691241846861885 28.564253091776916
86.85118968175765 53.070483491410805
51.204335594762185 39.926067825563635
40.524616158310465 16.89196867517345
77.45884151667633 97.50307358249724
95.28162989429525 37.017831673395264
35.180634781868015 5.24020340100958
54.99639888656912 99.12581390393798
25.842408832087514 42.60444955455346
42.720403924598635 36.97471072952536
21.810391732930114 31.971768526362442
22.08442073161524 21.981996858228946
51.3824591587264 40.42871685732504
21.344470504395517 92.43325702870212
32.947360741643905 31.21210966606407
52.30391397703094 19.903155180789877
87.71832662971536 64.71166669216475
84.57324472867818 92.83168261588766
63.09426973460219 85.94771487219923
75.98567560670608 81.30144323362519
20.44519623587916 7.921241472765439
79.30219435742532 46.42119116950977
39.801454563021366 34.828918496390905
12.730342853724895 2.0450051159294103
79.03924242384254 63.672020787729565
64.02317206285569 57.42457698262696
34.35265546658616 76.17338817226405
62.922797525233555 0.7853160905166856
74.29869179095839 20.25178116254103
20.76713097015673 91.77412593886316
93.48280896653745 23.28548827482617
37.684183841177 71.42750879090318
33.80472891573986 45.17933847430038
66.48046032731818 72.23260597860825
5.527452488758067 62.678639487691754
84.00900590461382 59.9460964648251
63.993522286751656 60.1426343308101
46.410116657788144 85.47085386891828
43.28778689672737 31.87914046845752
44.5136306628883 58.405076019702115
71.4446618763726 34.12668764668045
98.84763867290896 87.49355916965978
51.80936676378285 72.11988526755152
78.58863920124585 91.3294800309263
95.82187021596891 56.622573129913235
20.05336141130415 92.31592448221548
17.00322336768937 27.335449259804978
55.325599577436 95.30493005118312
