54
62.611181341682766 35.657306213253946
4.509858650576737 33.07582708828345
14.859753570103384 89.44914021793137
68.78916313291852 85.89873218969227
73.59087266059908 79.14932015803728
95.13881624552208 66.73227396942576
4.590107833851365 3.1282765303189852
9.889108836911175 52.396777487745574
58.27093420934817 92.83838457714066
41.85473137082736 44.01848060608011
98.53529758338472 5.205611229646134
64.4735174541283 39.4003742376391
61.063475542809975 96.76533480218134
40.85431257452655 28.905920564119135
33.51642644190428 38.96047521772991
10.587501252919262 38.382550377252954
83.27834394417992 91.48148598069395
30.274951607052603 78.30435326965538
63.97178138799751 28.74683155190135
13.130327252153451 94.4255986811515
68.56552732538046 0.5780460098576912
70.71311685671145 24.5641175894589
22.99484489400896 49.23414174256566
4.752680704060208 80.69943847033562
19.332296584589226 46.30309011042888
79.29055990709976 90.94365490984498
41.232900758770576 44.66734198499269
33.13377548115588 51.032473956803074
12.477527227172969 72.25489946399196
37.49115661899225 78.16035109610371
16.76962972159881 70.9385210377592
11.213581743211453 3.4381068444813367
42.288971065516876 48.96372535876915
16.51380993346968 96.89181620904832
79.15083023908367 67.6613024431954
6.438168357253171 37.48044255127273
36.25448936952678 13.68080840528888
46.61423482741619 16.828824870851776
96.7179205154843 43.67472595580873
44.42158702077516 68.13439654343885
30.837329249608658 1.5640150669738229
63.152924549678225 94.78267786937363
49.32145989748851 7.218482896059031
50.910745608416896 62.8394608705242
22.17301652412037 67.45558089181311
35.11708202496769 4.578112287243696
73.26144421300779 79.07776457287218
4.124178497724362 38.90705522353599
67.98995529903222 21.939268672739086
81.72820245355388 15.568634624269661
76.86623717755856 12.245776373502792
45.92481941080678 54.131976129329054
86.64889085703649 18.532408623821183
85.3454686058304 15.230132496661042
