53
77.88185946763817 93.75225152949808
79.34735166460733 74.0947313062788
32.38941739203176 23.218702510765343
62.09554566621777 67.87738017981913
30.62263292445738 56.56655107569648
96.94401113467158 58.151483507188864
20.716986548129235 34.6803049026957
14.440745010927468 94.53733801557378
4.349374910806714 79.81902650920777
98.63845733645722 57.77876669709955
86.31405045490843 56.03700097818376
59.11499490056752 86.65870933381676
70.37381818531043 33.1433639770473
21.315525628762966 57.23438861616356
44.280652745067805 55.6325082304271
98.14599789741807 7.208367696277717
31.5858058820251 21.672086721193327
35.270798079856604 70.28106011820864
39.97806972766532 78.68014688459951
84.29823124428654 27.41371640497978
88.60836095213261 76.13989331277703
13.052388764844869 25.74850289434869
47.76484386462039 38.11539280955463
28.224235408726805 5.3214990123400145
29.50781186525878 57.2680919132441
41.69123040259335 53.209591726095255
58.38328094452372 53.597528065398635
85.17309477956022 22.904796166416652
4.686327186584116 73.05333212289568
59.065533540522566 57.91554522215483
34.24894093059548 26.44206672461612
64.27616333077731 6.772001018320461
25.837933940480063 71.706250907363
39.070629995342344 22.938838225580803
73.8856173703317 0.5097790482141873
65.66555416009903 87.84719351264117
33.202071411390044 97.73824664400313
62.24981878034161 20.085325610180803
95.40015887595708 3.6077072540786848
89.19118641913481 24.42128689348505
34.994624184509334 12.81994761639198
37.62594585090403 6.8235696754953
65.61307377222639 39.5832207772009
75.21066434511705 6.697424534883389
15.421246656926325 35.97461591401139
53.73715693667138 42.643151832967874
41.547843387594675 20.900258570277753
91.41228308822137 67.54002906901854
86.97490507490666 70.90802280277359
67.26418994064632 22.38305973841014
30.940700022298763 7.410237821287746
67.54267251592748 40.42100104368732
74.42450621508266 10.413913283265275
