60
68.61033475221708 86.83297290444372
89.1674588270633 85.15703229932825
46.53702887276674 85.53531286736637
64.94537147975905 52.20223440822126
18.52524626986477 36.298269801116014
11.516274450142195 16.62058505071964
81.6533837166926 10.990694003463119
97.53863984419563 51.24887821387257
18.946317363049147 97.00680919301834
79.76584703120173 18.74917867711452
97.6082915991517 44.669425375342165
22.995178613913836 75.11936951277909
89.51908676167636 81.85000521092253
49.579393775848615 87.27923372617971
46.7158470519866 94.61299951253854
87.77064277047245 14.90984405884712
84.72305540101401 77.01629596401929
70.76463539479087 20.738145891900462
73.48967357045082 16.79894848459157
44.548061831160354 82.45887631572502
91.55013147361596 77.6353130367271
0.5702286289895442 19.838674338654627
75.22564931576088 35.2266914269022
88.4925909622067 76.67943250618335
76.31751676315164 23.526929878455192
30.9564467514315 29.602948835222897
66.06808787597032 63.23329175187996
5.12043899956266 75.15648178857113
71.93709570036442 2.448524972570054
72.87065806323216 10.385748916310533
76.68138840639492 22.050243600244446
16.311797911817692 10.398462581601553
73.21663140497718 4.625181204723916
22.244891951584556 34.509997889313695
62.41271822652905 79.57573890559563
51.7394406064094 78.52923876727299
63.59035881067471 40.50801368569663
62.38656831562641 40.65446444194919
19.133991996241505 65.8390039325954
12.131367081845323 56.504052445851784
92.91781504082452 25.421393969093465
14.886860947868207 34.379154521003294
9.26440693229158 79.73672197943931
71.43252262928655 29.26227674863956
81.42742621534347 92.85011163765941
42.55122253615776 2.7487635878591488
12.055728638489215 94.45788439427176
51.99133076790988 94.46308333155524
47.72204864998943 40.86445521469019
31.743891562476534 45.44641029857288
12.774812902052679 94.34974969797506
43.914105549678304 80.7558594878729
2.1724117326619163 85.81675276797996
51.32748269798216 7.334367303323875
65.14008851131716 66.75683200850096
51.52863313686017 53.874507158052
36.42434188993307 36.56708243141
16.858290166757627 79.00929726843444
15.766822289340832 62.32415882046137
27.695547859832526 38.585049342729405
