59
36.105192846311795 57.06206709682221
15.00846308376802 86.958178098327
34.954835234987414 32.14683016780124
7.665941540944166 47.961684574617216
47.62380191127772 69.13746863029073
73.0612771362399 88.63637607028633
35.60717176895248 91.05482576825251
16.886569775462988 16.257544761252028
8.823822542237636 98.87091987378031
53.377928601582234 46.661663289746016
46.3909270706942 34.411815893919275
95.25280566562252 56.95267555762085
58.87536050703864 6.1708084447234075
17.016188279371992 45.35472972811585
23.51430718722035 77.93998257710945
4.176073710477057 82.53460481319212
23.396593277811938 56.3353731057745
40.66831006070741 95.00228551493191
62.285078732817404 65.91983132448235
51.407082024987915 34.141073699685755
57.82473066452303 78.19251435638482
99.99356193475106 71.91150558277032
55.217525908870066 30.080621281826136
18.18866508560475 74.41382270337049
38.94720140133925 5.462661106506383
23.28262964581481 53.59254011315482
71.19254532700786 65.25840002701479
84.0835728984512 22.494555830404515
18.18537658397579 15.95863909229822
80.08998041566171 59.1525760864757
29.35959722581559 4.909588636414297
47.751626986733356 4.301905360258374
41.71259354904755 69.36281596431638
54.138397288737686 54.03971799629007
75.43221785113779 32.76128905733169
66.37773142488413 64.25174482695118
47.03750003768522 24.034477911671836
46.681532157310315 94.16040543670141
9.21034114776511 13.291497727432578
89.14801268738455 75.13951806941056
1.1768016648553536 87.3685951194677
17.17433609000495 25.050987249784427
50.888395861516 55.71304815305955
47.59349490013154 56.04950449745297
81.18917357215977 54.904968332593185
15.150301282688993 9.908228232988547
12.76885371126777 83.51170773768298
15.514401916349808 20.451269338548382
32.13856740450638 31.86333203287488
26.368990777857615 26.02775747207393
57.51890922915616 38.47005327236709
25.329597885678 12.349696422802769
66.86252095049949 95.45319464836925
38.719234032704804 50.2486805956217
15.628863547059845 81.66826104793627
92.83195023872406 83.54775795943506
62.50819873063625 62.673706742677595
17.30009490640526 43.77263785594392
30.754378403768413 43.741680860765875
