56
39.71309171713477 31.77929872019479
41.30843566617452 78.28820560922208
15.469553716572793 59.044074207253416
39.58103686776341 5.2591172666773485
88.12028224715675 71.12787666258093
16.66613294911975 45.737120412921385
18.227200256264307 2.665288193922044
18.365077648358298 83.28008292252463
67.74161335261961 20.675347786231757
7.116482441615634 1.435941391304174
69.22091118422551 8.405354742192827
43.74392540761871 33.489624851124454
57.18552722050858 55.012071779079996
64.46887247633153 37.9398835421261
29.99232196087175 40.987617171713566
58.0525468933289 66.792681749283
24.56028462615346 64.99344985354435
90.21013570049705 18.676536149109978
9.253147110384386 78.16972807631605
22.055360155838443 31.642217573658947
75.33554250917464 42.019092568732304
75.45775996146494 32.58148000059838
36.540605609237495 34.35338259601206
98.98587881662696 59.0372058224791
49.49199374546347 60.55894103224316
16.570578251602097 81.02852124790795
75.03020775109644 85.19237911250414
69.2714096353897 0.32030526005789595
78.37741108207148 15.385935528977758
85.48274801821645 96.74606106794855
73.86705310006295 70.91249674847995
38.80009189804671 72.83545569632969
40.34164163127062 93.87187840965595
73.89996463986091 7.582434767585622
91.77825508358094 44.18262310039691
68.06317321736857 55.014277122909846
64.12025562975954 12.109767436455975
73.28890119944306 97.54466569193892
64.11497832671932 99.63537119636621
32.29719120117631 38.414025263915164
34.03881349468752 20.64506568555846
54.19167147976035 84.62859720085137
53.15778925872752 99.5827163504398
55.67921261899581 95.15979867939902
5.759856118480466 6.8809317357536814
60.613315773231044 9.52782993878757
43.827788601439664 47.138603401059456
37.747582020662605 18.040764456756076
29.964820840926155 72.62515459593916
15.698716821894877 31.130195077787292
21.175376169371773 93.86829916328672
77.47388898253948 18.47598688714762
16.47401730316077 73.44662578925445
65.20988187370419 10.569968876267543
29.808131916458315 45.38756412965801
12.063381604144185 27.82513702694024
