68
44.76700530130957 64.61284000494763
47.06349296955423 38.61679130197106
34.10183204239282 54.92260597454521
41.318354898128874 10.677308928912787
1.838744698395578 4.8380610461355555
48.12071886081245 55.298728323368984
13.165777807611633 6.093854562648671
3.0760464375938157 21.439902642950326
0.5408052330727497 22.511156809853915
30.13424493612593 64.86850473344336
32.56554102912522 74.95312523157864
23.61855581300909 75.96936218206979
47.85605641240749 47.4039358453351
2.380044124047287 2.484049009181888
51.64607659064308 68.67600746722385
9.046946075334471 25.026750514469832
89.1785800757931 30.6894651338264
38.19602990429447 47.934753127044935
31.648746915296734 66.12290091151736
81.3948810530974 48.928021676950806
11.775111413503458 50.20891990346995
27.332504581427987 98.1751439396573
35.79283176602404 21.509645500123643
18.332314975254903 73.34289064023099
45.31484164982628 17.89804997875836
15.079375856821597 61.91254773076202
19.87600842105781 76.24563573623584
28.841980131888256 41.860301679399406
94.19431085996078 23.347210827439447
84.89885343995348 5.411605597921254
51.771592530006515 62.61661644496472
73.4131104656369 50.63627966753975
55.15867100237165 62.385057676386026
49.82909456395279 90.39800554701245
59.609524687611895 1.740501124858862
98.32444793092068 92.07008882782648
60.337200188319976 75.26444913572212
16.909412111709553 91.69647583601122
12.322116297656594 4.051220437281778
94.3966711278724 32.55078344298141
46.796047040801355 45.88472711483502
86.1865154847078 36.18399273486548
14.25844514396568 14.465475106072024
8.816044545793778 81.78068052271668
84.18760088422972 57.4559282966205
4.392763016462076 29.844564179941603
63.98069286293905 66.5886742872544
4.155373908847837 88.5761493751632
2.180143631752518 25.658133086051194
92.74848211682651 97.15059011849111
26.510710076365385 33.59879077454736
87.3106823829939 80.40784459920984
38.34035811535139 81.7811105676568
93.75414256988415 96.11027486455698
60.9509962351399 73.0936425578826
66.06220616530804 43.08472743445545
32.36423267475096 59.420491166454646
49.341513559529325 41.65407268649677
25.30413226077878 54.78140383657273
76.7150489501798 85.456203557852
51.31979955917087 97.32378287762423
56.92128092103042 9.326020667178359
93.03600751089085 54.868596073595334
93.50813294236626 85.77399806722069
88.79168049709261 37.28765135396769
96.3873272274537 78.48901312015758
0.4621330989871386 8.233558772438787
69.25313975302521 15.783514310894642
