65
76.47290178424761 82.88160849837843
60.87843610759336 93.83239242057225
93.607951642226 76.94860084457513
17.515428515316735 98.35641874885599
26.203052259638703 85.17388895100814
57.92301180150845 50.43835195098101
28.951366284573854 40.63731219199433
45.590206389465735 95.73362867438357
80.91706409804402 33.47278697460805
23.53284191650853 11.609613969418342
50.34169115301107 13.18735833728768
75.48997285244296 73.98980518311836
87.46273211491523 34.01356910739857
29.00511571883756 32.07279898522179
6.7020804301753945 51.22296582050445
57.11323959143463 45.42078174174884
59.16879223654982 97.56932923500062
73.9134401472462 96.5246286227477
50.39814343159106 7.141076649917332
49.698837822497886 43.13543316562313
61.37404015684113 10.213366973020154
55.547067107181604 2.7796069671583212
38.24979994382174 25.854295681811223
32.2458240880248 76.159895058944
78.34628389602992 5.768036243591467
0.8381368742772621 24.360150159304837
22.244530896009707 30.30125482360497
85.68653779714914 98.83028244867597
71.81609039536089 3.62928856996505
57.474856726545084 46.24724891272772
50.74989439681835 11.47445051719156
60.984920345610135 19.006599613624164
7.742377666548494 52.76155441122044
97.48204932804538 86.9198834143358
73.0550065441811 27.261586857136066
76.32296587714464 26.753895766371627
32.73373332759895 72.45579540989996
77.65652104256434 12.838736352280844
12.378299440501216 96.92448613546091
64.5303971511926 1.216976165301542
7.147234427864024 5.487736125881593
76.30622711439194 60.33896546398986
1.1368615583750907 51.31416490919276
14.430353761699843 48.39462251105526
60.59803713051082 73.60738396558459
60.23122148960201 21.018616998675398
5.121838776021104 12.460099664616752
95.70658309474607 23.380056400933736
90.19518694229559 43.51853463933448
6.98367769384064 46.019496634476255
87.9189553093847 76.03560410589225
8.768367338919447 55.34966468738628
91.27254516453863 11.740122962530696
44.07926772402018 17.532879409687617
61.24216150767644 76.51830024430141
51.50528346976596 10.104027209003752
28.477858857371995 4.230112602731695
47.42776297931096 85.49597135695409
98.34548978305831 59.31031293977812
7.5525483329311305 97.59657292378087
45.829690629908 40.58462208870141
46.4054509692154 89.09561941240072
11.903763554999792 12.280736597790876
24.28907736629119 43.754512228113754
85.25046565804514 4.433645344653447
