70
63.6572573053994 89.36802107382593
16.205536155907176 46.08647100839933
27.58563193710194 66.96551310419919
61.96410023927529 56.933940715454725
27.64031053091963 59.01740899605505
91.02878748931803 19.74618175360098
15.270856177765202 3.562800447782899
61.30500100322757 96.84334848187272
36.330424085131874 43.50077448336667
46.441880190561925 51.33999780369337
89.76330664418565 37.97228420481884
84.21218199942786 13.43618397649271
96.54046356588927 6.465364856695588
39.24310812107035 81.72112872261769
87.31315518595716 32.414495219791604
33.2363357041623 39.74421370843495
87.4057181802642 98.18288930146724
22.904280853009784 11.62643439451615
10.656232768172714 53.25867901902463
86.46995255746478 28.155117987528232
56.095700491348445 66.99193311248754
22.55424332754942 48.97402850815128
91.64959207162501 12.659305015045996
77.26321290412585 1.3294271282916492
57.70879750681173 29.919194635053447
77.38593176604307 96.41228464251402
46.27897519875784 11.663694582574657
79.72391952615232 93.02744119149251
4.179033946755806 16.275609637954513
16.33296253887484 50.42277369927516
87.37354227733121 12.727759167795572
71.83219579182818 88.82139143750103
22.374644476081016 49.78016783937483
11.372358829352002 28.385104066675137
38.417954556687015 8.340700180771233
45.36827007598887 47.19344464652866
20.13185488355885 44.45832944222366
54.81603683962797 10.481016911117768
48.42997349100637 36.8864839828404
11.853924064833453 8.553114472141111
25.816143667741077 65.09736384629784
44.161052699352666 8.9601536090661
70.09901178162767 26.224289669683532
11.877818262892848 94.35488664751423
9.412379371097357 93.13164499234225
85.52669376009817 68.68186444150388
94.65798576852912 91.19946163056265
34.80544626998714 95.5262487159046
4.002533338267922 25.537613921750857
54.1804521758858 26.19580475991493
7.510967223166054 72.62467394165381
87.39320209232417 69.48090719367886
87.0893602120541 46.2572056918766
49.89824681800098 41.69387979563898
64.50842881850701 58.18886005220393
71.89407201348004 1.9544551565218282
58.17072593230256 80.48620817534446
27.17397521513103 15.647978836522114
4.441305118604677 8.266275365662267
26.08820213264237 72.90059377657329
67.6887943999354 1.452552777719296
76.47200604576673 40.20427318607966
67.35981141572972 54.666391773234245
86.17057101843822 53.76091728966211
6.6927109721806595 49.65073388916409
2.610342744058358 50.54548459745987
84.0299085250638 18.664126806017133
75.62955538434116 1.9095266413761247
14.38397048219855 45.75934167483536
57.17113515142432 41.04742321752267
