66
72.24988947321779 8.847480283096477
83.07836408938016 34.477671750662296
81.56476546113171 65.95006177059138
85.98443509485674 96.60941651908973
67.02578544384204 72.86359488295015
45.53800675220797 0.7415170787312908
62.182184538889665 1.9185902720446069
65.07785509540109 75.79395101002562
46.37765360630678 4.730161367511099
65.49657770748868 54.32729276057452
14.920401137153672 70.6112045394899
36.518037247371346 74.44057265621312
55.07926047618731 39.953467948197705
33.781714528313444 7.66633871648299
97.15390564848586 50.82174460359744
18.06596695618351 79.8154339230487
47.601513633420225 13.060516992373405
20.23080832548295 45.30907670208506
84.55368323136653 37.435474402603845
4.9096619453117825 45.349484654362406
97.21980884512973 93.98144290736673
18.057906048796756 7.209170221466355
92.57962724701557 7.204922500763411
96.37104736866195 55.939595521994036
33.68024577890861 1.7018566473948171
21.547873317032305 11.737905735570086
79.35813851523227 32.84416836506971
39.61461007733283 45.37844762790948
46.67486495114738 92.99219527369884
32.59746746003053 77.39673593726211
12.726565475000085 36.67247635537394
56.1959917462988 23.650362511338674
65.48798580189268 74.04124098778411
65.52588153131782 61.1803341385553
55.10127192103324 75.65446744659648
2.799309032621633 11.73532715680472
66.94531624412906 27.57290269807129
71.16759049161972 94.42178306103095
30.05706324480526 46.772546383139016
4.700556604153983 4.947773138433698
52.051189119774946 41.24066454886387
94.59168718370749 37.54719173642131
36.24369313369581 34.10179797994738
8.826171143852779 60.26790659514807
58.52492144599739 39.71645241880758
60.09679153504776 4.145841013795981
14.64492467557914 51.75716806811942
85.76112008942025 43.30066943697931
58.87941034622113 23.616064329889696
77.51038769588968 20.808394380643634
86.18575212442713 59.86827879447036
98.49718577054881 68.74693498858021
88.02592285352632 55.86375807608981
10.515958162871552 93.59551019957372
65.86529005903739 24.959821364504077
81.50092229560634 46.27920719414824
76.1881192533624 86.90629607135698
66.0145825433759 71.56866449807214
55.25169907465221 30.35567385417156
91.69998671553705 90.5393408028033
13.533195392209285 94.35519102468676
8.53618236879009 98.80721849024702
8.104513142706582 24.373484597000818
35.93663034151814 83.57181632091168
47.83675377765748 27.783213981211542
96.54430046903096 8.974319253546048
