69
99.29758586013708 53.670531599866536
9.175032273267568 12.732472304662569
49.96307599074443 38.17198937529442
39.33396525011222 81.03966749044953
25.119190897143064 41.037737636069885
78.7994615555508 86.18775066193348
33.94839938966846 43.228444648172484
78.95610900654233 39.69898988638311
84.45924356872165 12.448853879416411
43.1166275404175 86.13629563195312
88.24120832783913 23.081169540313383
18.427978619872498 17.462018369500377
74.22010941146381 45.229414517826605
21.778738851033054 33.12064936492691
0.41402206286785814 28.096895655322605
63.22110157158317 72.74515531480141
24.632219016107094 57.30809488313714
17.35785677019177 53.348224585084225
67.89755804702509 67.39139593672404
97.60580815831081 26.560182071841787
16.34532622901198 89.16937162304208
3.359084347419583 87.11377300959552
99.07245209577817 85.9337715206418
35.16401422486941 37.033551383279594
3.474656991839997 3.3346027528897926
70.6812592245098 94.22448383558476
59.777222318783195 25.577390265397927
6.219272910705042 47.89749283723571
34.98484283377101 36.23489228733779
7.8801746756753 7.035948313406126
18.88407821713716 53.934601710650895
27.253578528218313 83.04864471850125
56.59802474333448 38.593965352332006
24.555129340460713 79.62918919042437
50.44516903073073 86.18014854468787
30.00542481925167 61.62909599004064
55.72141467270514 17.083109679962927
97.23081087271377 26.649231802547302
48.62737127384651 73.34304754784765
50.48638657319401 86.9791578744317
28.729056621215133 15.377313633846047
87.30502218277883 60.85000131827351
1.9686724890226937 68.86552106953282
52.81056335895946 67.97004645200305
82.79050917446138 72.05773172957915
39.743673841864215 31.005664232191886
84.70996717579219 21.028194814145486
29.650624218075983 57.83039933283961
90.7173673045121 66.29773316608235
95.06025248066268 26.508909959831062
1.3954406295197397 13.363786568129132
39.0920022112195 96.45193319532606
97.68114135171963 97.09709858150433
90.43137149079831 19.695068383632496
90.38694702286082 62.519889390198415
72.4035226343869 85.07714448949203
37.35209544794049 17.67534776298293
31.0863521865133 8.288228242175244
92.89129326562828 25.31279618329415
1.3994273339318908 72.9990151430273
90.62593351284714 73.77008231792091
75.31329705729378 10.798939800558161
97.92669657701605 43.69000128586066
42.35118668526739 50.328071158635055
15.417325199450937 14.937756818819848
28.835182516942425 18.225872993309665
66.99557996279361 32.42315615277879
69.52700394460304 27.843642999029928
32.26832970519404 63.92877797332771
