64
3.1423519426767577 62.757339923387704
13.155658746237208 11.801221503471949
19.3264661461928 58.36093276122989
87.81332276387184 75.72423373207684
65.02433376450044 63.81041355608743
87.43739183206628 4.018889160610972
75.08615867346641 61.81588956102475
45.46407788162771 27.92135242395749
82.33703169901531 24.51382297827428
42.847690157184495 44.083493222796776
81.01695760396608 0.819156737450577
60.338640707278536 93.33249186570247
58.56138730996143 34.87156933647073
35.895847574708206 7.166155837760679
91.30901665680894 17.296534973334232
70.33985374167638 6.097745036862056
25.970236273709645 92.7104066814462
48.865301091119186 22.721338001612914
96.6893678713143 46.06990863729569
98.26235311336808 96.28359746098837
67.56394261194069 68.62773649193656
8.252430488626105 31.97910895831869
10.689557251795268 87.03445514183231
8.085553559645064 90.0155986587351
44.81985037185422 41.86480210238015
81.71380548120773 55.135138104225376
67.00469856925847 99.35676823374271
23.99718145846276 37.09467025098808
59.767844282404184 48.28277246453999
47.54028463563075 88.40059432346425
16.004756048779644 93.8326124568185
85.68100615412942 38.96208620223287
16.59233017898312 77.03511217895563
6.362070762663208 10.094032395305119
95.86263873885306 57.180884341898995
77.78991468756692 55.76837512955141
87.7179951694211 37.261548170544515
39.81257967603538 70.7097046126973
63.411297720903946 63.493833058558465
94.00563403284362 68.69259379926444
5.3120246189060305 24.008021083256647
7.456194763978674 71.39112267957614
96.62523361944714 57.36857028768173
4.910386013531831 39.26021640171368
20.186544472591063 55.19851014410479
79.15202094246179 71.81467554223985
56.887618410868036 43.574405156931086
36.31028192493048 28.640377885351022
36.194830467196006 55.46730655331646
26.515981393542365 84.42599478216775
85.92233829489328 92.36751145393494
41.271818427068816 33.625153689221676
49.440945618359834 10.774269342227615
71.07283003818621 88.27769464025232
14.045048081539823 56.35625469497098
99.14536382247236 41.37888736006657
30.899004132325114 6.7722323023961195
87.65308283954523 63.417515779805896
56.51194641811584 60.37298778937019
48.43919911325337 97.38545533791392
13.183749246514143 73.14963750981066
33.15167275238271 18.711931822697238
52.88310725921851 57.36102919650081
46.18550032296863 73.84381643228272
