62
99.68563552691855 61.15755668210178
64.18704524065447 67.41034800771689
26.926363925074646 94.86395893886267
44.89472851916143 34.60840570172338
24.770616957588455 52.29611654684203
16.498960136381836 57.26106537194047
36.47953577891896 56.30631582012226
64.99313063516442 46.91385513821885
70.4481154771466 5.525268676671368
59.26326719725409 75.28854163410266
96.2376841113624 86.06640719098684
10.385861364506088 42.81466405703963
30.270783572723182 10.073022171608393
15.501146904907426 70.70644336944576
81.09704195837469 48.739431339633214
34.135722916143315 28.65465205879083
87.05657619472952 82.83275616621913
61.55793087752265 69.14949196427186
39.75760368940168 34.67339864041568
70.11143444455894 75.63208121472555
97.37464220988667 95.18949667344782
65.91267906270592 43.63630254462228
57.33954249818473 42.82926862634122
89.080944961829 25.724702147740828
59.65021312621664 74.72550781151344
52.41624803925333 97.30702947929173
24.54685657769162 1.2852931244760613
0.08506755590191872 43.974442181385534
70.95279937683817 22.416790339575776
14.722031611121256 23.542592053435907
48.30696121717239 87.63460938960806
11.17701190466871 60.69716591898878
99.50516620537513 27.018277112771607
2.7813298302484024 70.8912225608608
3.025596962558297 95.05622581345288
23.46620453879561 49.90030826359969
95.40950940364212 27.790522194544298
35.63453468847082 19.015348541041465
42.38696446723965 85.10111082544425
75.07092538570565 36.85888047593651
80.92604055615674 79.9394909377431
39.85797403992283 65.13188909668499
12.312357653141525 21.48270397263483
28.42878878591455 40.3826736451001
79.34146842492218 0.4583972335239328
59.30684513246618 29.49860651103694
12.254225540904795 73.33103418369167
3.7372990507107184 79.93862353775289
81.19602760683048 45.74170291497599
7.202393681965436 33.834626252906475
19.148456614379008 97.22282428050924
10.41162609640811 15.688865967910825
47.637608377258104 83.68110273247518
64.65355045242895 30.948081125121853
26.39459941913358 60.79247173168848
34.805731616016764 98.66626873982158
83.29371468698108 96.96584027166499
36.173213711970156 71.49014093964396
84.74266303756168 39.26870287994287
84.75048358311311 47.06985974488408
94.16994962606758 16.349626933001915
36.99046148488828 87.76054406640435
