63
93.61223130110244 95.76345178102275
43.34752518421776 28.3715048277145
36.21461935624697 50.818776006221164
4.233130409041907 68.17041275184704
52.752988399921605 30.939919541164386
76.83253471898443 5.760371103032891
82.31573556772909 74.168295118951
27.874499230250173 64.85032070656783
5.071804269103952 85.41777326270375
65.99211748790323 37.09165432483174
70.59086168971112 28.759877189576287
56.30795823357351 65.92266222971107
26.35445561158074 15.353602891826956
13.269632479565585 87.37610980163781
98.16199334930793 66.66313483793472
46.0984273556947 42.58103522680574
89.70487437743843 32.15104609253504
69.54599355616928 15.615660212239657
2.4629085477172685 19.744170698529107
11.521678147432857 11.744819853947973
93.08159477733254 32.23372264818389
83.92520093069255 32.064887556680496
33.80830168333241 86.7550755817406
11.000118658980307 40.94788040091639
10.3930947902939 71.85830726242601
17.821062332758775 57.63388429801354
61.41282334054736 51.74325956095937
29.76866981964459 69.15238178175905
35.413466676605445 7.745492887886796
62.719964782232005 49.84512496901675
40.86476910409459 48.11568972740648
88.40961847112072 62.8565314201735
42.83477208581681 7.759161415224336
62.09077874587044 11.280709445472159
60.979630316474854 94.54820073694793
55.84426362177087 60.297132637552
59.51922371945078 74.42265260999122
5.377408992107369 21.544160411170378
68.20776808467498 62.71640711839994
85.78689916489802 3.5276249056837017
80.45879809632042 12.809774867760593
31.90196445706224 54.326277336840626
34.96111187304124 33.16293333587728
56.67880166445198 1.877176401334757
90.32044638087238 63.97754069659191
19.924264810548507 4.181881384593256
65.66621539211889 52.77315030357561
41.83946778886573 61.0971088180433
67.7807130571229 69.97453765238727
76.7883033379128 65.65202077748947
31.315444400502535 49.295326233384095
30.73963691779068 27.244002687224256
58.25165682858048 58.809204129786316
31.129658308313026 4.203539059428573
70.01195662251361 39.403899065956274
55.14530181562763 81.89004552171973
48.76587397470327 9.360405675625017
24.186830925769208 64.92477093167844
64.79767408650238 59.14649679511975
14.61839280178977 46.53123606712044
87.99427602289336 92.42187554690932
32.183008478992534 27.872942783330423
39.577890677936736 20.832187589530427
