71
65.58264861670423 25.59928289431341
14.566979061690965 62.44622418897758
6.799120670233483 46.083030600919294
15.106966340891548 67.19646249280974
16.118671733301227 84.12205878738285
92.82553135926072 74.41060573413411
32.416246376380556 28.237683534101933
23.022241947008336 59.74459508416158
47.233228296330296 59.4191011764296
29.256923187171445 30.586090664177057
55.58785485962573 14.805197185784847
26.856758283313077 74.46595034883295
64.84138138330252 99.99491566942461
94.25113108481034 60.763251332559335
61.26513567704862 65.6123312333287
8.829526407243781 73.21447813254414
92.91448920858491 49.73731266834649
37.76211684811961 6.992863961178264
97.44394119179108 86.23637497133689
67.81349758426494 47.7471072069392
75.16624585745326 98.23294019976268
34.5417777887877 1.632616488016947
45.27404474494503 90.60740840662056
60.98029664215841 16.183466182846807
65.79653366150096 78.87752685396087
78.96374362413313 76.10440147291236
99.65825118214346 86.97614197147296
58.191661535877216 18.76453637111518
47.09608202665766 93.18425189842576
4.187945948829375 27.009716415848395
84.84393050657205 62.229896623066026
9.332329428904673 24.6104873642895
75.03091258293841 20.42735664761951
37.81986055316736 96.55125740852738
60.98579906607392 53.12509358021473
56.925919608328044 11.725826251372851
28.77279254513988 48.28633557265037
11.176068732936494 60.55120893360709
72.36265733465441 32.83250477525566
34.48130839779648 94.75915817149911
21.570732067192523 72.15570074377217
47.99926275252976 57.443258030370146
69.86517217006153 35.83927470801106
9.272301951689633 61.190462398518584
25.870501642458976 12.03090816895822
55.16038209701718 33.479460107857506
26.223639789568853 64.42255725802272
6.5266252653769286 35.31020328589882
6.554581596789289 69.94904540380952
19.025627335705465 45.96882058006655
41.30378037804346 93.18066525243945
4.6932660245611935 2.754200418959585
82.05071721962058 29.10017483717843
40.96516630593287 60.405243475179404
57.38649838198804 52.066853200017626
10.746901727999159 92.61421279243048
10.672686490339666 51.866388213753964
17.341581120816898 82.35647898606948
7.136575060559103 87.94253505238395
92.86859808333318 34.74242687586929
62.18376354066061 61.82726206980651
80.84794624407404 70.89279958636638
1.0849177597688553 18.8567194247381
21.013040005683557 81.95902246037146
3.1725964072598534 16.646466644995407
70.0999162560831 25.193623653387387
65.14678251605689 89.24690813452817
4.449021224720672 29.839371549002912
89.39159735393244 64.07170301705811
53.40392957655384 63.440169867109276
13.687850773811528 25.491573490314746
