67
34.05143631050815 62.8086387160848
73.69516233286583 55.37559037228701
72.57287843639573 3.0519500654658027
63.34869131606865 67.80310915689373
19.264180970022338 67.32931936272468
91.98265305621457 43.21924184954676
31.722387076406267 93.61315849325916
55.25416023096364 58.65214068700427
8.921096047270694 84.01864675864535
85.99482799595 28.836860865687473
49.12996733807529 85.41135461499864
70.98536870205538 93.98854158716424
57.087419714212814 42.583682108673706
35.29860427042514 36.682193932405404
63.311338570272525 34.21686961019796
17.910994923294034 13.182557002843753
99.12189749726939 51.77469150917261
90.01931107014104 5.106736203618734
78.31392140235255 25.598871982056114
64.3545066111811 19.551904916987617
86.4082477897903 0.28182926256736796
75.8628348544681 86.4017062589446
59.93362422461976 62.634009372471255
37.24524546272973 57.99258162733155
39.888297042050965 68.18995604035449
22.232550065246137 77.89314950983851
39.71034877101503 25.879595752962338
21.522971806832757 37.02465534383488
85.56619862748343 26.909390585597237
18.132622734018653 57.57062747292648
13.683950470681083 4.543864760013882
93.85666917859639 16.78721247384126
46.01549479293522 62.07316231715444
8.13643618451012 97.89278998813195
30.58815301373127 54.648787835975355
46.10444181370125 74.13873706682813
5.961873043274735 12.501327469843936
20.155705436924663 84.7502515930754
72.01580860155586 66.10248152667036
70.15829602328759 11.971194478760527
8.163130980826816 57.47398389207801
97.07014175089749 43.20619638339224
48.784382190438535 83.722602780632
48.53242544922802 65.28161801213841
58.218827626289894 92.1570190856496
78.01837362264017 32.5629796027068
63.915036726374005 70.43172783349722
79.49660933180628 33.967775322019065
56.555909642135525 31.927600704609983
44.985038288206994 16.1866088735672
48.84755090744264 49.297357856386505
99.19024607211782 65.84453993527528
49.45242169294512 45.200518352947995
52.69274260431993 35.536324998908356
53.54417848943462 36.16590140491973
82.91568766862213 17.076799679811728
23.37811840172793 33.2207884031487
51.089425468404414 12.329547271085273
66.198053967185 9.166494082360233
15.48542321756572 22.337202639828657
40.57831146866609 93.76185834689188
75.51072630460158 2.188506337210816
93.89456993583167 66.07802227236752
5.606940619023371 79.70911238419767
65.65927084138804 15.379031210733608
4.458289609464606 78.38111316597133
46.87978934049756 31.41317507501018
