72
4.354308473520385 69.45986390939831
70.93921648916647 60.813921565216155
6.330091460761622 32.053565911248114
43.70804672863875 37.45667656328009
68.6798249721131 8.851078572949012
62.296998771835945 53.95003639332224
62.223762346196786 1.960582097871777
50.989235302187296 18.92304498450299
26.740250538756072 44.62609378173348
32.957677521814276 11.38487584881137
38.93210804043233 58.20269579075674
88.866554592042 77.23070953820998
26.64781899691444 80.20232239042092
89.67257284525813 34.92860826061593
74.02416741661317 79.34571291832793
98.86782512173069 75.24299557131275
72.81774716543865 28.870330990335024
0.5525373884320395 31.897782854529478
70.87286167541971 51.07723370013597
63.90371982115134 95.73553073401233
40.68229956663569 44.55697417384611
6.0788746924844705 56.083700251503075
10.179032914974883 57.28057564691955
0.36855561520932056 36.98573516085041
74.1164445773436 91.7061817644667
83.24024026133188 63.03487321138669
53.475577669629835 96.57006823041078
23.754888782996243 71.5670682110419
69.74774316880679 27.310184904103163
78.14617548828232 31.28238438270302
7.2763877039386475 12.397869133186523
91.3749040046797 61.40640224725081
98.59548039434726 40.588785697190744
58.88977904529427 64.09157062932599
14.1990384230837 69.32953631975552
94.27958944660865 30.216555169188965
82.44832080841408 5.576141211956854
6.806674928294609 73.22668940907572
20.17512686381724 93.33932595971325
29.062346773987446 21.255478748574795
7.444090720002139 38.22561961196125
49.77717247247988 62.62349554914437
34.05795869121163 91.22287197319679
9.273345433718717 31.865357746766897
51.45642541972947 48.80231107374016
77.22611671580303 3.136797597094776
14.27642844600806 31.284465485343905
44.20135115696863 90.71474512357788
99.15290179977039 22.27015604663348
33.769324501362505 15.325101847874823
32.89377183094202 96.83701885473917
83.18090984254711 12.519138636932814
81.9351132929688 37.18207166996862
92.41120078163142 70.55631195393526
59.63419074934608 38.374991175571424
76.44236820603592 87.83125615301695
40.02842857506258 17.626822176161305
65.41076251962333 96.7108735509618
95.8771695550071 20.82562381093401
34.988394745390615 48.94820368965678
22.63476948793062 6.4163626830167075
44.36553156188728 20.70355798642761
12.631051041677498 63.437132552789656
1.6291035335239124 44.81811283511888
31.43042293668985 2.846207967617842
20.061899463411635 26.12240517601937
73.220719824567 52.45238693187706
63.00812017281906 43.1174446746543
28.22398008209386 69.6713100678679
83.5961665054858 35.80182460638872
27.96569728089584 64.34424439460801
98.20544901142674 87.40643603091203
