75
3.056235012570563 73.26957532562417
66.7179716579292 47.25313008459009
55.07347030555528 7.582876778024749
64.99479734998626 19.98663158689301
64.6117804373634 61.144320901178276
86.0211768280869 5.414405398640754
69.73194133298615 58.96048738682429
58.500923217782706 94.79057650238379
56.1635196937473 88.8632369804127
63.128582117021104 73.26617760741966
49.24403524769274 22.583390490629395
42.279827515751634 46.43795836527917
36.28442894132464 95.90167194657162
36.14975597067047 99.08977158863469
9.623081640868058 1.4822214238694675
66.76636358785942 43.259291316354464
41.42236855460344 86.2800345294248
89.32159595945478 18.991280885521878
29.47273534746596 42.108014215733824
51.58413292629033 31.174144818032868
73.93097168638603 98.57416043581787
72.65704744518857 29.42540559854634
46.32027928640689 16.70147349597315
11.773059947091324 4.089234392061858
61.054218687371645 11.081848262070759
0.5016909634192546 5.163364480820054
13.902172520274492 4.44219622964428
36.86091144638895 95.19699189176251
14.133029864344337 81.91020913541352
71.1166815045864 53.30389259703483
44.06137866551858 30.421117558486465
99.87409178459954 46.19139308862378
32.715427394017226 31.712412770617405
82.42102227882228 53.18640568737526
13.510908668928789 11.902058365262548
76.91928978602867 22.85382257827986
75.21803202370585 63.19404150884215
47.304644799716385 94.95424671051444
90.59632181637322 30.617237629128912
63.021149853431716 93.74591586269301
76.37474971383187 96.9026460525489
8.557013148613123 3.4240698989164375
48.0777612432311 14.613479655236572
76.77156629311628 16.064666238298418
52.17907431094445 7.311014361359214
4.760979985937263 26.364355254315186
25.287606597806988 57.40057657586548
15.80152637275426 29.883219805738648
12.926024878821696 62.41274264039488
3.6454977370416697 35.7402949070478
57.801075033756774 49.77012306587242
75.6442766052863 60.778223435531146
38.88801640627017 11.486069521105813
13.366896271562956 25.700209092486904
36.300257949478244 53.32422639912334
14.469403138172598 57.67309162736195
60.64955668577123 83.75371751668062
22.847721279450393 52.01009258540967
4.080793079043099 3.851946510419957
98.49253566301603 17.139433392571725
26.4960916098235 6.324289240748071
47.299404584355145 7.297242636772639
67.35958646806691 87.65776338900454
10.962167595684535 24.688401375602286
89.74282740664982 55.67576936924993
16.847361688878927 91.4864845132081
10.999354355479007 53.34376123729675
30.92650199381254 5.347942162984931
24.551370640340174 23.460382953051994
70.0880555383418 88.65721726023529
32.02229526645668 18.34218733550341
42.75646863046022 65.62857320137809
54.05718712931886 5.730064592750828
48.05302393426445 71.36681202575119
74.31030858831814 51.009927057394435
