76
17.384402528250252 23.307260600589487
77.42822574595958 14.846653597655346
66.63293055797057 38.62408789394689
24.171411537879305 2.0473327528561236
73.86681747146923 92.07328919406214
63.78719009554581 39.61951471161633
26.155349904131963 31.969471019300055
26.193361251681047 15.46791979732609
61.643946262831975 33.65146676376154
99.1180543998072 30.72151278889318
37.81248936658634 64.8403369160955
44.775360205507376 86.44771608281566
97.76671671299873 67.29776119437344
55.249065034534425 28.25877335253478
99.66761231787362 63.916495951822405
88.93115403594757 28.22728092713288
24.781148727868253 46.92586796264688
16.90467914717081 75.20659766588005
43.05306806408337 68.62364771397735
20.629164295103298 7.557389941982406
88.24582679689068 97.0708761896223
36.53370784297636 9.966883369077273
36.877204229946784 26.71587387277444
15.062908034758793 63.19414494855984
25.370506788763937 84.55015317205962
33.988393966794106 27.834106734448227
67.55030181653302 54.278358649809334
93.95355109671434 4.335289765934968
38.15580383891151 90.2075662234578
94.8813216791944 93.45574577763723
41.92469427374819 25.04202739673692
58.677712517332814 74.62852737299936
81.54543794740141 22.979527414065902
5.794486669816656 84.66048564271897
47.814181123600285 61.43978897631811
87.32827316671086 0.775482512933301
88.45079140859497 77.22127000442737
79.81824113979863 30.111949447706632
4.8399124516491865 50.73981032727559
50.36940601889243 38.99238118574021
52.07168866100352 52.19109974651553
45.7977857707603 68.06105099056758
30.36490252885229 35.98158812689114
99.58266394430507 8.938609028780586
70.2342207443657 82.2770548313077
63.69966212777965 36.35013796831109
3.8670613897150763 80.30040327122101
81.67896214539263 61.90215238436253
68.15765987339016 31.72286126431707
87.84969515775882 97.2911115769667
57.575642293881415 90.73001844619782
69.19306190700183 32.724783688637146
71.69616461961489 46.49275020377267
41.22743511941199 62.20914812813918
45.64628463303014 25.477571267288646
27.434685165598527 95.54641021111455
38.28707169215127 92.95047477552897
76.64897401225907 0.049993739606635224
42.07378089130896 18.87718007274929
21.328961319323824 59.021477063827746
59.44605147446234 15.723274019833333
52.498010571882126 88.19107805420168
61.231584920928405 37.41679718906806
85.38703934572862 13.208496462628695
63.651209388440385 35.457309612399904
47.92811776310969 27.9326188337227
70.60964086484131 15.027276308865488
14.163991818007847 9.347496868801297
24.532720844707956 98.85998605695129
37.32407627782205 0.7060976799093233
7.686750061491365 41.79727075044064
77.16142714724337 36.560765205489375
98.94462930312989 19.784423659186622
7.899601452422789 76.28385587942364
91.23742873936773 63.74645780253658
58.81183635294159 75.5019613402578
