78
45.60435023384323 79.83300132284258
30.51166718298075 11.331648675203054
68.06909702969406 74.80983297644634
23.363289698914112 56.539833697192876
95.04107802538908 16.242792180680777
78.047588028107 37.45773740299158
15.058217255341077 84.7395775625321
30.996711448774562 36.06233144663189
41.230061677137954 59.82750053487506
96.0178833924443 8.135341788085304
55.83002120744578 78.36838626990777
2.7948482599852276 36.679614758022524
13.145915246351258 28.958607522527135
75.00986113740208 19.83226744950891
62.178312754050054 24.065972889770958
28.791775116228592 39.37974664405694
9.64772367125799 93.14188155250427
57.81691385052016 89.31458675430677
14.481881176740508 18.61745821498677
15.182529730949613 99.64533629996917
20.09994276326821 83.28185049283753
95.81397559259658 26.090910288788294
55.26913764816095 93.24404192609809
83.41960552672052 98.92909901537325
11.212097409384969 45.84683202987003
57.375234543597855 4.144270742981215
59.08026254132403 57.72218252883394
35.63551711742661 81.58677658021085
56.392157480588054 83.08822038812045
59.84706898661861 36.489574891390774
74.39567304243232 73.1217018592915
85.27060639814052 56.00923246776508
19.28720049328193 54.81900119786527
44.714540104891256 97.19539505632692
23.77533988923043 74.82332288880403
65.58731925279862 19.624541355393287
42.759196255551835 64.10261673030749
20.990037995927157 52.06642947923269
39.21948520764752 86.07372713676583
30.428743119193857 12.490494409898133
79.14729652204221 51.309657160247724
63.92477202949054 3.986001888548485
48.542875819414114 21.762282556724166
89.13016318917273 71.38622268108217
0.5438947121272242 43.88534920028469
41.53121818562564 75.62281301488193
97.77974647677522 69.88153607675662
93.23531035887004 59.740524293541384
52.03006687517443 3.3013909064316005
57.826604132361446 10.261789337764792
9.601935315180699 96.58947941341978
22.159153079264993 72.93388966817804
52.753488075370115 36.930380723422594
6.606518028848097 50.34067783823373
82.26784595153023 78.34827366143541
36.99219762480557 9.646356631309839
30.866243385127813 78.75457208887774
71.21756140143764 77.64384365054678
49.70253274126984 59.648118065201785
89.150443810035 94.09601436380932
28.089451952210986 31.48089083064273
46.312283457730565 99.24472072038424
73.47829426104211 44.29795340020979
54.22028946130506 3.0703608547101635
1.7308967035107536 41.025629316858804
8.068065593386464 57.20844457197114
3.995000373028279 42.34372389835964
78.73954266997359 57.624674751449504
65.50791611093571 53.271097971061145
26.056546288854488 39.16080786644064
96.3964502717609 79.89532282460502
59.45076732448818 12.196817648954827
14.036778832184215 47.36390922297519
37.9123590857686 60.8205335705592
60.31773529339471 98.66356436496407
20.980889389390544 0.15999396196328952
15.22967533191858 80.682502016409
93.82913924557006 53.543734465674355
