74
45.79139700586862 50.09807859573374
88.31341288017035 75.63231021526667
81.16789588725698 85.8030701617594
78.36025765426903 64.02923184257033
5.640892434884071 40.762205518579805
61.62589705740111 68.93254402635917
69.35008019925263 10.792485806016572
23.00387675209882 65.3880407974463
8.209720224010198 99.9647175571732
59.49519937242669 13.554585311526136
34.25940975608135 18.914674406065444
63.07300124361092 74.74467379914569
37.48424515754548 24.494280153415502
41.129110261070956 71.54754140123856
92.35855914119979 31.759147798369092
39.91019706558817 97.80647536764286
76.44012552448237 38.074486310251665
20.969790294302225 85.3792496784995
82.003707273926 19.759090896605592
13.546945811048971 67.65017449932354
97.24800128105241 65.3192229465379
0.8157593494612314 8.685650431046078
93.03288343373995 23.486402097145643
36.23649787363903 62.49669780468932
14.888226628283407 79.35281762584542
41.771640325674866 52.87333059449957
78.49330335075304 49.4749977764635
53.28096219496567 65.62669950652443
54.9653437990416 32.755378970642035
83.08616916397915 48.08456798921662
81.00783051470778 86.52109835929315
32.80987149436295 95.40791616940942
95.46080163124434 47.545579662632754
47.081660477789114 84.3079123637042
73.01375693434781 48.28402542412395
33.936057038007746 11.339827742198494
32.46108126008467 81.20352292820523
5.730941995000361 11.15500064341185
22.920078236960485 77.63821339797674
13.212157201819952 24.395484829438963
38.08454200757234 53.161489118731744
35.931626819544206 64.72230756766211
34.628764773951595 76.26066986075807
9.052006448079542 67.18335137007392
48.1034338838022 32.97235559208672
84.75006718836553 79.39678879495561
5.971612178575258 14.853913507192583
31.674494985938615 48.45435160930892
88.15406413826058 64.2828475293896
4.744331698753967 15.210482373164158
70.55157938534194 88.2592338878124
46.02615319029961 34.76273674024427
61.26941166672387 72.58673746158502
26.814301402806272 80.53863312690585
76.15176189245894 87.53543493598399
52.64151705051695 88.0517567351047
50.65538928110881 31.47425566461791
44.7364172600536 32.87241396818909
67.95206898171485 25.910776768393497
38.362309863070465 52.06673032231256
15.497628173517953 23.469787428940446
76.26086761741783 89.5938621438002
18.631544784356922 51.72578626623143
55.385844889376145 7.015218321557537
66.89523548021457 76.32623420346185
3.4454430117266677 59.037384950113584
84.56478405324765 74.43679123897535
50.05986459056203 98.97056705928094
80.79933593470568 1.4251091595655963
3.615286491091574 87.08914610633632
46.81227695802027 98.32346270264145
57.060861225490974 33.16543218649471
20.196283311324812 96.26615866907558
67.96025173120228 32.7720528778741
