77
78.12475739703807 17.44304524054934
11.389255044309287 94.01964903848078
78.11329032189757 77.6089658272085
32.345887281736 20.74741206840123
82.03122302256214 23.1485821064795
8.288335707406835 76.22054149789446
15.089641271518662 36.90343412087304
54.51447173717073 70.4773540503489
50.564398726352856 30.33182045456342
28.948577018777822 19.497919010338684
35.95063628989353 31.634321792047547
10.257864992100906 9.438798935443316
49.98217429571815 53.33906309397809
52.13490055858529 40.804386709064666
28.107575690863484 31.244418342414203
98.32412801331742 51.58410979869743
57.722072550183455 18.849039861182014
78.06418310761603 21.774990556686536
87.71192490462299 50.67120471897021
84.97844248738447 11.647626954418588
27.010340332612394 97.5609626794806
85.69033529450482 1.9756533808978793
19.848144935266355 49.03859883259205
43.79037235356146 36.222208260375055
22.77799156006791 98.44228092264082
26.05821043063985 82.26396147986469
62.067546959799714 30.92266982786559
51.68676584142723 17.97081581091975
29.67133279615376 6.139545758012743
67.4186353639272 27.08949796215945
6.06075884617322 83.5700163470116
50.515386114835 19.537967728456586
34.08846397146985 38.183826769512144
21.638036266318473 50.92145608719439
54.05221666724349 76.4325622274345
87.40036065680043 58.30956020363324
3.9855214852778653 71.57949648659996
73.1681175258638 14.646238643910714
97.20554590111978 22.189391862571828
15.778830204736295 5.001485578135889
74.50150453250025 27.184544564922376
46.846903490439495 63.54170624796962
34.5498344003277 84.76404305613785
54.590775072203314 98.94669647600763
91.84879097981342 50.196987573233244
16.955649377600867 48.53948313895159
23.64428707105397 67.71168428775454
83.9594072604855 20.817460602305538
13.465671808705205 64.31081642053196
39.658042449706066 21.85319613423666
72.47099326305717 77.31832596245407
11.0039364796928 19.604595168178097
13.891195184441429 67.74275160391205
57.514011490659456 32.17844316116716
67.75936699400681 45.93741829280758
31.45801088646236 57.02023698581424
26.29596081508239 79.6929931110464
18.682563365469818 79.12378777661232
79.61260326612177 16.593238763293204
29.30224407354799 90.66408846646497
11.785860245545155 93.56686178776572
33.71518803262885 94.75421957660447
41.58621026834933 29.143581283706688
95.22525706486064 25.858416374899427
9.670864967129855 74.49358991321665
19.5759354901768 33.80241020865377
68.13996467233365 53.72960598099532
99.80031095794271 32.41485947038053
90.80715163820065 24.044862832133184
53.25494785126254 24.14315138666471
20.202532600147084 8.64392357174082
58.658202480629825 10.36624912849785
2.9276462167615924 84.82157464478355
87.4263049247576 84.33573930986601
73.35954926964395 8.33744996780801
70.70417826025285 93.05372998710216
43.25210843798462 96.62598541876734
