79
36.04440085688415 69.65295919081773
82.21621014848418 92.23511134747108
61.08819222541857 53.31134219776402
76.80401778089787 89.1186936006094
90.70983350440973 30.49295256800024
89.02946801526613 54.090963092492984
59.372601644835164 99.67691409975407
77.79346896983466 93.62020343481929
14.365766440016259 65.40321229834393
52.407530316113395 24.95122116963574
98.99370581213076 16.25191872231264
91.9326530520445 56.16059937343106
16.22431035892179 46.26822509925018
18.54622919572956 78.46803232018328
13.35383837502322 21.64315051600618
87.2337171364427 25.279088593145318
99.9727121682501 63.77091757856722
41.25950024572339 87.50985654718355
52.75446238318329 40.68618858032658
33.16809458645288 81.21362625993399
12.397888954646152 63.45618475366474
5.161774005893804 81.75329074296948
96.72379533145772 33.70391941340864
88.85710856925571 69.56353937279891
25.338738737024823 10.925765581980363
17.01850136553459 17.859326208913306
10.242136918301526 27.18670862086946
31.00421513374575 17.7608988202283
26.793304077693826 24.408524810244703
41.91593778091194 36.41082276820619
29.929152978140404 5.890035093411605
94.14628745339978 81.82949511849918
47.18736883170135 99.29736735216501
31.250691278596022 76.79917804975038
52.33958593020935 13.796930698604793
1.3686846096355398 72.01646257077682
6.3088735890308945 24.14163130839905
32.48047619186417 8.873998400718131
28.125298180107873 93.2269536979747
71.23320321812382 56.17474862552383
1.175571160114386 12.298680757719882
22.60594588460717 66.78011243843756
43.590416217256525 76.06851089272111
87.73683730141848 36.422758968944265
35.84322611444266 51.5589867783969
47.83289729161353 37.97801849805772
55.533339215170926 79.77278632688835
8.523006274407674 28.771236952530987
43.632162343575565 45.2259259946519
89.59943722627848 40.62162573754527
68.95753971804011 35.48694854532709
75.45472965864865 49.997152471267256
81.45248031804542 48.398820389917894
5.467694278972212 0.558579131662984
69.16600883723537 61.73275229515569
2.116909372630349 10.597255133072725
56.237477829571105 5.200727711827557
57.14447143647371 67.00060985310473
30.310024235022016 34.3970892552594
15.263286462617154 88.15220498932219
77.04807978466833 56.57811470702083
5.019046690988061 48.01808112049428
61.03000889590868 17.987140121378587
73.59037738819725 13.173843092080395
11.052715962849913 27.421739331706306
2.1595482043685776 30.50270724091072
43.01529075315277 19.893297990225932
96.60987499843232 49.42385641774037
23.793149512882717 19.363499647203696
97.36790953087795 94.47703195351245
76.95242361379012 1.6084903565846798
52.595881711182514 35.93258649879807
7.713523335331929 81.53705293139093
59.204098296906714 9.536126882532637
26.39445019347526 18.651170090959234
9.634454248135349 59.996624691279145
85.68451959089062 1.3999004466626053
33.3856064654803 0.7216311683099885
58.619429895650356 81.11076772094398
