73
40.27931748662502 97.15561332741336
53.05668661543973 73.62125353431891
44.454247234550515 50.25192540609339
9.149971419272218 69.4256618444892
57.47616630243421 39.41921403221396
75.23143519844257 22.937132310071696
34.83833728452911 72.9462765375492
53.45604583026764 80.25623458978133
30.89501687216174 56.30589992555366
5.583794434120637 53.86573519301356
98.03982407243119 6.565541675271669
63.12379724813201 68.2871481923042
70.94086875438609 90.63996379509469
13.901424493802416 41.267260443221886
49.951831085582796 14.734300491638896
32.533738415564315 49.86767548015306
54.83334800206833 72.55924434190754
96.0969100810877 1.9322839868373132
93.05469890691016 30.760440443224503
54.189649088236344 53.99412636240125
10.538487854158818 0.037981302603873335
42.39244819101889 28.48814490886906
97.2030296517504 56.52931719010904
25.520614829635047 16.172817552896714
86.17580895766646 70.57311697838986
51.58514996229046 42.679831846457475
43.06298820052371 29.866237976008904
31.339246977446212 49.75858217017095
4.859748927246777 55.171833697224045
59.42482193302797 24.587861870309357
77.9555509246025 51.65331275848204
58.73521673567211 56.18027783511308
30.38649848173064 88.25107422298831
52.588557013738445 17.66746897356596
32.709580840096095 11.23751149740727
23.285797375694884 71.83279537821028
56.43702034982552 61.84388650821382
32.753247809739925 18.084527327688694
2.828160408255953 52.37306535911655
24.58858339517338 8.2340636764067
50.32331920842712 18.301347615330066
87.1182680180964 10.235845587006754
73.50004596913266 0.8059729343119382
71.78749064245656 64.30835169707733
48.48483544929737 56.66140263356739
23.5832727615064 31.44497756474671
70.01789962623772 91.64686826094646
93.19857749803995 86.15319921637528
33.0872192189236 87.02244948630022
85.79538999452444 1.3344288715866792
82.1482970050455 74.73205023408318
0.3719833383962978 48.25065918116389
26.957389894027493 30.806347755465634
49.34759728994994 82.17497842312135
42.13658770004125 44.53509247990682
28.689121086354007 21.317556200754595
63.362425940388455 74.53572011305573
36.38030443954877 86.6999843870615
28.912004679428584 53.99620251122463
52.075505099687945 36.858589888104255
77.59555910094785 88.64187514969454
94.80358485142793 35.087397076163576
42.27681211351971 34.70358667893233
9.932350726789208 81.26500256309168
37.680563127907284 72.2738326199827
71.95001779382457 38.66302018863084
56.76290793147074 58.39826168844298
23.16490647377033 13.870112049946437
41.43235248314971 9.908175623598837
51.573500799168514 22.067462922965518
90.28557872903488 42.19446574328614
35.964880744529516 17.378052411383273
63.53165304945797 4.152021495014335
