81
15.270633216707807 35.82093734459642
75.77180075859222 43.767593637164396
2.099045639984709 39.79415695769464
57.1015888788708 20.045228591933974
42.567430326002786 89.60792824819144
2.738328296769166 56.20200051716744
23.100803356977305 3.4134281844565684
99.38529041017577 32.70074662685338
19.570230888107698 89.11381363577058
50.402390033804636 46.55128504625381
50.73773113783028 68.72832065014485
57.31360182972246 5.733144676449098
80.95666070442455 78.71428165581003
99.09318407775203 19.18608245640202
65.87452380622706 0.33599488775147845
88.892653022451 39.77032537566038
12.43750765217163 6.474507546898423
16.72397735456569 77.33724036635996
18.502928589541145 99.60360863401753
85.44742660535425 76.0911542650709
28.180849362987793 23.07800741914513
33.21735267819076 97.99005906044452
43.82677200058841 14.000046511590803
9.415688129745536 92.42253137512704
35.85972048770365 81.44554347607378
14.05146511908134 65.88538257035088
0.6657515453643015 6.918767919015522
40.48621272932711 49.88720936004809
71.58883483282183 13.085140696410702
71.08401788593652 0.23963416004401106
84.2870599357887 81.2235605066895
82.7922839103654 37.77994805084675
53.859305762937915 18.5108489993551
6.8869553904884135 87.27293386517903
83.95079561713874 63.35387525625427
3.417326760193651 53.423799935962
29.52101296193955 85.18256404668183
9.781043508417408 46.37462380306706
88.93290046578589 28.971477233744913
81.94452911200109 21.45277866859445
86.48476115263051 63.64097003725928
58.1558097839621 91.02643712443349
32.821369501946776 3.6278368610170197
12.213330313909188 57.78443781387664
97.37088653230062 33.203810271518506
88.07939831665233 20.60430513707073
20.9858687112365 44.900263021411014
94.59449174788566 0.6437123659819854
71.64846398297901 23.891431676018783
89.90496842731237 55.612546781279384
26.87011850870945 65.17095702756124
95.8098319974893 13.574252779661855
36.59140102588583 42.7186300305743
96.9794715309279 36.26764085240942
19.395191524812837 91.02198209738799
91.73510525525158 98.33331890734523
79.82094981724693 88.41177453270306
85.79948015974246 90.9216363565272
3.3445709504042354 35.59653655360565
64.75343920965663 73.07123853605013
29.47691350530984 98.52513565024739
64.96555117784553 86.43800672954902
79.23530476347503 53.871453571588866
17.918561800971066 27.088932125341003
2.507460597664213 76.55134488925839
25.44294220059121 85.83082791073117
25.079321453036552 86.13066146709876
23.745263539818595 92.55399718741504
17.781922635134528 61.798085376524526
86.78152617215255 80.55104497149578
21.36716599096803 69.3028300805177
88.66232261843506 97.11498316193176
11.443434955788023 40.63497754294797
13.476287655436913 59.14308434547396
92.26689696532048 33.77913533346343
93.82445035405433 73.1077654878814
67.85588409101238 40.32984066816695
21.192686863285203 70.29390153090543
46.72679036853806 16.098469460011966
16.18311259548445 30.45763563328744
18.415859876405104 34.61387291644037
