80
24.538744607034634 63.796653119895176
77.53276925258571 67.86585975565666
40.37071859229092 54.631907834492424
18.81266374148095 58.20520778793799
78.82363564709809 49.629981344977125
46.38544620266949 37.54947676504455
12.519669107636755 82.26428481143883
93.44023804280235 56.90096515403732
9.294301237766478 92.332390990326
52.95399469784312 24.49942567091864
69.22859196085001 17.80938714554071
86.96883217695375 8.128723885290123
36.37114660172743 11.242112862415699
39.009684040355964 46.968152429647304
63.67362813698093 25.98492259722279
28.501245197736203 40.16284429839017
23.358117339049212 76.57458199797234
88.18842598020571 89.48950342203713
89.72757979756642 84.04367731504094
88.84640530429627 30.212117285416262
21.92811385057487 3.2657964483739144
11.131518693850328 51.138746973084395
78.62242876692291 46.86973786876756
54.36792771667825 70.29328665778927
6.856844335442158 10.738428358626983
35.99270821453878 59.64157017860563
60.27571018771973 98.43677916415513
55.35631582841667 43.98134321019478
97.90351501711636 51.8959857965397
81.42768445007856 31.87477352913256
71.56115926045935 72.43430213658252
50.806111316452714 11.217458602740383
99.1082977773737 30.567795570842414
35.83963981967072 50.025283045838556
78.93985083740347 73.33210426417942
28.23830100270205 51.427669072308504
67.8758885154887 13.136818231547254
20.390429914641473 25.329471527320337
20.46259788594621 51.3015178576745
63.35920144913646 91.34759060955547
4.458595497658124 63.55791171476704
84.04086740072727 80.2854469539999
92.54905633149203 4.4283472299113
26.036731106416987 12.175441331597714
4.275486577134191 17.108013261022414
76.02419361563386 76.91665193901474
73.70690537405909 73.15159024364594
68.42234446900345 33.89639006172257
39.68864853516888 54.28465486785598
75.75374679553781 34.85319400730099
63.741801163689146 10.512427948264225
0.016309133217184968 65.86248385426067
70.39083701775652 99.60032398035459
79.7348854853442 67.96049246055476
96.55867023452043 69.38708553060832
71.72812145224395 84.45057651498192
31.787958625675174 27.401608290963463
85.50824649879814 80.48676065803407
67.88833109273297 23.379287209441124
38.33696388395057 15.932539894000708
36.30693570075626 23.293129887790087
61.847951681257726 14.698942604522347
88.04491042964514 8.170793604002691
97.47225019664131 60.745655184427704
4.665618832003315 71.78751040560634
43.08472614057328 64.83391967033398
7.497224964633286 20.384670929760585
4.517026889143272 9.788869189864036
86.6549360766178 4.554988995091557
76.93722360898877 11.598274400729657
85.79744237590512 25.87205982196896
10.250629611741768 6.804596236742788
5.846284408851243 90.8914197056927
80.61422367571764 46.25003770446215
59.082172463823966 66.83344058012209
79.27461079495835 51.21875251528266
27.459887538742755 58.2172025057988
32.88812515213584 49.981200187026666
53.68415465089764 25.764498349571685
87.02301045278928 97.91446024207349
