89
78.98662221309442 97.5049629838054
66.34753661359423 70.20152697283733
49.41178780779111 88.7754713630015
16.429008358961283 30.863038274295363
86.49941509640225 92.30854214207342
23.815826531481086 22.565312002000315
25.13698732733379 53.78668994119984
4.873647816602666 59.27689964967611
91.89114360824362 47.705377226679126
29.38358560182187 12.59319694563562
71.0140598916257 35.3121374152592
50.936022900036726 41.475396644497955
96.39468946941659 95.58163979579226
74.550528385113 27.275628576419784
13.099622586265747 3.7531065190468227
77.9141615299723 46.966707638278024
65.87202194989341 51.04395502075022
46.13752266761447 37.65916606423877
3.9523696875510717 39.79997767775176
49.70632861848308 71.83921490462755
98.28541583201806 48.05508714862506
18.834523260583282 56.78295393678485
88.85606764760277 59.919182997188436
35.94330351793512 84.98219793191818
37.7682306938827 91.60454815969206
18.68444673543269 62.15559118341053
10.152062852493792 27.55187113893337
44.98992051871637 85.1574260588428
92.57419400980375 44.390071477815255
4.611078395947965 9.333452431180078
19.5330831653744 69.81085315677808
60.465873746419696 82.210605991551
5.402455122756811 33.02302134960043
16.30309113093693 72.96008469795824
68.71294478497454 15.538819818413629
52.25825816150028 34.54375661258887
51.63098205155069 82.23694234166385
69.23169827948078 90.20700796075191
21.395258468739108 90.44541179181977
42.091687011916925 83.06721340638691
70.23122866619498 75.47908485641356
55.624692767065596 32.259182604422186
40.7813846445795 58.15638293662535
67.16348212214571 55.07160755281285
89.7027348283136 76.89576244012558
31.84530187657202 1.1506700437475925
13.149294676459533 70.2259544066366
77.00761511470654 11.47608059651799
18.883176044979777 26.65504791601586
0.49145476350762607 76.45230383951125
15.51245201137167 15.63549323031217
97.93532350027023 99.48764398257494
1.7432288324505718 47.60934830431766
40.1383755228328 96.22320284939647
83.81127595877807 95.54843390544423
76.86569450691837 78.51197619661554
72.3617521001822 61.98667830579567
45.98328986631963 32.47340320561688
76.04567627851412 52.33309826430864
21.003572663903437 74.89930649397594
63.56506182463576 50.57726930712762
0.2465765890788285 18.149473701485206
46.44652065032551 60.014710250395254
89.66616223710265 72.83673962573458
15.72507387858999 25.567640656894252
79.52488816192027 33.19089013539328
51.433397865733276 89.6248054122795
30.524334697164335 95.81816631765811
33.3671828230423 75.0919886688917
47.088826709206245 35.378506150673104
38.898594288832896 90.3325679632336
3.579661036609516 88.26958732074849
94.69506195667917 94.33108382692895
31.867029091446863 30.21757625943373
75.0340474753981 29.915392241812498
14.06462591784453 82.90813447768052
34.72278813483049 78.92316780679364
14.815722774295281 41.877841544676976
27.50956455898472 17.813113008301297
39.068223474445084 56.34467834243981
64.12255010514903 34.916389867113615
25.301451902830507 25.42063932347102
15.794898642788835 87.38082796389268
35.821426458602154 56.11888714205596
32.03073846216431 25.99183861958352
34.823082831942806 38.590784889201046
22.604810356282368 72.78165516566767
69.12227412709568 67.39680031776612
46.0369181872033 96.87957982686014
