87
76.69464805345505 91.73341417118813
97.2186945738013 86.76948234561598
76.58115842932406 56.6572814750991
19.208571897794936 96.52622920757598
39.82554954983936 27.116594846084997
95.0070181600277 5.646503515184653
3.381901502328377 8.13028604187056
76.08003617056458 11.311661895602732
31.098325255136228 58.480764399878396
44.821872668925465 99.63169617992916
85.34238239676911 27.80663071506527
33.83220168652349 23.37853858511474
53.068178696106486 43.81396802794831
44.51964665539337 28.617529209724523
41.70332998021242 28.490705572453578
96.06732870325978 36.11450612087054
65.27908405413474 88.13817090207743
14.009280696296944 90.3281594744471
48.20124407484777 82.83500763636911
50.37973307982312 85.08948960946488
78.32198680194965 68.76347169019888
7.205853337981716 89.89862959364983
37.89182366648013 50.78496360903409
44.00720161298499 45.770620309053264
79.54375194115731 73.68683633982752
75.73092375810134 11.311467412062193
46.04495211340966 99.6858639154144
49.103949766337976 46.511514831244725
49.98594038238178 21.014479599445103
43.369749056758714 87.76507415398157
18.583207838559034 6.143811207529593
18.841662801519988 6.7813694930530914
44.2104329673308 97.58514063917706
9.457527619430161 34.19361936775353
44.93844806408514 25.96425158807014
1.5845027981891802 49.57018767947818
7.130546298244223 8.251772368342447
9.244878177243399 37.580353938167654
49.374727434075204 79.8356890093292
98.05158477497638 7.830584918956163
90.10113606214385 61.879790358169394
87.0052351477925 32.837729892219414
85.44250566947387 9.742467240149754
43.197596119362515 41.658246250663865
74.99719108609759 99.70346513032948
58.04675272540861 45.70313690017951
32.84522036324997 48.845871518527716
89.21070113815439 69.37822084110033
10.084737970776892 7.5132039005139095
53.549544766975664 50.2240689525721
47.38471489798526 96.10846407661604
93.85810782191678 36.41918402438827
65.99338024930461 0.864223374628581
54.87874220989316 54.912103959184
21.422955042220448 61.38646465632035
53.85047453874849 71.1987697996672
90.33717893707978 21.399375597138526
32.68982332674164 74.482508773182
99.52822887274057 60.10861026386964
70.35357119517472 34.171976198047446
45.437442919279235 69.01386246531848
99.94006467081343 76.28850393753439
6.893217286291476 56.81308781475084
18.20865277513898 76.61362685766328
52.304262770054464 42.954372691888175
98.61561962379945 60.32729889342647
76.86257746753463 55.36718305156649
27.781245239301754 17.295191101506504
12.383416097642908 74.49789266647524
98.39163242014115 74.78697853831473
1.4589300732557375 54.28888574989792
89.40976251090994 27.934758762627077
8.573086113708172 41.96291088475645
56.59559296609557 64.08506645995946
18.641280106756053 94.15874964362693
0.8766075197082834 61.243187862359385
48.41407453418382 73.64493604250254
80.68352277843897 60.29362730718062
82.91895436294013 1.8684670131727477
0.36388939982300306 45.965435558269675
76.75302391612414 77.79687035904588
17.655057082354343 1.3646540685582464
64.67327084256394 31.444960255823485
75.27179778391468 31.334433995174095
32.11618551628792 19.263230598237236
8.922270870443283 61.465031721753114
7.355278263129684 34.607710951041796
