91
93.03081233036468 34.39788022529663
48.24211319310399 33.27102593654621
13.614233006333665 59.04711990079562
83.17608914571706 47.521490828744916
92.10571111430659 75.80410263996401
4.660522942274015 68.38051233985547
25.182027208659708 35.394953603786604
76.69289455796957 99.74111502983122
95.58518995804387 43.7257164483594
3.8368213662216433 3.280638501680211
92.29234629881365 20.93837117698003
31.28010689675831 80.53927125674653
51.974347503009135 72.87879437943894
69.12803900739955 6.52355344532981
42.71490312733146 77.90369134674393
2.263178440357916 96.77634499209124
88.20866675019468 67.0666795397286
17.865716768953334 32.9579587109692
93.86927099702761 81.79498905064018
64.95088201157299 10.904458596552047
8.986282661706035 32.42008164401783
7.032696795898518 46.46230179258135
16.437005945886984 15.138439024087402
82.3067747962588 48.19264541560847
85.91276025144644 39.14074527704852
98.26906201116131 39.500068549357145
28.28436494819052 23.224880183187647
75.84475068082733 26.309054106523742
52.183923206208604 34.818990749119095
98.18113765660766 82.82832806285303
80.54116434908305 88.47936287721492
13.437999171629356 2.233219340051218
52.75211930691206 4.139588429425101
27.3207682307974 38.094923557124005
34.67385757560737 43.85866761563128
83.74316919306274 20.18707144141573
26.266698955132494 44.26635687808589
68.02770661477373 58.442008275477086
85.64928672933152 2.4243399334847093
52.61787782823313 4.319533995687985
50.77391041995042 7.521680171127598
63.789161104256586 91.91030473718497
42.3652433350331 51.81452720441116
77.83385782384468 92.77595656416577
31.05863407329269 72.25704604340717
79.41993942444418 46.80986524201873
63.05741133575843 50.30571920709834
34.740650747737064 73.75566462427447
22.77503174334463 48.22341584903563
42.21153833876002 9.819530508184847
84.76589079701824 44.69883024586244
14.912780387549752 89.71390470743843
88.7937696112398 88.90247652968614
42.512200654578436 99.27219862443557
77.14898359157165 75.63283065672861
87.16314319295424 85.81016419144358
24.86380849275053 60.163709468959716
18.35873386594937 7.965078075922438
60.55453848516608 22.951917712369973
8.647192167344176 58.20978006652653
92.2310829766378 31.693268506448334
27.803548552160994 17.676140288665497
21.14364551649449 90.43547934403756
58.96100388721097 47.10029363574151
36.279024313913546 55.47412689310433
54.2006369036391 4.071499009060009
15.610893185351893 86.35277947064938
61.972504205630244 74.6907729881478
43.9323078674615 82.50230377237686
35.29825453267756 88.1761382429749
12.37091993371462 26.117574297193833
99.12354281844257 94.8571789893979
16.937448140027634 30.269161954470857
47.142368403877235 1.1420219087171946
48.283794376818115 1.0015846576673204
68.83623149778576 54.75399333394145
58.32958615596371 16.0229458851748
12.824001555759857 87.4118766403545
85.61993111118045 92.88538083474423
56.278393164441894 1.0956592119542363
19.336193438556858 56.72145048955648
8.880475641354124 19.855834766875603
22.120742074030453 24.769467081585706
75.58798876968078 65.5142476924939
37.10500197193086 65.83624431286273
78.69273989287873 31.27874238447902
50.011716008511975 87.72518194930186
41.716004774713376 32.85239062019202
56.686825419758335 8.45273212567783
93.39482352806232 45.212493479491535
49.03273260500784 98.43309362719566
