82
81.6133023432507 43.50712155861367
11.712858224462408 67.39854946603478
63.92511530053066 18.170448280715313
74.1355482344175 73.52667049282081
44.78786709017343 10.505455494733717
52.16983104602445 63.80091867067896
96.29369977159328 24.140733569561966
78.53365103952245 41.43031552468606
89.68688352323645 0.4439926484213319
28.19215625909561 56.010187574111235
5.602156426744765 89.18829596876915
46.48103809418952 42.45518480836768
87.09317367011965 69.07302338894158
48.0832768092855 32.4633118620406
8.114110296888487 83.63758644237417
0.307772114090743 53.53845101538658
41.78918078001268 99.84429241330763
1.456201546244995 10.113408857382932
34.47142681387583 82.69363950975794
3.5572048359417963 16.921458542647926
8.63393488033829 90.39377854039091
19.9189194820377 66.6550993251904
64.23235820900766 62.171448899194715
17.091965647765196 26.89622172541114
3.3713840212659996 66.54610230864775
25.904733443451622 87.22158123532569
93.80532483637516 12.645684227005283
6.823715659941875 91.51226507257282
99.88240275074367 4.598712421032902
70.39902804531609 30.158210702668807
0.028108686362138258 75.84744156320433
92.19082667099313 29.776682338233307
88.7151904827225 58.34746799475595
51.76215134102924 79.44514081588466
32.03290242039139 81.50779814132949
82.3017920337594 62.630571930314375
98.17181176535058 96.98463635505153
24.32463314327531 66.54340423352643
70.46616604594878 30.457261768851605
65.2953250092999 13.500831159043669
12.383650993249395 12.50147270031473
88.57471386247971 73.19138042125903
98.38717306726028 42.11850912637516
24.361348134635254 78.00513781017003
42.033294090187866 51.75104755944019
16.24335495176439 73.93616719014861
97.42244871767105 77.5835071639839
86.92910782925287 5.2929182944252195
58.16630524415712 33.40167603993004
79.36238305928342 54.33650554067506
72.57851602315674 54.251020448006216
42.07441559402459 94.16776551300015
89.81729678812786 39.369170195408934
91.3667725463983 5.650139936551357
94.75038683244446 86.51724315381861
34.33992117322654 43.833294842022276
5.0524207101267145 8.863029187756599
34.84056476316584 63.03312817038794
47.54621971404946 32.788157107925954
40.885165942990774 53.64407459170888
76.44182501999022 65.80408975035145
32.50862059984554 25.756787226380297
69.9506227718017 80.3036176803836
12.948024183905716 38.29976761933969
60.31271556684816 47.96742858636874
29.75136591255175 52.34108246135152
76.13547203287592 93.31394337192616
87.05216170640794 21.405639575026925
10.627590313729007 18.167029327849505
29.18885162210173 52.02418665926981
30.783474536682043 61.59548163893647
82.17436779355904 32.05388061762364
37.830602248253996 73.31313152877694
16.319726361939523 2.898988550312953
70.8478234776241 12.659876614540789
55.25747807907899 99.54249244167356
13.009068273922686 31.079503680796748
7.374807243207782 50.22149550348094
59.79502850917472 94.90787495921904
92.32067277154282 77.18128673670023
58.88457036902567 78.80398699111976
92.75340860194916 9.269860961331544
