90
27.21700230612758 73.83430792285615
98.6328559905872 75.41651359244409
90.25999437576301 63.8300505177501
32.70772472271265 78.17766294976957
74.60982468420193 48.491455826384296
29.636776120051735 16.922018655963722
95.82294486023517 24.50132320054711
5.40613880852383 66.47221524792647
28.169909114224133 38.908718587094526
37.44806099230817 54.94815840912706
1.6885172658622993 1.5757330401683811
17.429034977561297 79.87244273170016
93.24726890636835 21.167141007012212
99.56901356586212 47.40066276816981
47.58111385178972 66.56943452309966
93.53134017774167 20.162685978889094
74.59432796668511 84.67524431339334
45.42149663402818 17.554784971553694
99.04287193248696 79.7856644740479
19.352349606191943 86.85690410029872
8.826572744806683 1.7916589215023149
70.16151488881732 20.183014991104585
5.805323695886678 91.69507668719523
26.247730562088954 81.0258145209047
4.750551689287807 56.110442449897
26.6698703438067 66.45165244196436
79.81303373741156 44.1535880538225
5.033749164319589 96.07713869745545
87.69535901788733 62.747832183762974
73.05142131177786 29.335415863557756
15.847188963629222 43.157417743119254
14.009520561876233 18.274982206698688
89.79607813589872 24.093824490337056
75.36493144108721 5.705690109351047
25.015861075134094 59.2732937319295
61.96144985868427 43.56884037954981
94.56708080751089 22.628006963181846
32.05086696708835 89.17735228038067
67.56796051216413 17.88700004725324
70.99331492853113 81.3723365341753
24.077940356011183 86.97480308024969
63.446239169776206 99.70425679065103
61.08111234128722 93.18831100843136
18.47404231873574 37.667858002176594
54.625909975546605 10.884171076933402
95.10846120852234 46.269333498793955
84.63198415427581 7.565351610496796
12.121886475977405 55.67708680927916
11.761651532745066 50.82842071839755
41.765604048516856 54.537927300204345
93.80368101317025 77.86866146584956
9.836811171344905 64.40081452406224
44.042900614855505 74.18982190375921
10.447616591867881 78.97583282474618
87.427428370392 60.14317795579917
11.291580004502578 15.362919861596925
98.409606963347 93.62706373155922
69.0200694841428 81.31282290699447
80.09875029568727 55.33934494885816
46.99635657885332 89.12252065172834
7.975282993665623 41.16679541423667
45.383134809652404 53.46491758493587
53.59153741531285 84.92366492977982
74.05330483196637 29.468034862919644
32.710043157934365 35.12002599012488
34.90029809368578 73.6716466440197
64.04248280730135 54.596662937059946
96.1465020831269 36.81089256122137
69.16971852307306 89.071809883222
24.654250989030835 66.2180933052829
64.33780516030009 53.82587071103444
65.41689930732704 83.41195560965292
6.082883888673473 7.809210972117253
47.31701019912396 10.510264396007374
45.41658420907234 29.876117587230755
70.43035577191559 47.33235885335972
29.936232074221458 71.14898445586486
0.41144980186038627 1.9851187002648873
12.681147344796162 64.00262396857597
18.185795208173584 93.16905480660603
68.70247880309043 39.364717941961324
8.736622843328746 70.61844650294911
13.88160617034011 26.31941186665232
19.447214565373205 76.87967099423699
85.88860131325767 66.75992220722767
62.04295771533138 97.36439847791439
65.44540375824226 61.83789541642612
63.6570983973276 14.632151052876264
51.47038436855599 0.1936039627540409
52.23747805941083 58.46829047338995
