88
24.134384135199248 0.7578296959056985
91.76798218208089 53.578369017945974
21.94436134373087 5.544121840248062
71.90051636854395 84.13342368001166
8.579829043134046 72.03451008470743
99.00182685182551 41.27451645762782
46.137872695850724 97.98327809555548
32.166754582967386 3.59837936829398
8.50711760877967 7.839055905443093
97.1982356212303 56.749437173198395
86.23090894506636 11.994401169914315
47.72972628660283 59.42238327772622
69.80952467517773 79.97182136795612
85.33695029556445 82.02072181158469
99.45961417575359 42.87310359428351
73.68750552572132 96.0358353455011
80.94945768273402 79.50856452139061
95.29443441428496 17.9694101114806
63.1620627931146 31.45815057743382
93.7093503107288 68.9955416299137
65.5635999872484 41.48470408712354
49.433596263537346 2.9483688500880567
69.05039887156717 18.287655755381937
53.00560640641322 65.17730372879242
61.3412378466188 70.30694891190213
86.45005087641638 57.630409746863535
75.63999857110527 58.79562071671602
67.1415438156252 92.2818382207035
46.259691367806575 69.36924215577602
35.28547743535487 49.226268350636545
81.97807955441414 28.13949975909479
10.609918449943656 86.93166866418393
69.71824612391347 51.517945757144076
14.678092331646408 20.17250417493971
9.464791290619045 11.708165171683904
17.494906325095428 71.69303450475502
2.6479608938318244 90.26125126797862
29.04989164403009 31.406205013598743
57.58317098848319 28.810674338039398
48.866148249282084 41.20153673890364
93.15853793472296 3.6973399076542957
72.73442731644228 21.467578284274037
19.32686686097238 73.62939334441405
10.710054833764504 87.19769141337072
9.074657301962574 86.83340055777256
3.763894409311419 78.10739567598752
55.88267271736156 29.62831335159608
23.17866561814079 11.91081913278188
62.33500626482422 38.28654211325846
46.76318284022517 83.417658543869
5.264823117256167 56.539519907489876
13.246655056220934 42.73660160999253
56.280507817186276 18.66177443092585
91.70791869619698 2.0919109853487883
29.976050724449987 20.385139588373757
59.989915218096904 31.027295469400475
92.5606577049114 17.957311659849196
56.198072152034385 70.18495113231819
56.509389688784275 67.89484262113908
22.87456693566775 27.871915291568904
6.002912142393091 34.50247247592463
90.11987265563019 12.533329350859358
63.573467178666775 82.33142266639042
58.103488950762824 56.745403713298124
33.09257549548556 63.85082252988885
28.219126545386807 27.085742402462575
95.27451928515059 65.7484648479594
44.62589164629062 72.77575272604436
12.93628982898526 72.07128223545429
67.1550117760049 54.70939540123511
43.77558893719053 87.25701796664002
78.16477644420216 86.69101101739736
62.90673305283726 2.26931401131919
46.51177482959626 79.25900640058401
9.404698149624835 66.17382535053957
60.777104499860435 13.348460891693747
40.8179664945168 41.79340817363866
80.82411933603525 95.7213336724837
51.225124203360075 87.45595734961273
22.443917884494013 79.48601432544915
19.646670779747243 34.924594350085556
25.906993956076885 90.51232844910348
64.84253784420912 53.35518398758915
19.26573623458251 28.972309306648548
90.96707281998314 50.932296850055344
0.42907829848367607 68.9092738016761
98.87185940232104 51.11071520722721
16.804793552713036 49.53662883866753
