84
31.4397890276759 78.16214643483868
67.99018200578614 87.71596077354916
80.55151280343983 24.908310017655346
53.231110511542155 14.741737801129428
47.18735991648566 40.188524618513014
55.76394000600451 8.78889892394633
56.58475974558513 40.86717411175916
26.199086596898802 33.484955752173974
66.32279060632831 81.01359602812795
87.22653632443341 3.9262825799422862
89.26186278700203 29.257120495810263
50.6937354450125 72.30289232806783
43.23549122478089 66.33123285352069
59.19018990245508 56.502418464948875
72.60997289566888 8.010634056642484
79.25474966027654 57.506334525971226
68.94368909736995 74.65555331048907
13.225901099599024 42.82570890455014
2.4903145036877405 4.260068871191002
90.77802091161712 48.04910708359367
4.215921445878202 28.470199857510693
52.77377120865056 20.854330724721482
88.16581637286951 58.06402820342008
48.22528976530213 36.43746718391741
17.711888025176727 65.61118003830188
32.21046859303581 24.48978019492588
55.163538491815004 16.397328599874072
63.750366610099675 24.827340550970987
54.36025904585706 28.23592474116018
7.734332483076778 18.500162023479717
51.07848613789766 23.018181158934368
0.5160048776527648 25.63959318268538
52.492033563754234 19.977237468830623
4.030274734637129 49.13785681892855
44.43859687598886 0.4835154004359299
21.737801471855565 40.060092852419075
57.205652012107635 89.82882301098772
98.71092941974494 31.07891155554
4.148025383968679 78.61202229189288
64.12109946403362 38.988451875491606
25.818749174254528 86.72971879945706
18.055325647109342 35.04526214615571
79.84316142246645 31.12727712771074
86.13436683373573 77.17458371016109
5.731382867155476 44.01775856049973
44.44828361350578 63.10343385532676
0.9644181813283415 27.26027813769636
7.298427881740199 62.10814053905844
69.52739192084343 66.68607696324621
60.919057331312544 32.37794338412701
48.6696879081152 26.00671586617761
74.27607609556503 9.566125753207865
75.2323969980501 36.542565003032415
8.084215731027411 1.207380536216085
34.77602084756237 91.42963222727768
82.59153225629397 25.887019833771884
93.61203973949935 1.0466453549215715
90.53964234682799 64.88055293074649
65.38057534654511 41.540795772276255
40.879186428130176 11.86363111796953
90.24434091274063 82.91780533404493
8.702682040820164 41.94873169383027
7.498775718801564 68.16711648759401
17.13654904517944 52.6650520677999
77.54498707336484 9.011132736117599
8.930201061600695 5.70940065766341
19.359603683524785 95.87618263131186
24.27518559742463 35.9415889994396
40.2012602641203 87.3842903034323
27.23794548846975 75.42033202587633
16.564261686320002 17.226006440248455
20.063755880822065 71.37234310601993
38.69293912065698 66.91021648392528
62.59461251050341 94.3095820917403
23.461952538159615 59.25386836229578
8.390337656839685 92.59494937421788
2.328383661021627 92.87553641742899
14.232447862996633 52.053401701993195
88.88393486908726 10.030949423112068
59.16556292314075 92.4936329422754
25.210398702372196 57.47333944543308
56.2815586901927 94.81855789851583
75.13401455196366 37.66991991705688
73.22777433638016 22.328246330324774
