85
87.8275708343776 88.91490571463171
77.09096807110957 10.065224980751042
30.194171372524437 51.740464767832314
3.117078665167883 36.38411132507139
92.71550123646001 70.56373142234511
90.02382066345183 12.517233430338736
64.95303364237506 52.80431111047097
28.2107854311904 60.870255537375584
39.18600458601671 79.6493128348462
86.56514375969324 82.46863494012395
9.645066167055171 78.05431263528905
83.6549229687583 49.911584420616386
80.3593482903692 10.052084313029297
85.96379165271448 5.3932600606044545
23.166652015700386 60.66436672678064
41.1541319041586 43.0196135753826
66.18522610710217 53.681708989262745
93.13172242876614 80.54631392355826
33.98162212293312 55.93989990192979
89.39384026729233 31.03860110922485
99.53481785560702 12.627544717387762
24.218059081062705 73.19861420196732
81.13874763779893 63.750154606718255
39.04058049494653 94.15134293380221
12.081805872196494 4.427595413101204
38.72138076398649 72.92019077854025
25.10916604331538 83.13579022981823
79.09872760980036 33.48677101870092
89.68842910415599 73.83980598983314
60.469351900639055 97.69853170804575
72.13945302440025 86.40983104639545
99.35549652187727 1.6771451294089967
68.81869193794311 23.668770374366954
0.5385360246767723 99.61196642034221
32.85891810135971 32.04363184038448
58.44093702528218 91.25829606442866
23.31426761749198 28.303471283385086
30.50042490387125 94.17963371172728
89.5167295854283 25.38811494919272
13.679002152803454 26.670425514871177
34.72181245302068 79.50191423846753
53.13912059143274 35.6979098792523
82.52455960810737 34.26812959979683
33.108326179331804 8.867944963506202
95.37187784782427 57.578610013088
82.9972048191161 49.365769192764766
17.508103717735523 11.874337082905551
17.162782948678558 59.90149724099566
27.865239278502973 39.11330384614025
56.54465563728686 53.41172481287945
14.541387027623365 42.397974219766
12.287442334905574 72.84969744562662
60.80438708763759 6.682347547001455
18.598933749672973 26.758354197092004
83.20622471010996 69.20889862234536
37.199488698533465 59.36583850320164
6.092349799468377 12.44572707255589
6.400649517743629 27.54693855114796
52.006855465851444 78.48559012493425
28.073760570540564 32.3032481386999
99.70295177233687 95.9162799210164
99.16561698588768 38.71247716676617
52.402260236275865 75.79597979569535
2.262539479606729 62.61579380740727
42.02689499889223 62.73999825238017
70.3440560876992 35.43354904068793
35.15217628337187 84.01446918021483
73.35609518596499 35.33657216363492
43.28180214659548 82.98595156651581
25.17321747366903 50.175257321600576
10.772136205336647 7.998533901637805
29.387599837263455 71.1881232568514
15.829796844315458 56.61706493675748
82.59267802425391 27.214284186630188
56.52590225566152 23.517224573104233
51.499703451503734 7.717349891950597
73.61368241818607 59.28618041405975
41.10407363045658 72.67800539947851
63.03872318120657 28.435375133044715
76.65203643994167 10.094696247593637
5.039896039469449 59.270960254379354
98.02691560723716 35.01891680346243
88.38402885117999 42.630841628332576
75.58928571385243 47.01510658738185
27.158243946625348 54.953639186021164
