86
76.10535337515462 34.28043573085642
27.507465364475216 72.12981049135884
51.10277902100938 69.36867808037954
31.927129410447975 52.329630976291085
81.10875827509705 69.0352138292594
10.991319077373928 22.984554258496182
73.79498545105812 82.6898572034386
66.4027525900803 51.18808510972429
3.700003208004987 61.14386139227278
21.939479230488335 93.68500498283953
61.282310580449625 54.54635959173597
35.38317821076158 12.663365833364281
29.972499833674593 54.18441583032975
31.296643949652015 38.62768129163937
3.1474122716075303 72.14907226841385
44.44867888521169 0.9933772670773222
80.26513674089858 23.692509106560987
98.16239476362942 61.46569233260367
51.712018467771514 52.099606760493344
31.109867655608557 59.95026300162933
35.12446771540224 94.84212419255155
16.17980993612881 99.78370623638236
81.2321139769951 26.791119214346224
86.51062472277654 60.74379036424138
17.286083968087993 64.68866591178009
46.49199606087833 22.159638104023184
43.75118570408824 64.60757853463991
79.80840691196431 70.2941693332585
16.73770453193244 32.06544494137542
95.96014710577225 1.8988042082603185
44.06348742531663 43.03829607028865
17.992986608993576 4.86223651911406
35.570948850519315 84.41023235232169
80.82442365097965 35.29110219555975
82.2213609675683 82.23176125234208
18.65040188414061 15.674541441070799
53.76047571628387 59.52681797670715
70.88594622771525 45.444944108002716
64.67568073962617 53.42571749995605
60.27456198256207 87.41332477121617
57.77524850853548 55.4271175370186
73.73793448529743 75.23093386085623
20.0173019905614 49.76428150466039
41.74575711838459 49.34767474986995
93.89200143812141 35.76129725046114
45.34505407550545 58.81763583005933
80.92740364911887 23.87894247843356
95.53832657091044 99.49767941504369
97.90209752495964 30.339823586815818
36.91819633320602 75.08420948429728
78.60973477775713 28.59402020597691
89.4131251689149 26.21653985783684
9.716646627457004 95.05534533860562
31.240151538443527 55.85831159703027
63.76426001640743 57.38766575194444
14.517007612712963 87.5598734167191
84.91745651405549 77.50227634868983
0.17684304878784474 42.726060034551075
82.144190066689 79.30451682487283
89.09608575282465 75.27442756674066
18.647000320943064 48.0566158554959
93.71878257750767 70.93305928272542
86.9771943275076 82.79404836902837
58.521928572598384 12.708915364112439
59.604020017460044 22.80408701938529
59.12062525184461 2.4281277144424074
79.90195617687054 40.97399539000073
58.53015524497762 30.432081530466515
22.973978842044207 20.681248941512965
65.18560720604103 19.391893325328567
97.62550165824479 20.369588656520055
62.763680517361585 10.134152656484897
52.41940490087165 24.775516734311775
34.40275271700095 46.60446516716661
22.48581383277929 53.98859632252487
3.3181695525175914 17.700032596630056
34.036895453119875 2.1816225536512968
85.02132315538377 35.07679577256309
10.620712632981066 63.311772422578315
54.91553514492531 80.90804407780386
25.053412406329546 36.01056884892627
13.728168341615298 6.5099936104149325
66.39097166600236 31.15472667207271
86.61489488591018 59.29612998037238
18.376156280819878 42.87315477263897
40.75578410302809 6.220729998466245
