83
35.55678192316317 66.42017084967746
93.27607143156918 40.12395246887102
57.12346252809777 91.34023030486182
60.05607959181711 17.899318959726074
61.92571273517938 62.488381025462445
29.058291612855403 71.52113061605189
6.8679777674143345 61.88244566069228
71.91392190304168 38.40938407035704
6.252033590100936 76.24972781088172
85.12529271007939 12.954662700942032
8.120947496860865 82.64115513040514
79.0025143387005 72.71336331772658
21.16888096891163 97.71185399492592
50.65214742891422 98.09086887319502
60.27404347583898 89.68763646082087
9.047788551167478 76.28202116888056
62.90519000214761 69.13397202557398
77.38561023143055 5.587295180363694
2.877490826290474 34.5566029701777
85.87288484649932 36.33095159070208
70.92090053855125 48.27363784638573
56.46624240440964 47.207176190659915
7.012674612541292 31.107771181908795
99.04510630723247 98.93211573905181
75.14139913922408 56.25449241697875
40.798346131220974 21.039370348877394
86.89148548716253 46.541498763691905
87.18148516151084 0.14730999856453764
56.80316784417065 66.397676310861
32.03992675822005 12.363059030962386
15.039426905400777 10.865884114666159
84.87929013348813 64.64767995490342
60.747755815849835 48.20323348095289
87.5287831669799 44.38521435156469
89.74096737922358 54.09061993428301
15.416115498233163 84.0008607957483
26.07342696494017 31.950091021259198
72.0870111433971 7.159842870358856
99.30485733128674 31.12833792632085
36.563851556061024 82.5399473027857
42.12930426224407 33.134946639356876
83.76053676006129 92.51055905350313
78.45817633875983 71.46211084579946
64.29253458875809 16.35893383781556
50.667821712772664 13.689201154583163
51.54384993710721 93.64949203425597
2.180181207898324 33.41709320926298
25.11808083958901 56.004661844876516
21.064936780593357 30.16949066208937
42.658596045223085 67.75438528050708
61.92100803712531 0.6003726247497121
45.88125327711203 53.73019756358457
11.970691860105031 5.208355562990297
37.441648457276735 66.98219655387722
70.9258809741119 79.20503630886417
11.584753662049696 24.21080506589256
81.76635065883508 22.15676804049318
52.78905198906244 40.93393273540239
27.302842545075677 1.1775297531141926
43.59568702220891 68.45260897024687
62.93210287295861 83.3300278887194
52.30328142474604 85.61181041103838
79.39147924894927 87.8240199768407
1.9585716212628834 25.574074785846403
98.18816448785476 65.38432958758888
79.46568973111667 54.440503302999986
41.48751491644476 86.25209547608058
83.7649186819215 81.54840229459057
14.82372146223413 77.3463174516194
68.5552108840112 53.09226752125884
7.800759173638971 37.884239410024676
55.011251353329705 1.2171232767870688
89.17810859721196 1.7163395161743922
97.27762986232447 0.46800360765368865
39.5858924792583 10.510260950287076
4.6618387487767805 96.77146536899603
88.94225238670025 75.15870641043466
50.451950472097494 35.1704166713626
68.09620299056861 35.731558385144766
48.233738275108486 66.00062791450489
14.162899128170059 82.36842973392787
21.204628675723313 37.51516810845686
67.56049687771325 4.1095460803039945
