99
93.97736001496727 53.2641365992213
74.96716445598811 17.750200101674316
61.823785930036735 10.174037984539108
65.33559735617524 59.88854932398957
24.059118922089162 94.09666418325826
97.24090525966245 24.749422217450668
47.25159911356829 23.01363563496914
25.94184727473985 29.787245815011797
73.24067529039084 10.75051900263656
19.925236819173907 30.236240552105265
4.123327361256335 2.2483320510162663
57.19370353097533 94.9077434640949
82.73726393984184 42.87905747924919
65.50789802770768 35.058581112465504
6.762651540761699 3.6472418228254977
95.14041338950231 10.648767577457319
50.242479873243376 94.41077958066246
19.7900126991419 15.806354314189885
51.69303591936307 41.9731705830659
88.86309647656405 45.21987035022891
46.13332540832945 61.02528854441551
1.683401843829746 70.349187185168
30.736118806111477 93.978561886613
30.97763188675652 1.396124178925473
90.1293519758174 55.90869566524048
2.8179600575376273 28.419917541814165
81.17429756714995 17.197258409332672
15.348521041297714 61.939128603881066
39.57878132439823 5.868408300894945
79.76864285406636 90.39672484892755
63.75963314819854 70.0191492057235
63.611087032482274 19.51525413810453
21.38116422555023 55.86428866337456
79.99909559712086 4.547896137937801
25.28271243372825 10.587875013757797
64.18827009273383 92.86859797546275
68.67568870196054 11.749533521408528
19.378617740848835 6.6818721114456086
54.78372130190042 94.73167868381552
19.44426048958855 66.0806953182885
34.34969914035779 9.117842496333173
0.17225139271516143 11.21672548522492
61.423356294748935 68.58452194886257
98.78692805827318 11.665292567758446
95.93868166426175 51.50603241498942
13.2768976923068 86.01965851230662
72.22487995986369 72.84262431561763
87.87435730184957 84.73229265254886
42.294558762236235 7.521892363995375
83.95442102271855 61.439166671545934
82.04171205950023 81.57093297764435
21.386854815164458 12.672262080076779
6.43867809347729 44.2551840460756
88.01270694579237 16.050880336396744
2.615211030883191 81.18299508679873
82.40218072832593 81.39252335859759
71.83035859290386 72.59308029348755
48.51655711525431 2.246352888157699
42.3382969534792 73.44846853125327
27.511808197607056 85.57163003933633
55.781533523669516 54.52485515264019
31.341188533497554 83.77062087180742
89.71743499004319 12.3414405536016
86.90931825698655 73.30967262469659
80.38468945877077 76.28581900087701
8.609428371032868 24.60492660804595
82.46901436878275 72.99244126405085
16.794276406296493 63.65791109957183
78.04295450503771 11.06393126086025
87.55421246932373 85.1043799571627
47.39458510332465 50.74139863811463
74.55681381237544 86.97045833654064
14.261742659686561 96.53768449021008
99.84785110721636 89.02853453215842
60.42965115987214 93.29686158513721
47.95273121117711 77.38318723942818
89.4929283116135 97.71483728887343
33.349500088676955 46.78167923971181
57.979958792812994 29.957996403305152
39.66759369282726 4.476819462633797
13.663949965104749 16.605551340112545
54.697422601412406 41.72909111163252
36.78956472114238 80.56964422979121
69.63744119663548 99.5636982629649
6.897316479673076 80.89326537737523
43.36944105407776 52.23682195029462
97.93259401601469 50.59247839858799
81.02137557465856 57.11958845366127
85.4223762075334 12.471100635556464
73.86213611343831 89.43512663979337
41.456612113866534 28.72120480149245
28.84148091044404 2.5578049642942857
59.254942163678436 47.236852559229824
60.00435723615283 91.71103579372293
16.539654806565174 39.46569082287454
55.40758934594302 58.61257740390826
13.582738927809668 43.380074646238285
91.41394174942036 84.6809842941594
8.039623965143882 79.37650164897482
