97
87.74872933241375 15.949582097819338
33.39629971728109 52.869283054287074
43.60250224333749 63.33119688829745
20.694879544048273 1.7814666428889958
95.73494275706945 32.11698887837584
26.39710660010126 90.52994872489333
76.2695604832489 29.085128138672843
40.419891093883344 17.412429873231407
45.292212355965276 82.11815448354506
12.161730465780952 19.585221079620986
90.96817680119605 8.25974936143682
42.617034975707845 68.6900945848539
92.8409260837193 20.58964190528063
48.52251512823255 55.2790197850587
5.158987092075162 88.2615851957788
35.709523018959246 49.88745012042802
38.21074364757767 79.53453427520813
83.12035816971105 66.55832983824024
6.67208986163158 52.57002830811911
31.353521721410626 29.633707349448677
16.793659808736084 3.403897513662224
81.19793830563954 1.9660276357996387
94.56740415691124 56.509452570856936
68.06683196320489 94.1124179703824
63.47455708035079 51.48521113074611
20.533497912312647 85.1462953208028
86.94305069806764 2.520756892476428
0.5181484385872515 78.97551811049995
62.34943846261171 89.1082180957586
80.67200330397705 42.489347054367144
16.750645081080883 71.9408808294018
55.82850413576503 43.64950566926843
79.03640535540416 19.1078681723159
67.58838188281486 98.13204979591352
28.83947710974992 15.088249048032253
50.52656828494233 30.57093944084167
61.243777534647556 35.80397121728494
91.05690059266837 32.249708228944684
72.7922243033801 77.8766601733369
66.03819318193763 28.496288989498996
82.95853968994149 53.54562902209994
37.879860667115686 54.75230131313202
25.811093412286333 28.755322249938043
26.28143435865331 99.91362569038154
39.57228244376044 12.333649012307957
95.54273680743181 21.672475251742217
41.16563131671999 22.625575363206096
51.96893223689012 63.13738223844464
40.386793469116064 55.57770832868052
32.28371515449572 4.531960529093249
12.05129471479528 79.76761635042942
15.323965608743062 39.27504313258218
40.07791782578387 75.19917010923724
51.380456935384046 18.950255768544
51.281388925984096 61.90045905597946
85.15183171591785 8.143398658581546
26.5769686377907 77.2471293833867
17.201790608924117 42.213579088222396
32.6455997252643 76.67578435858579
61.042498678667826 45.76162785261002
60.13214332067264 6.077789848674242
35.0054392538217 58.03432082452182
22.050022772771317 9.872765286857554
81.12377543860357 78.7265150845428
56.30628448758067 34.88423512222012
86.56304147771606 39.911181647263724
5.461535850463173 76.71830746611587
60.371293120998125 25.451810363555417
18.634755545829417 94.9838162764183
17.176297196043333 70.76836231556273
28.666752004647 73.93376792117131
51.7378243172303 50.07258013832263
77.53436300312346 64.63567949789453
36.592233826425435 55.481199258140165
28.54546492677955 16.42186816781169
83.72377306191746 29.146086568738305
28.748772320452197 13.017422121168476
55.81094092377917 2.908673999571487
97.26850296994117 40.509587473915474
74.16386681640975 96.10593971848982
35.5989984596451 55.179110855262145
53.52575560144788 36.969499037011545
71.80687110023622 6.354698449507612
53.58382044782384 55.82910205054347
87.03613194163626 92.11633127677838
8.400821182332018 62.49329001903021
96.21365465747014 4.399207704733876
62.99325908911321 8.206099813560508
79.4626491746955 25.54632908072858
97.98769886606826 2.9146690533593422
61.88106552997053 67.50983065279141
18.66576734826043 61.385638977299294
28.63009572676477 39.003761338255806
95.7800796639527 61.09057837713073
56.02371500827436 18.06288736572944
35.51820198371559 99.3607879311428
43.19721696081231 11.34686828821636
