93
12.961977661184731 36.21034042275381
38.09083416684659 57.46020302535991
37.387392215441295 94.36838453876025
72.80910902829702 61.37876170170392
22.57428845876276 41.84452433855117
63.605866014700815 64.96147313817906
64.68564196599684 65.585466415885
8.911468534383648 11.493336729378312
23.88199284091477 77.53909629274666
30.104432677238467 91.74524075521762
32.967411100277886 27.753473788221903
53.448682794295166 73.23155967161964
47.521867787265556 33.81262814981412
89.84989137198252 66.95555186189921
36.39193677289606 46.3508515584627
95.04678560316543 58.405000008047935
30.40224685066629 78.21110868575705
53.85226789606294 78.4778789134146
34.12266964982824 39.52122502097761
32.67134620527569 82.4956634708827
64.45626454903119 49.6611731449693
9.17726882233827 21.2774761673151
79.3539161014048 60.249279128308466
73.81933839792558 41.009221863292865
69.20321162351627 43.09852272042165
46.364291877355704 41.11130627251245
96.89881015654294 82.0173937081885
23.711777303560154 69.1502933425503
73.13292073134633 74.61381560533832
68.35051233548803 94.55743021253285
99.47728033293669 72.34163303926489
69.13814383314887 13.121833727442045
88.06436984388264 90.24870804000943
4.850910053931601 48.77195248593307
26.724060494103686 15.664279712740136
82.23212012980025 20.403424528520464
37.30212392217358 4.771317692704469
66.1014258752042 6.7294154920681475
94.37181236561318 7.009072025370211
38.06190107060552 50.8731639637802
84.28766666451212 4.3268683579127725
63.03395520525849 76.96919235532012
86.43694676254789 73.73206459146276
35.45499648059543 25.081886628621895
76.59418166948788 16.975117003319284
36.07104521200887 98.81136132570224
32.005560572375344 83.89227650493476
70.0705076592611 42.239023942362394
17.329585930699665 11.15780392194301
36.13775475087968 36.736702800587786
26.997730949888087 48.512071667027165
17.972627543701904 40.99306125557934
4.029443209907646 21.15676891525081
71.03120743926009 36.57152125300599
47.09146103598149 11.956834742676703
62.204770140870046 43.31018793583421
52.76314533878664 36.31368496400085
61.74354778587209 42.76894514846358
56.73104464045039 64.55890970728728
39.44571494119816 96.4015074421076
51.12940319159268 51.978128761706685
82.86232376014024 4.904362933930417
97.77484008541771 96.0798860339927
8.316927003107388 70.18625291650726
93.90830791762833 85.48565816170178
52.295284058102595 0.5542865428500243
13.104256762091172 68.18179308832765
43.8651690401129 73.42999613499632
25.404808961915528 12.361126165560243
92.10485046956629 96.73850979412633
29.03347777894394 17.837799916671415
9.64945297452543 21.25416800380814
37.871322636182335 31.102980811947468
19.75553099185077 67.37067488864515
5.760327514660634 10.38046718303013
12.59939960321651 97.30890623874487
6.955754874444331 7.064323593310428
97.67170834223906 89.20883199430266
84.12405928531888 68.29519174142125
8.251739813398729 51.41544490106038
10.26427763107417 26.960295421762616
59.652453056800226 24.175564415070006
72.46233221277129 57.72155101178078
3.4169269132671043 61.43446411761223
3.125828903916994 37.48920548733263
14.252148096514205 57.37211731380869
42.94797233618615 47.9865960969028
2.047515657263821 94.27249544670218
29.680463231818333 24.280653679073627
16.434954782481725 0.38448538829511936
69.43666467777578 66.16834204440079
84.57538512683898 3.6851009734741313
12.469494816999893 9.79442427115268
