96
57.140876082735936 69.24349943948532
12.81781263368954 64.5837798115015
29.80009155430048 4.135613583585829
76.54886820318218 43.01601042906219
53.38557772305277 22.32239208394493
27.343738271331997 94.84415866863012
35.67866787111045 14.788982036377462
31.97716729367288 8.444925331112408
11.69617521458164 15.64431531941386
56.617260961998554 45.57671862967697
99.23553088339305 38.14547710344953
70.29335271402373 93.35253155091482
40.40641056369755 11.49498582279912
35.1715756405819 84.82327976316554
48.690590172688474 27.973523961644897
49.889594518051574 28.332035299651693
46.74999779855988 79.41014501792816
18.30828372797476 96.96141238132824
23.149854225112378 17.88983600826628
85.0575309579981 12.57002973934842
42.45996965376748 34.01220996382111
24.684863598864336 35.80690167590874
47.11292035905876 50.25545938066273
39.892243467707054 76.7991228162101
14.889644423579185 23.396684223863385
48.7345449369987 31.056133938654774
21.161269126143456 8.560292613549015
12.897816592148992 18.12667373945874
63.76572875452338 82.43939780224918
91.19476171009946 28.977670766262577
76.5827721867591 6.462048319639058
41.498238743746974 65.86279615126988
73.60852192224215 12.403427332228134
51.705496605459146 41.91454777562596
73.82916690723113 80.76296823959686
34.06450137997987 50.43402839370543
67.30904410883136 58.95585624550641
90.075763584316 18.73004435930037
66.39070348372019 81.1458429475782
24.678827770768685 20.31312953555634
62.617076204422354 83.64997934190505
71.85803357379167 12.363367947604731
1.5337844044370996 81.28119572587569
8.209731954627264 32.185897864331345
38.71543688535013 97.29015653428658
13.547274333887238 80.1985718012581
36.40289293004139 64.61319018436788
79.08127788164721 37.91611295354633
83.93065102323798 24.055695057935967
11.734520508791812 8.591796772982285
90.24347164662862 48.086888321155264
74.92136669687712 12.351667767325925
25.693422562267642 95.46354094805982
15.028698922291195 1.51073112104817
67.25286979222436 55.25001755692331
70.19415994872993 33.03805129631713
28.912490483649922 16.06477891153183
39.69533199539919 64.43673599496064
73.07141198390734 11.931703527070404
27.816600797163904 80.9372504571062
7.330978969931556 30.516881932455842
79.52762577417603 77.23134387520363
46.71932100216526 95.40729199386436
22.449907479159325 67.34824176624541
82.63076569939247 78.03070247641722
47.83123177319945 31.62349688873032
31.310716993627697 2.2890269690403087
35.080700565916345 97.40757282464963
24.177791723479746 1.8784656968957925
56.80451118024744 23.457801902897724
50.24663354072754 40.331779021448746
66.04916507062619 24.77011998426625
6.488028719721662 12.426298625952892
81.26684690650801 24.562406316284992
26.994209530372203 33.56017053392978
20.925425293285638 83.54093602030956
80.90641167704872 96.92797006344078
12.961040411175361 96.46488729056149
10.512683794635102 93.76381473577663
95.70612269943983 24.528002421228624
79.98940363916479 6.1173404516762115
34.332288109076444 94.05014897542485
88.05703112485791 98.30837063556248
37.437846803955196 19.321244984588404
58.540041175762255 96.20399605445546
99.40301034685471 94.53335728704133
87.9390372394198 48.17781710974312
71.00020868703398 75.47404778087702
65.11138581106144 69.15165560795168
27.417792964177224 18.26884799546886
31.23488327526387 49.44963924263379
36.041172314230316 95.85926241071896
24.962456471236628 90.73904056211123
9.223890218116736 73.00001604468473
7.384018191744635 91.73037078235541
67.83854988440852 0.0059303382681119565
