95
67.2804843941586 29.78707719750171
11.81233585321042 45.847201867466126
16.107956538862233 22.0094871576752
59.55855192530007 57.39054337607662
30.073338406581087 38.789962853037565
53.00722094350303 12.228059753533104
64.25767944849521 40.42498513313001
47.89765794710126 67.95147557763322
56.376685889855004 22.036587033364906
12.438087939054398 46.84972757883779
12.589739027470358 2.7969710716646112
2.3950813062650345 49.32351571603773
50.540248697620825 41.97737409160458
12.942658850586387 61.21616738087886
3.9195549556885534 87.60100196722092
15.410632681039537 99.29050544659587
49.43348835130566 52.78994775560781
95.98277659616666 40.06814061610151
60.7656415402575 47.35933058513715
14.229497666148816 32.40940374504307
50.76853738419395 77.6479835780054
22.354761545842685 8.654379177034144
28.665737671724834 85.71990867708729
96.2786654297568 60.17305897932275
13.46935483085091 60.804855435089124
30.173085313958403 2.616404589965704
40.818922333600064 92.9432510647136
56.96522843401994 45.4747560955253
92.080413941724 5.183328848058455
18.259474524157827 90.36168901365654
65.61494457288597 44.93707823488292
96.12310222074136 45.45715769189885
65.68558672390398 37.00443046543871
63.70555684366281 7.528506221606812
4.289021691464656 82.28228760361438
93.54117186373378 79.61092747359237
24.044243695249722 69.81667222389709
54.70423591504571 78.16684988279829
27.72661952490626 52.53463976840229
77.41284485814653 92.6124591281185
59.6526791760138 34.45844913432854
72.63759140018477 1.2517021714893106
78.79779937954783 70.82065178650325
33.498904394714245 88.58315919181406
84.71379181077988 57.63589595344797
65.94838850488976 60.28324113148652
4.860483614412836 32.77140017688849
64.71864155639769 87.26924178022821
92.4087562121904 59.79358449238143
67.49821450006557 63.862692449022184
69.13945703205147 0.21930731548638338
14.589937635839334 2.8946724589000272
32.28466877601272 60.6901275626331
86.07416531097087 15.052459293469322
83.74941764200308 2.9161817450876537
57.50098721537801 60.87656415604471
38.36392143948084 28.94342192098002
87.83239648724177 11.376766654521441
69.10975132116532 93.2163798917215
9.98326094895081 65.55611811942939
10.322783393502565 85.74757999349029
39.124092196844586 84.59448205504742
79.26688789487017 36.57964438185915
6.977175414407311 30.31898024631787
53.01149023702951 70.28814155256568
89.60615141624201 80.2725359232228
77.92647391857211 25.992061034165083
63.112184189363916 9.567437064779117
12.588755985993828 18.215514515222665
98.60295577283111 64.27114941059182
45.688955717199086 81.60118053074736
62.466128078246506 36.56362054496884
23.031268667402504 61.08672674182737
12.126081551615286 53.202872047149505
95.69902071526111 77.6706410571764
12.496579694304621 5.842643810091175
2.141925082449414 86.77337993469366
24.043333759880813 33.18406046194736
24.829846551161605 36.94926006628668
25.17803045814031 78.04475925593037
8.280197505005182 77.66273266505681
1.3179228940595977 9.949207402281834
64.91187454349327 10.968243507133835
89.0216163140271 87.02059392284252
48.953452597546686 7.326570919192632
94.40081249218368 63.79304096404537
49.65661935985324 87.80539344351804
52.45785201376758 75.73523791314679
22.31943121039177 22.662329509388567
57.080655337276085 82.42790904960455
72.28987610256591 50.267494370918385
98.85878335077784 59.22843693950334
98.59109838337204 54.81478977318033
0.2385799581081982 71.46733478885842
99.40011996848197 8.464058338647352
