98
29.823344161691743 2.9673404739230524
23.976209214474654 11.329692989584295
4.762257441648321 68.8942711842077
2.8590981283834527 59.2427276237643
71.176044359622 50.90700562560281
45.58589258456948 0.02369359106588753
32.26985519509622 45.02165180918344
71.06382929392441 26.54878696756654
75.9382726880533 68.82301214760645
82.31788089890807 81.35501863307087
46.188939766322434 54.75981819378455
87.25261158787441 86.33601366921982
70.7552149376091 47.69728139649608
55.27641636450487 43.20322617532925
55.22390425837065 42.27638886855005
13.172345976092503 76.61005215382625
74.37830862579128 93.86267843304049
38.189571524777676 42.64143904832011
88.57439094181102 83.06764948737391
25.23972150480409 6.389729310605996
95.71575935755514 92.50779300156096
29.436611118558453 15.166042079436615
20.401377898223238 3.677566135853527
18.031233323194186 26.639146548099713
80.06314809569736 35.431759568200484
13.202975927459503 41.30667258351569
9.566266997658591 20.057893059218102
84.75235200381607 39.58352596547384
25.708791554520893 35.079594353392864
73.77961760634139 0.013717515180422524
81.09409838109511 4.862925231629289
1.5893334220094424 96.1192276931764
24.314656731718554 55.90614468682939
14.154982533119076 82.35920528381966
56.41524370924701 85.5539298130635
68.24951364229754 85.21307183442218
25.632388984280794 28.01839594198604
31.189909161316965 21.28638184201406
76.60147127773695 94.7243477516707
55.90698870272889 70.65137727023526
39.75332616453065 25.47471150791325
62.22690857076438 67.41671198130118
55.43454635857206 92.25470187759093
69.80604844717311 61.782701927111425
5.586331149886014 61.29785623328415
12.551448336430393 82.20746214904786
81.55808070192336 79.89357309783158
93.60871811919425 10.725175624601412
26.75142089604924 66.81931121910564
65.36475081622078 39.73543620136315
83.22480170701999 59.99302231539305
16.800595015408504 95.28291323443185
46.10656631597108 7.5319693945525845
0.5361030967058755 49.470658992901114
2.0658451955339885 66.53210516928782
41.22470488857631 74.47636776212235
63.91474827601491 6.7359851767879615
80.02063503768213 38.37413286415542
64.10734067142452 54.10951621559042
79.83503340798744 63.78799995734548
77.12386927477527 93.96233154467812
55.41934517499916 58.92891029970141
7.591374194546418 51.93743751786178
59.86823556905049 80.88117166143766
32.43263344066809 71.60768788994761
49.24253467569749 73.70353991504682
65.73656137258077 15.174909868223963
47.545847964398604 26.58457997546376
59.75944334501991 38.99075739979027
56.72753705279393 36.93266404292561
65.58428042270867 80.96167929954676
61.61090771841836 6.119676374026506
60.36015509093183 63.75674402403022
2.4655502705228205 1.6502456522499265
63.643624846945734 12.629460927937508
36.293907006210944 34.19095261367229
68.0901984838847 27.01388639501139
71.57725344940378 93.62996508443356
50.058624440716535 10.613712242034545
16.908472969315625 99.96971142985709
31.395764577637898 9.706268223230907
3.7793984573952 74.7277223646803
93.17151699226372 70.84801348157214
86.20568308408808 65.32737975827668
55.36372383681321 16.823675570290163
72.79092047446682 30.316643985386726
10.295048958996489 21.70940778684759
31.431201989670498 70.49537332124758
12.983381700663156 74.04370426707486
62.16818071962682 29.74615615498576
16.987633027202953 8.054235307564461
62.6948571576336 9.402124993244076
94.68112320049016 49.26558109201417
41.65283807323406 44.02633286131644
17.26689822945804 94.94375428897192
31.13930629225371 48.25730034996766
40.20903270693211 6.895875476687352
16.26076073503483 76.30855417798513
