94
74.58189707362264 51.208807271560495
63.04546144305764 42.233703948244724
99.48174387387316 18.837121061672857
90.72713850149552 40.417213194879466
99.89872150880407 33.67329521868408
78.65438163489995 19.389022963486568
3.4065660617565996 70.54770018871585
20.60584571725209 73.24375372043284
30.536516713425186 57.314757998285415
88.53173593193095 99.43939532179932
29.32904383572633 25.598061028089848
54.25465803186588 63.5706134748389
43.50725920538081 36.089803041297266
73.28546053171307 23.02046873255994
31.14201793481124 74.43178276934161
74.63120016262086 8.778045985070914
46.30687129067637 6.931471684136659
67.61417755898846 68.16984595611603
46.7700623842214 37.575904224179055
93.92780325628517 27.221060377733508
6.0880415724146815 36.42958329152538
43.181552381894484 14.779604968494054
85.01260980713695 87.15643278137685
5.676791451817776 95.64020144423841
85.26889485086886 53.82358185253581
8.566101155946694 85.34924127388133
70.08685049351664 68.89091062658986
2.822199746301546 44.1010929259138
49.27587728614036 52.11009683987752
29.73962455706034 98.9116207827808
82.03689819694794 42.74755851976442
57.88175047645312 61.04214826981017
54.881946513335954 1.4390007905243363
5.948382610526304 8.149351472004762
98.38530634829947 60.997205341200846
38.75249876456587 92.7357727249087
71.93115201800818 32.68638509106457
28.050249785401228 86.63034108711179
31.04474554035308 79.37356230801204
34.91007098181051 61.36969646009598
15.024415520792711 68.01857641569414
52.49793752645518 30.791297932589224
4.479614559850765 36.529756224497525
32.09238810456099 44.6135872353515
53.176869748892784 58.71265286276513
90.83502924808496 70.90440249358565
64.70320258664415 40.981368744890425
90.70682696042091 94.21165128908432
72.45623000020008 0.16968142602080682
9.727676746952952 94.0237191604264
8.322341354919793 99.4578188149498
48.15267405869956 28.368063166711387
60.61695588750755 0.017320491867212073
8.535662268144673 13.37752229541268
14.805603449392935 46.57164726803591
49.86652031574713 11.79207238523643
95.54881492173496 58.19934549847792
7.512789917221674 93.21579835943085
14.062649286820694 89.70780604710129
82.51498450506432 71.8028371959734
24.869761062056828 0.5087168902388917
79.49848696811547 24.570951264658035
98.71100410241537 61.98457929391565
61.35388514557574 61.989563734470956
21.092452089280357 89.36015999412945
89.39016539215177 29.902423286306924
46.72980657345369 85.8452319888935
60.15391451788395 35.63594421883719
29.208471220587683 78.46224345362891
63.822136519891174 15.884900725638628
85.5098024267523 27.923394488137788
71.52286258828103 42.347653974769294
50.72945697070262 66.31197002567887
69.70212336178254 4.044816834567588
86.4321193823973 64.60566763684378
4.602372634436591 22.68975963526576
38.79324009123445 21.419978192512403
8.546593249134881 41.935280184282576
52.02070613168141 13.796152207770218
48.81010960479657 25.736992969384175
37.23649945169393 3.4243722520416964
8.405978519715196 17.382547290790317
60.84708561476948 73.0835506870449
30.734843491080056 49.118225544184924
11.563384740112026 60.62732524052665
75.01790599070465 64.48345496147887
95.4470137042325 41.50109256092905
35.39645071247129 5.795880956436628
41.208300956857755 37.538084773735925
86.90845900405864 19.95926979492125
42.570327172459 55.604305810315765
65.1563174702865 60.47750243775138
61.52047769286044 22.47161915717628
70.66762367598012 6.333351431780054
