101
95.08609872010462 58.83920197489163
98.14488644721699 31.709989392823047
85.1090520637807 42.640377927848824
42.10877743603771 91.29223659177914
87.22679146562422 39.6270549814361
25.93988124949834 11.074244315617232
8.378357288769312 2.1085545196238398
51.01668350926075 6.663032824085013
45.11042362791016 91.20032157598251
8.591427015215702 46.44419073282048
66.12254805997209 91.63416073300273
23.310089116936183 50.974756047339845
71.00554431752889 93.81962280146627
64.13966739174785 17.050652377870634
83.20449521914594 82.78637346942908
90.36677300081675 53.647006478712115
29.525965001855493 69.542996937438
90.0671211039885 87.43410410584654
57.92223145691745 52.870521198279384
98.23289393530821 78.38020985056286
29.077719204587172 42.886787060163066
7.820758481441404 58.50370895956559
41.29599724099966 79.1568756433035
43.032966901676836 12.933194224912503
52.07702786236291 88.37565047203162
51.64891091509991 17.734586723786315
90.80240237509167 66.80096328692706
65.90424394979111 91.13364897922737
55.70627584783927 2.804134440231354
27.658349871101294 23.60457505137393
41.08233664346513 39.81796592941594
96.12085152286852 6.263397520316516
62.11270815375099 88.90787906299767
18.25183158419813 0.26812682006100985
83.10170342136666 22.607162214615386
56.517462729801515 29.65422879435492
67.0125256467388 60.49630614819016
51.644422217075025 51.68428178652673
93.92401579466944 10.30736940173449
58.936724285388706 38.83326353760423
50.8531368158681 88.45666948611714
41.06106821662392 73.7680215217664
11.83985334652694 88.67193283836274
94.5267621250701 14.685996390227773
17.521465688032755 64.25935715993268
55.96987140361629 17.477325283276922
30.272120044108163 40.78113544818112
38.81592963530791 1.083709976827485
22.34001888042765 11.676168998783986
67.52525592372137 90.02793102190697
70.5664652799102 17.77622074376558
49.64619061916491 73.86862874308999
37.22396620160116 17.707565324488595
72.78043965291138 99.95157098788464
51.57408521292955 81.01413782739756
63.508903076659884 94.73852463405609
52.12338349338337 83.99652018826407
97.76413360199389 85.40747974360237
12.859914903015756 32.436995271071936
73.09152012142725 10.839594396205033
74.67149607552366 1.5775725162551657
15.905374183795573 59.04092671745887
47.1283852294766 51.015877570927245
78.3193525022895 48.90833020716357
74.22822427360248 71.44863795273461
35.21459214775271 24.830280869058598
61.07250127135032 10.188028038420816
26.766248559124428 7.904399897386705
20.906048354696726 40.20273641292202
4.973344367685861 66.37328138472506
91.90694742046175 32.761826987420164
76.24883876567806 74.51429683539165
33.72058978556708 16.164797172884484
75.20279611387552 86.60753184367526
38.64907117351923 74.58951100647938
74.57031718146038 42.30491093417105
74.62712743346664 8.228251629200756
27.03359345646331 36.17838889392534
0.7347290753308977 8.997491638802158
53.89061932718957 41.299372963417454
25.684154843966812 69.71996017289544
91.58951740789114 21.272070568797098
36.05727399842662 62.125390463190875
73.12897237353052 48.253007873552676
23.640841459780205 53.26854474103197
20.976344111486366 46.84232680195116
57.29832536326217 14.905049091281608
42.88241015046722 57.84002354597105
96.03498202753168 77.05467904502773
12.493407954764946 28.906430487468036
92.78247815793257 56.71946585128502
12.602703772813106 49.413452700870174
64.97256694357661 93.8585541687608
75.38282474326425 32.993621594657455
3.510007879335808 33.472999046971786
13.141528866579655 54.867605176018344
99.19543556991522 35.18730167174574
1.212774536414063 24.117533582591445
2.6196871816596135 46.920728386505864
6.798402234925726 25.864654260903606
85.15879526625618 30.275607914731495
