92
85.80091748288726 53.615442395786985
83.48444141135353 89.66770123162406
72.5424600107999 97.23276037019045
45.337656735978605 27.344818778007074
63.28255679794228 8.680337314886321
71.42434273297961 77.59318412731542
86.9903863891717 2.396506892053041
3.0011417970963072 43.668478909321394
15.047447848460216 65.46806187622556
57.14568779966432 11.567137451924603
13.036445912814509 17.514987183396713
14.232019372992156 67.98571089039267
52.430950143507374 78.30849579050351
34.25532535517938 98.62056183167243
19.42513631081382 59.20069560978434
0.7911240486807358 52.78169466478918
63.34148250434591 91.71629015623536
20.884446607342788 33.64786708345876
59.53664441242529 50.475063344851414
4.0070224198858195 27.5530867253742
10.127397938980465 15.907158503840646
11.515673541543503 69.3145258762088
5.291133265932235 76.88446302889749
65.53065192899513 17.937838457400733
82.93471214170405 78.0493650749807
32.857116725298106 78.07777660171303
94.56948134546366 49.19572125707209
86.61671419178685 75.99022751999894
38.47690748546741 33.93646074471559
69.84491613847457 34.3720576773927
18.95645189336628 31.878015081691867
91.53202504590263 72.43741781639886
60.21080118175568 81.05902867892435
26.36640268829147 84.49586210239636
54.607860735454835 99.79035003070628
8.259755840430838 89.7513687661023
4.747536085706027 12.386073515880769
84.2586533426377 88.75235871065519
96.58261497890138 98.28612710497802
92.77964635449389 25.036958460722904
82.02425175396341 26.653918308801895
10.103632163963127 51.857072718453026
53.93530785544627 2.954168725802997
88.83633965578292 8.614246826726069
50.98400186902297 84.76474378254716
90.47101570102738 8.43946050632235
22.627123942198303 6.898168407812133
19.471099107495416 46.11202602017769
4.982821824890338 86.12358829795804
55.66755225042531 99.98649409188157
3.0837243820435956 82.00546141137866
10.017739840144458 79.82852055499154
40.30063546884991 22.98855218075189
75.75751662363056 66.08932330182216
83.28709826544547 34.207134096290304
20.30303478387131 91.60600750114864
98.89923061723385 94.97739783070946
99.06209155102026 75.57331961481157
21.881953188958313 91.74544533038463
10.636635062228573 35.004180936699925
25.20178609360899 39.70659137657091
1.3028010685121494 84.25263621694056
39.58699006307875 0.13147340481223235
2.611362957211405 6.512949311697181
73.905103576032 14.557718427275256
52.021735927369036 8.83789475190847
54.78835499269344 18.402360294166755
40.911449691727164 75.8674076696744
81.03241670496672 76.03478450732365
56.97791776694026 42.205092237293854
50.64918686588599 30.889424891897598
63.23917026673084 97.68246520096494
58.98436226874585 75.69605546167531
24.57603229655606 99.15420823566411
4.29090329159767 92.49586065904552
24.402503325352576 30.146388553454486
24.64040864795882 3.0432533057684896
49.259980739239026 11.250961516154078
37.52210577055413 37.17305984689372
65.28868020328824 17.405781850995062
8.673280469420408 50.85766517653949
92.5634349612974 47.1281616647493
54.08254412970931 19.27296752175678
65.90724385916123 25.681210901811134
18.614388052342136 4.328481928967487
81.72162833642892 89.31072346807477
53.01888384197002 8.056711231522362
56.55083378119174 62.38621857917077
99.21896855614821 59.79127295013803
44.00296206615113 99.11811437223092
42.410317755195884 37.71743703558984
39.16689676022671 27.279849790262478
