100
40.070813924703366 18.462791726263404
48.910564729694094 50.86066011598689
89.91006451055982 59.957882817820284
26.626122480698044 29.81170207393744
16.746703936417862 23.599691859747395
53.337196785804274 39.178868320047535
47.27792177019522 33.05025769998164
60.96640343827106 30.932226911740724
73.10548808023863 30.061173564597286
98.68975755476873 71.52921700460807
93.50719330072005 10.16543907981452
47.43512668438515 82.34640858014514
8.153627502457962 79.83850772094073
80.71859147155827 16.49179932998116
63.04996033036051 46.38215738595346
24.513493317948566 68.82539364474728
61.91093352441628 79.74588097669304
79.98293260618848 16.728657281910507
41.228634156036634 2.6143565675178615
89.24521972939962 68.9566109199341
38.86567104488218 31.09455035403745
37.40129155104776 4.375656642661352
30.62673975641771 60.970785986768625
82.76478834601994 32.75159782719057
0.16944074333938852 13.381572705757105
45.78753612372164 57.786012354631374
28.33193243192814 43.365241252516526
45.61862684233841 63.48586596469609
21.75394866903735 79.13869371469322
48.55510086133068 45.59751522808886
14.381108796686537 49.98881360422682
15.724172252154311 93.25380785455225
27.38717909575965 74.66539100760944
87.10857387909965 83.93733027225926
83.33678017737415 35.164509042929026
39.555887726489814 88.4274483541505
61.27938899075536 58.41228666867622
59.43115794527609 82.8411761786775
86.47352582347276 91.91969775741032
62.83418304519993 49.86021636531204
5.035533739046139 0.667775453272268
89.91973473191402 62.99427365305035
30.93327030298425 23.5224324671615
51.69020673807114 34.16721638947118
51.42184383149191 95.86426619215669
53.185658498056284 2.936083979944959
5.933048076661496 37.950537177037226
17.850354243328827 9.625488048400877
26.85873637291929 23.062875508176994
59.46038121094991 91.8369944706619
71.54945063788598 82.0927584458103
87.78917265580662 41.67357778182108
92.4713027812438 58.27176039774673
76.35782317333562 98.15341405020168
27.491979313396108 83.27292322319845
75.53976980509964 29.89438304869979
92.68449437542348 99.28846851450395
48.598667541344135 13.549633203544143
26.52537840434288 78.91520836538007
44.25586559672309 23.870556273237508
40.05241311202226 55.46972551537984
86.35651929257774 40.496230656571974
84.70068639513254 15.998231307593558
48.046623958584135 12.032918215734423
94.90744521836044 73.75924331862387
56.75925356509362 69.8623438941071
8.13980634455601 3.5296936047070515
48.04830778251101 62.45225370227304
48.7004089788131 14.826595396685304
97.6521071902891 4.157483392048333
75.13033369799987 55.86599250687401
50.36897800769621 26.2997877132623
75.06795631458519 70.5865082599029
23.087627890271822 64.34646683760708
42.652185001616246 3.644122387161275
88.17048358923526 11.192427204611477
79.00279598419408 38.619181305112505
99.03824779987764 96.76676397146018
78.27486967851284 80.28069107047061
13.294976445114548 68.23474946817991
78.93913224310587 42.66307658285279
32.49826141267621 4.768227549398629
66.59361733230091 75.84734157794267
45.3738726109937 83.71064497545117
0.8400314118718999 34.41241543345813
64.47201481475598 72.8452063154024
39.210097623958305 26.75783158277316
63.95597358544058 26.936195823287147
44.726777492714994 89.30295412224145
55.994037539749186 85.29231453150857
74.27337341521857 44.5665447290373
26.98064643459106 93.37994835844944
32.92551167115199 88.38036474015824
81.51894236344484 90.94477726197655
46.05400382544528 67.73286409470175
52.28824602487888 70.14847560189318
46.340005634224035 33.48335111367682
89.83042895257311 87.99830312817764
79.02652231899887 88.83091067249451
97.52244387533638 45.92667474865685
